geography code,total,M,F
E02002559,8842,4364,4478
E02002560,5997,2987,3010
E02002561,5741,2781,2960
E02002562,6066,3001,3065
E02002563,5463,2606,2857
E02002564,9502,4571,4931
E02002565,5450,2601,2849
E02002566,6918,3613,3305
E02002567,7254,3479,3775
E02002568,5905,2857,3048
E02002569,9095,4324,4771
E02002570,8213,4005,4208
E02002571,6516,3181,3335
E02002572,6312,3074,3238
E02002573,8290,4039,4251
E02004290,5981,2951,3030
E02004291,6787,3286,3501
E02004292,7916,3824,4092
E02004293,9379,4476,4903
E02004294,8484,4145,4339
E02004295,7537,3564,3973
E02004296,8033,3996,4037
E02004297,7900,3918,3982
E02004298,9703,4757,4946
E02004299,8474,4169,4305
E02004300,7686,3720,3966
E02004301,8894,4343,4551
E02004302,7747,3796,3951
E02004303,11457,5714,5743
E02004304,8892,4272,4620
E02004305,8640,4195,4445
E02004306,5789,2839,2950
E02004307,6570,3154,3416
E02004308,7819,4136,3683
E02004309,5902,2777,3125
E02004310,7962,3874,4088
E02004311,9108,4416,4692
E02004312,7549,3639,3910
E02004313,6684,3320,3364
E02004314,12248,6354,5894
E02004315,10184,5118,5066
E02004316,5683,2794,2889
E02004317,7663,3710,3953
E02004318,6099,2950,3149
E02004319,7474,3704,3770
E02004320,8956,4412,4544
E02004321,8345,4150,4195
E02004322,8490,3967,4523
E02004323,7906,3981,3925
E02004324,5732,2888,2844
E02004325,8722,4199,4523
E02004326,6190,3082,3108
E02004327,6374,3096,3278
E02004328,7337,3482,3855
E02004329,6772,3332,3440
E02004330,5944,2887,3057
E02004331,7085,3515,3570
E02004332,7278,3540,3738
E02004333,7181,3570,3611
E02004334,7370,3586,3784
E02004335,6289,3031,3258
E02004336,6876,3351,3525
E02004337,9106,4499,4607
E02004338,6761,3308,3453
E02004339,6879,3371,3508
E02004340,10363,5067,5296
E02004341,8417,4177,4240
E02004342,5967,2870,3097
E02004343,5527,2599,2928
E02004344,7034,3347,3687
E02004345,12759,6262,6497
E02004346,5241,2595,2646
E02004347,7040,3585,3455
E02004348,8063,3967,4096
E02004349,9228,4525,4703
E02004350,9614,4720,4894
E02004351,7025,3453,3572
E02004352,7566,3722,3844
E02004353,7549,3560,3989
E02004354,8755,4276,4479
E02004355,7257,3397,3860
E02002483,9084,4361,4723
E02002484,10316,5070,5246
E02002485,7835,3773,4062
E02002487,5357,2754,2603
E02002488,6110,2960,3150
E02002489,7927,3993,3934
E02002490,6079,2927,3152
E02002491,6559,3131,3428
E02002492,6684,3176,3508
E02002493,6458,3142,3316
E02002494,7750,3687,4063
E02006909,11869,5777,6092
E02002496,11646,6400,5246
E02002497,6268,2978,3290
E02002498,8584,4593,3991
E02002499,7516,3374,4142
E02002500,5919,2922,2997
E02002501,5346,2606,2740
E02002502,9615,4700,4915
E02002503,6515,3096,3419
E02002504,9711,4837,4874
E02002505,6254,2836,3418
E02002506,5932,2833,3099
E02002507,6027,2927,3100
E02002508,5074,2429,2645
E02002509,5583,2708,2875
E02002510,5712,2743,2969
E02002512,5305,2585,2720
E02002513,8844,4215,4629
E02002514,8967,4290,4677
E02006811,9594,4660,4934
E02005702,6554,3235,3319
E02005703,6766,3206,3560
E02005704,12408,6039,6369
E02005705,7509,3708,3801
E02005706,9620,4560,5060
E02005707,6897,3364,3533
E02005708,10450,5141,5309
E02005709,6860,3276,3584
E02005710,8431,4164,4267
E02005711,8341,3999,4342
E02005712,7030,3433,3597
E02005713,6677,3300,3377
E02005714,5380,2646,2734
E02005715,8633,4077,4556
E02005716,8783,4192,4591
E02005717,7805,3715,4090
E02005718,6617,3231,3386
E02005719,7617,3784,3833
E02005720,12092,6458,5634
E02005721,5180,2586,2594
E02005722,7115,3488,3627
E02005723,6281,2917,3364
E02005724,6146,3035,3111
E02005725,6516,3086,3430
E02005726,7708,3912,3796
E02005727,6398,3193,3205
E02005728,7102,3519,3583
E02005729,5620,2696,2924
E02005730,13097,6224,6873
E02005731,10853,5242,5611
E02005732,9052,4366,4686
E02005733,8136,4031,4105
E02005734,6308,3034,3274
E02005735,7940,3928,4012
E02005736,7555,3732,3823
E02005737,7227,3469,3758
E02005738,5067,2477,2590
E02005739,9464,4535,4929
E02005740,10275,5024,5251
E02005741,8518,4102,4416
E02002515,6810,3459,3351
E02002516,5734,2791,2943
E02002517,5380,2588,2792
E02002518,10723,5165,5558
E02002519,7045,3313,3732
E02002520,13176,6416,6760
E02002521,5958,2872,3086
E02002523,6514,3063,3451
E02002524,5394,2669,2725
E02002525,8357,4007,4350
E02002526,7454,3622,3832
E02002527,5177,2569,2608
E02002529,5736,2833,2903
E02002530,6519,3289,3230
E02002532,6261,3014,3247
E02002533,5758,2788,2970
E02002534,5758,2816,2942
E02006812,7353,3519,3834
E02006910,10070,4862,5208
E02002535,10032,4902,5130
E02002536,9595,4561,5034
E02002537,9013,4326,4687
E02002538,5989,2941,3048
E02002539,8793,4310,4483
E02002540,6286,3027,3259
E02002541,6301,3148,3153
E02002542,8341,4003,4338
E02002543,8255,3917,4338
E02002544,8594,4662,3932
E02002545,5395,2641,2754
E02002546,7739,3791,3948
E02002547,6343,3045,3298
E02002548,11233,5752,5481
E02002549,7844,3712,4132
E02002550,6398,3126,3272
E02002551,6531,3215,3316
E02002552,6814,3332,3482
E02002553,5891,2871,3020
E02002554,5505,2592,2913
E02002555,9928,4813,5115
E02002556,7160,3603,3557
E02002557,13885,6858,7027
E02002558,9745,4934,4811
E02001682,7853,3800,4053
E02001683,9134,4392,4742
E02001684,6867,3336,3531
E02001685,8256,3963,4293
E02001686,7099,3371,3728
E02001688,7726,3931,3795
E02001689,8243,4359,3884
E02001690,7579,3735,3844
E02001691,8327,4202,4125
E02001692,6414,3085,3329
E02001693,5613,2727,2886
E02001694,6565,3196,3369
E02001695,6345,3128,3217
E02001696,9399,4453,4946
E02001697,7823,3780,4043
E02001698,7272,3559,3713
E02001699,6980,3394,3586
E02001700,10606,5090,5516
E02001701,6320,3070,3250
E02001702,8055,3899,4156
E02001703,5702,2742,2960
E02001704,7156,3454,3702
E02001705,7045,3419,3626
E02001706,6653,3183,3470
E02001707,8367,4045,4322
E02006841,7487,3971,3516
E02006842,5328,2690,2638
E02001708,9735,4729,5006
E02001709,10237,4982,5255
E02001710,9826,4781,5045
E02001711,9703,4654,5049
E02001712,9924,4938,4986
E02001713,10492,5137,5355
E02001714,9817,4833,4984
E02001715,11323,5577,5746
E02001718,5655,2737,2918
E02001719,9339,4621,4718
E02001720,9726,5132,4594
E02001721,10261,4964,5297
E02001722,9667,4582,5085
E02001723,6368,2981,3387
E02001724,9211,4831,4380
E02001725,10336,5491,4845
E02001726,11839,5703,6136
E02001727,8530,4210,4320
E02001728,9734,4695,5039
E02001729,12296,6834,5462
E02001730,12926,6833,6093
E02001731,12281,6665,5616
E02001732,5031,2449,2582
E02001733,11885,5929,5956
E02001734,7663,3706,3957
E02001735,6614,3063,3551
E02001736,12990,6923,6067
E02001737,6054,3095,2959
E02006893,10714,5151,5563
E02001738,5625,2746,2879
E02001739,7508,3669,3839
E02001740,5789,2838,2951
E02001741,6967,3289,3678
E02001742,6037,2824,3213
E02001743,7569,3774,3795
E02001744,6531,3113,3418
E02001745,6357,3037,3320
E02001746,8334,3993,4341
E02001747,6180,2993,3187
E02001748,7532,3608,3924
E02001749,6161,3007,3154
E02001750,6636,3158,3478
E02001751,6039,2873,3166
E02001752,6281,2964,3317
E02001753,6304,3029,3275
E02001754,6025,2900,3125
E02001755,7985,3878,4107
E02001756,9258,4419,4839
E02001757,5918,2800,3118
E02001758,5599,2622,2977
E02001759,6294,3125,3169
E02001760,7775,3662,4113
E02001761,5397,2579,2818
E02001762,5588,2764,2824
E02001763,6307,3052,3255
E02001764,7559,3855,3704
E02001765,7281,3481,3800
E02001766,6927,3467,3460
E02001767,7038,3364,3674
E02001768,8446,4183,4263
E02001769,7396,3828,3568
E02001770,6552,3306,3246
E02001771,6405,2996,3409
E02001772,5412,2616,2796
E02001773,5457,2588,2869
E02001774,5495,2724,2771
E02001775,5637,2703,2934
E02001776,8387,4082,4305
E02001777,6330,3095,3235
E02001778,6152,3007,3145
E02001779,5449,2663,2786
E02001780,5194,2430,2764
E02001781,5419,2577,2842
E02001782,8656,4106,4550
E02001783,6679,3098,3581
E02001784,6837,3249,3588
E02001785,7902,3753,4149
E02001786,7015,3385,3630
E02001787,5623,2686,2937
E02001788,5899,2901,2998
E02001789,5829,2767,3062
E02001790,5956,2817,3139
E02001791,5788,2789,2999
E02001792,7133,3403,3730
E02001793,8383,3934,4449
E02001794,8674,4073,4601
E02001795,7585,3672,3913
E02001796,9277,4680,4597
E02001797,5851,2908,2943
E02001798,8260,3971,4289
E02001799,10004,4737,5267
E02001800,7275,3534,3741
E02001801,6623,3281,3342
E02001802,6302,2916,3386
E02001803,8644,4735,3909
E02001804,6457,3154,3303
E02001805,5858,2826,3032
E02001806,8565,4401,4164
E02001807,7297,3526,3771
E02001808,6058,2996,3062
E02001809,6559,3190,3369
E02001810,8582,4264,4318
E02001811,9184,4352,4832
E02001812,10468,5163,5305
E02001813,10093,4813,5280
E02001814,6407,3110,3297
E02001815,10328,5053,5275
E02001816,6913,3176,3737
E02001817,6290,3014,3276
E02001818,8435,4035,4400
E02001819,6941,3379,3562
E02001820,8528,4172,4356
E02001821,5948,2869,3079
E02001822,7597,3729,3868
E02001823,7129,3455,3674
E02001824,8406,4036,4370
E02001825,7065,3416,3649
E02001826,6599,3191,3408
E02002615,9298,4559,4739
E02002616,8617,4262,4355
E02002617,8913,4459,4454
E02002618,7543,3761,3782
E02002619,8784,4516,4268
E02002620,8465,4451,4014
E02002621,8381,4262,4119
E02002622,10137,5101,5036
E02002623,10066,5023,5043
E02002624,8121,4006,4115
E02002625,9930,4839,5091
E02002626,7216,3489,3727
E02002627,7703,3900,3803
E02002628,7056,3407,3649
E02002629,5783,2828,2955
E02002630,6106,3040,3066
E02002631,9101,4554,4547
E02002632,6269,3090,3179
E02002633,7808,3660,4148
E02002634,8256,3955,4301
E02002635,7996,3881,4115
E02002636,8374,3979,4395
E02002637,6189,3018,3171
E02002638,6406,3578,2828
E02002639,5770,2803,2967
E02002640,7317,3712,3605
E02002641,8268,3903,4365
E02002642,7081,3836,3245
E02002643,7502,3720,3782
E02002644,8035,3886,4149
E02002645,5777,3147,2630
E02002646,7102,3398,3704
E02002647,8203,3994,4209
E02002648,7329,3525,3804
E02002649,8587,4204,4383
E02002650,7983,3744,4239
E02002651,8082,3832,4250
E02003811,5893,2941,2952
E02003812,5605,2699,2906
E02003813,6248,3086,3162
E02003814,7347,3628,3719
E02003815,6818,3391,3427
E02003816,6823,3371,3452
E02003817,7029,3426,3603
E02003818,5812,2854,2958
E02003819,5748,2753,2995
E02003820,6792,3379,3413
E02003821,5436,2649,2787
E02003822,10634,5286,5348
E02003823,6525,3136,3389
E02003824,5250,2582,2668
E02003825,6800,3479,3321
E02003826,7513,3627,3886
E02003827,8707,4307,4400
E02003828,6713,3259,3454
E02003829,6436,3156,3280
E02003830,7294,3606,3688
E02003831,9062,4419,4643
E02003832,6008,3121,2887
E02003833,6374,3107,3267
E02003834,6737,3399,3338
E02003835,7853,3893,3960
E02003836,6898,3298,3600
E02003837,12035,6018,6017
E02003838,6104,2962,3142
E02003839,7066,3395,3671
E02003840,10043,4965,5078
E02003853,5688,2805,2883
E02003854,6402,3082,3320
E02003855,6614,3215,3399
E02003856,10241,5039,5202
E02003857,6396,3181,3215
E02003858,6605,3204,3401
E02003859,11807,5640,6167
E02003860,6990,3413,3577
E02003861,6418,3088,3330
E02003862,5128,2420,2708
E02003863,6773,3269,3504
E02003864,8026,3853,4173
E02003865,7593,3741,3852
E02003866,5961,2961,3000
E02003867,7544,3649,3895
E02003868,8257,4049,4208
E02003869,7020,3458,3562
E02003870,10288,5098,5190
E02003871,6996,3381,3615
E02003872,9657,4738,4919
E02003873,6120,2933,3187
E02003794,8609,4271,4338
E02003795,5595,2730,2865
E02003796,7178,3402,3776
E02003797,9547,4607,4940
E02003798,6060,2877,3183
E02003799,7039,3421,3618
E02003800,6273,3025,3248
E02003801,7019,3426,3593
E02003802,8051,4179,3872
E02003803,8909,4138,4771
E02003804,6773,3312,3461
E02003805,6195,2978,3217
E02003806,5942,2884,3058
E02003807,8181,3912,4269
E02003808,6419,3157,3262
E02003809,7496,3652,3844
E02003810,7973,3871,4102
E02003841,7636,3641,3995
E02003842,5332,2592,2740
E02003843,5852,2852,3000
E02003844,6772,3269,3503
E02003845,8128,3929,4199
E02003846,6781,3192,3589
E02003847,9625,4782,4843
E02003848,5113,2465,2648
E02003849,6855,3371,3484
E02003850,5351,2593,2758
E02003851,5891,2886,3005
E02003852,6870,3420,3450
E02003874,9077,4335,4742
E02003875,6414,3264,3150
E02003876,5614,2702,2912
E02003877,9214,4492,4722
E02003878,8009,4003,4006
E02003879,6270,3089,3181
E02003880,6391,3101,3290
E02003881,6069,3022,3047
E02003882,9513,4711,4802
E02003883,9893,4824,5069
E02003884,7897,3878,4019
E02003885,5646,2801,2845
E02003886,6647,3211,3436
E02003887,6137,3009,3128
E02003888,6124,2987,3137
E02003889,5643,2669,2974
E02003890,5930,2874,3056
E02003891,5655,2780,2875
E02002574,7137,3520,3617
E02002575,9666,4875,4791
E02002576,7369,3621,3748
E02002577,7495,3579,3916
E02002578,7725,3695,4030
E02002579,7805,3672,4133
E02002580,7512,3689,3823
E02002581,7353,3577,3776
E02002582,8192,4089,4103
E02002583,6851,3418,3433
E02002584,7460,3584,3876
E02002585,10492,5247,5245
E02002586,9816,4747,5069
E02002587,6925,3327,3598
E02002588,7500,3568,3932
E02002589,6448,3160,3288
E02002590,7215,4042,3173
E02002591,6435,3080,3355
E02002592,6348,3095,3253
E02002593,5236,2617,2619
E02002594,5465,2727,2738
E02002595,7920,3804,4116
E02002596,8503,4140,4363
E02002597,9001,4389,4612
E02002598,7690,3853,3837
E02002599,10910,5408,5502
E02002600,9183,4536,4647
E02002601,7931,3880,4051
E02002602,7345,3671,3674
E02002603,7156,3553,3603
E02002604,7693,3784,3909
E02002605,9234,4532,4702
E02002606,10174,5218,4956
E02002607,9964,5100,4864
E02002608,8543,4058,4485
E02002609,8134,4089,4045
E02002610,12350,6031,6319
E02002611,7952,3844,4108
E02002612,9352,4568,4784
E02002613,6398,3293,3105
E02002614,6096,2988,3108
E02003965,10902,5232,5670
E02003966,7063,3557,3506
E02003967,8285,4128,4157
E02003968,8619,4278,4341
E02003969,6690,3253,3437
E02003970,7750,3804,3946
E02003971,8021,3945,4076
E02003972,9232,4623,4609
E02003973,8751,4327,4424
E02003974,7796,3728,4068
E02003975,6455,3150,3305
E02003976,6858,3346,3512
E02003977,6407,3185,3222
E02003978,5935,2927,3008
E02003979,7709,3762,3947
E02003980,6705,3382,3323
E02003981,6829,3360,3469
E02003982,7594,3732,3862
E02003983,7733,3809,3924
E02003984,6908,3451,3457
E02003985,6679,3256,3423
E02003986,6588,3321,3267
E02003987,6056,3061,2995
E02003988,6629,3239,3390
E02003989,7609,3692,3917
E02003990,9757,4718,5039
E02003991,7721,3756,3965
E02003992,8594,4284,4310
E02003993,8582,4180,4402
E02003994,7515,3639,3876
E02003995,9494,4591,4903
E02003996,9698,4846,4852
E02003997,9581,4572,5009
E02003998,6908,3315,3593
E02003999,9380,4585,4795
E02004000,5506,2688,2818
E02004001,5612,2899,2713
E02004002,10332,5130,5202
E02004003,12019,6027,5992
E02004004,9398,4616,4782
E02004005,8194,4067,4127
E02004006,9044,4619,4425
E02004007,10498,5430,5068
E02004008,6394,3201,3193
E02004009,6078,3060,3018
E02004010,7119,3484,3635
E02004011,9815,4761,5054
E02004012,5666,2820,2846
E02004013,9903,4942,4961
E02004014,7589,3765,3824
E02004015,6494,3149,3345
E02004016,8401,4138,4263
E02004017,8391,4089,4302
E02004018,8147,4011,4136
E02004019,7993,3910,4083
E02004020,8283,3990,4293
E02004021,5276,2644,2632
E02004022,5575,2785,2790
E02004023,6245,3064,3181
E02004024,7185,3485,3700
E02004025,8073,3870,4203
E02004026,8022,3896,4126
E02004027,7814,3700,4114
E02004028,7759,3791,3968
E02000984,7782,3882,3900
E02000985,7569,3674,3895
E02000986,8365,4104,4261
E02000987,7195,3416,3779
E02000988,8407,4136,4271
E02000989,8242,3962,4280
E02000990,7636,3790,3846
E02000991,7682,3780,3902
E02000992,5781,2854,2927
E02000993,7142,3431,3711
E02000994,7914,3942,3972
E02000995,8163,3952,4211
E02000996,7869,3775,4094
E02000997,5676,2791,2885
E02000998,8613,4410,4203
E02000999,7435,3903,3532
E02001000,9145,4555,4590
E02001001,8101,4068,4033
E02001002,9445,4558,4887
E02001003,7277,3628,3649
E02001004,8240,4275,3965
E02001005,7937,4056,3881
E02001006,7709,3921,3788
E02001007,10271,5048,5223
E02001008,8140,3979,4161
E02001009,6689,3271,3418
E02001010,5867,2915,2952
E02001011,9855,4925,4930
E02001012,7833,3831,4002
E02001013,6029,2925,3104
E02001014,8168,4009,4159
E02001015,7913,3861,4052
E02001016,8243,3998,4245
E02001017,10849,5295,5554
E02001018,7604,3740,3864
E02001019,8967,4510,4457
E02001020,5933,2830,3103
E02001021,7806,3811,3995
E02001022,7860,3822,4038
E02001023,5833,2819,3014
E02001024,8083,3984,4099
E02001025,7608,3735,3873
E02001026,8964,4536,4428
E02001027,6787,3330,3457
E02001028,7430,3602,3828
E02001029,6974,3492,3482
E02001030,5817,2835,2982
E02001031,6464,3160,3304
E02001032,7552,3683,3869
E02001033,5613,2741,2872
E02001034,7766,3828,3938
E02001035,7200,3541,3659
E02001036,7253,3548,3705
E02001037,7118,3425,3693
E02001038,5568,2620,2948
E02001039,8174,3880,4294
E02001040,6020,3006,3014
E02001041,7616,3686,3930
E02001042,6193,3135,3058
E02001043,5468,2561,2907
E02001044,8993,4468,4525
E02001045,7927,3663,4264
E02001046,9390,4546,4844
E02001047,9870,4831,5039
E02001048,8473,4247,4226
E02001049,9633,4609,5024
E02001050,7166,3673,3493
E02001051,8038,3947,4091
E02001052,12771,6618,6153
E02001053,10042,5035,5007
E02001055,8601,4176,4425
E02001056,8169,3906,4263
E02001057,8107,4347,3760
E02001059,9802,4926,4876
E02001061,9002,4415,4587
E02001062,9958,5172,4786
E02001063,10560,5480,5080
E02001064,9127,4552,4575
E02001065,8679,4356,4323
E02001066,11925,6225,5700
E02001067,9514,4696,4818
E02001068,9667,4599,5068
E02001069,10996,5852,5144
E02001070,11895,5986,5909
E02001071,13251,6866,6385
E02001072,8606,4487,4119
E02001073,9688,4946,4742
E02001074,11579,5692,5887
E02001075,8272,4283,3989
E02001076,11579,5732,5847
E02001077,7750,3739,4011
E02001078,10474,5148,5326
E02001079,8982,4359,4623
E02001080,9532,4749,4783
E02001081,6213,2926,3287
E02001082,6792,3491,3301
E02001083,7924,4020,3904
E02001084,8620,4423,4197
E02001085,8241,3849,4392
E02001086,6594,3196,3398
E02001087,9467,4663,4804
E02001088,8891,4305,4586
E02001089,8017,3960,4057
E02001090,6686,3297,3389
E02001091,8157,3906,4251
E02001092,8506,4210,4296
E02001093,9207,4450,4757
E02001094,9001,4197,4804
E02001095,8303,3946,4357
E02001096,7395,3590,3805
E02001097,8054,3869,4185
E02006902,6061,3339,2722
E02006912,8827,4856,3971
E02006913,6679,3579,3100
E02006914,6935,3775,3160
E02006915,8720,4712,4008
E02006916,5749,3219,2530
E02006917,5063,2987,2076
E02001098,6063,2920,3143
E02001099,6041,2881,3160
E02001100,6115,2946,3169
E02001101,5976,2919,3057
E02001102,6114,3023,3091
E02001103,5541,2737,2804
E02001104,6939,3364,3575
E02001105,5997,2923,3074
E02001106,6043,2911,3132
E02001107,6150,3019,3131
E02001108,5082,2454,2628
E02001109,7314,3620,3694
E02001110,6244,3112,3132
E02001111,6679,3342,3337
E02001112,5938,2994,2944
E02001113,9536,4814,4722
E02001114,8150,3992,4158
E02001115,5956,2924,3032
E02001116,6462,3202,3260
E02001117,5906,2887,3019
E02001118,6259,3005,3254
E02001119,10850,5347,5503
E02001121,6519,3281,3238
E02001123,6449,3081,3368
E02001124,5739,2740,2999
E02001125,8038,3984,4054
E02001126,7465,3632,3833
E02001127,7080,3338,3742
E02001128,7460,3600,3860
E02001129,5801,2799,3002
E02001130,5778,2769,3009
E02001131,5304,2578,2726
E02006860,13909,7017,6892
E02001132,6463,3159,3304
E02001133,6175,3043,3132
E02001134,6271,3038,3233
E02001135,7607,3697,3910
E02001136,9189,4574,4615
E02001137,6198,3055,3143
E02001138,8945,4343,4602
E02001139,9257,4668,4589
E02001140,7564,3632,3932
E02001141,12440,6453,5987
E02001142,5925,2894,3031
E02001143,10636,5199,5437
E02001144,6135,3014,3121
E02001145,7109,3478,3631
E02001146,9132,4558,4574
E02001147,9047,4383,4664
E02001148,10016,4756,5260
E02001149,9683,4722,4961
E02001150,8490,4087,4403
E02001151,9414,4572,4842
E02001152,9098,4407,4691
E02001153,9998,4735,5263
E02001154,10226,5065,5161
E02001155,6965,3453,3512
E02001156,9716,4657,5059
E02001157,7247,3475,3772
E02001158,5934,2885,3049
E02001159,5713,2784,2929
E02001160,6208,2941,3267
E02001161,5848,2807,3041
E02001162,5808,2908,2900
E02001163,9310,4550,4760
E02001164,7114,3941,3173
E02001165,6147,2955,3192
E02001166,6997,3475,3522
E02001167,6354,3019,3335
E02001168,9406,4545,4861
E02001169,10546,5209,5337
E02001170,9692,4724,4968
E02001171,5594,2706,2888
E02001172,11945,6075,5870
E02001173,8362,4216,4146
E02001174,5640,2794,2846
E02001175,6938,3346,3592
E02001176,10930,5491,5439
E02001177,11657,5636,6021
E02001178,10658,6004,4654
E02001179,5799,2988,2811
E02001180,5878,3122,2756
E02001181,5690,2819,2871
E02001182,6003,3016,2987
E02001183,6044,2958,3086
E02001184,10404,5601,4803
E02001185,10104,4899,5205
E02001186,9963,4893,5070
E02001187,7188,3427,3761
E02001188,7941,3853,4088
E02001189,8382,4059,4323
E02001190,6686,3278,3408
E02001191,5841,2933,2908
E02001192,6446,3249,3197
E02001193,6099,3056,3043
E02001194,5886,2904,2982
E02001195,7449,3642,3807
E02001196,7547,3689,3858
E02001197,6225,2979,3246
E02001198,7545,3649,3896
E02001199,7806,3824,3982
E02001200,6421,3447,2974
E02001201,5784,2833,2951
E02001202,6094,3011,3083
E02001203,5796,2841,2955
E02001204,8938,4334,4604
E02001205,7783,3908,3875
E02001206,7003,3298,3705
E02001207,7013,3486,3527
E02001208,7222,3437,3785
E02001209,7734,3782,3952
E02001210,6901,3319,3582
E02001211,6010,2864,3146
E02001212,6492,3185,3307
E02001213,9129,4496,4633
E02001214,7452,3609,3843
E02001215,5804,2785,3019
E02001216,7310,3571,3739
E02001217,6581,3188,3393
E02001218,5860,2842,3018
E02001219,5455,2644,2811
E02001220,5536,2688,2848
E02001221,6003,2925,3078
E02001222,6206,3044,3162
E02001223,6893,3343,3550
E02001224,5816,2831,2985
E02001225,7078,3440,3638
E02001226,6810,3353,3457
E02001227,5699,2755,2944
E02001228,5411,2599,2812
E02001229,9731,4759,4972
E02001230,6147,3044,3103
E02001231,7150,3528,3622
E02001232,8211,4021,4190
E02001233,7541,3657,3884
E02001234,7615,3699,3916
E02001235,6559,3353,3206
E02001236,5734,2806,2928
E02001237,6855,3306,3549
E02001238,7773,3800,3973
E02001239,9077,4335,4742
E02001240,6184,3047,3137
E02001241,9483,4937,4546
E02001242,5707,2770,2937
E02001243,7872,4015,3857
E02001244,5511,2732,2779
E02001245,7848,3884,3964
E02001246,7289,3576,3713
E02001247,6926,3397,3529
E02001248,10258,5072,5186
E02001249,6269,3070,3199
E02001250,6514,3164,3350
E02001251,6021,2966,3055
E02001252,7491,3629,3862
E02001253,5189,2481,2708
E02001254,5823,2803,3020
E02001255,6071,2953,3118
E02001256,10137,4992,5145
E02001257,9106,4385,4721
E02001258,7232,3469,3763
E02001259,10177,5135,5042
E02001260,7632,3689,3943
E02001261,8277,4168,4109
E02001262,8461,4127,4334
E02001263,8054,3974,4080
E02001264,8149,3897,4252
E02001265,8108,3941,4167
E02001266,6649,3261,3388
E02001267,7422,3594,3828
E02001268,7196,3458,3738
E02001269,8266,4096,4170
E02001270,7861,3912,3949
E02001271,6547,3176,3371
E02001272,7850,3913,3937
E02001273,8882,4442,4440
E02001274,7874,3834,4040
E02001275,8395,3976,4419
E02001276,7931,3804,4127
E02001277,8823,4267,4556
E02001278,8117,4067,4050
E02001279,8426,4245,4181
E02001280,8268,3915,4353
E02001281,7753,3795,3958
E02001282,9008,4504,4504
E02001283,8645,4246,4399
E02001284,8082,3954,4128
E02001285,7831,3802,4029
E02001286,7894,3767,4127
E02001287,5685,2802,2883
E02001288,7547,3697,3850
E02001289,10082,5035,5047
E02001290,6086,2979,3107
E02001291,7675,3755,3920
E02001292,7864,3927,3937
E02001293,6158,3076,3082
E02001294,7832,3962,3870
E02001295,7330,3803,3527
E02001296,8933,4386,4547
E02001297,6703,3321,3382
E02001298,8131,4056,4075
E02001299,8850,4358,4492
E02001300,7922,3965,3957
E02001301,8099,4039,4060
E02001302,7846,3861,3985
E02001303,8530,4324,4206
E02001304,12240,5999,6241
E02001305,8197,4021,4176
E02001306,7302,3636,3666
E02001307,11264,5594,5670
E02001308,5992,2978,3014
E02001309,7669,3851,3818
E02001310,8988,4467,4521
E02001311,8317,4113,4204
E02001312,7790,4043,3747
E02001313,7893,3908,3985
E02001314,8026,4084,3942
E02001315,7689,3765,3924
E02001316,6546,3302,3244
E02001317,8444,4238,4206
E02001318,7869,3922,3947
E02001319,7356,3646,3710
E02001320,7663,3723,3940
E02001321,8398,4214,4184
E02001322,7448,3666,3782
E02001323,7535,3662,3873
E02001324,8473,4202,4271
E02001325,7775,3802,3973
E02001326,7702,3814,3888
E02005176,8832,4246,4586
E02005177,5797,2839,2958
E02005178,8945,4663,4282
E02005179,8907,4342,4565
E02005180,7006,3426,3580
E02005181,6181,3019,3162
E02005182,5875,2855,3020
E02005183,6086,2964,3122
E02005184,5024,2500,2524
E02005185,8408,4126,4282
E02005186,6037,2992,3045
E02006881,9961,4822,5139
E02005189,5300,2669,2631
E02005190,6234,3026,3208
E02005191,8320,4110,4210
E02005192,7347,3659,3688
E02005193,8487,4146,4341
E02005194,8139,4000,4139
E02005195,7720,4731,2989
E02005196,7438,3617,3821
E02005197,6823,3279,3544
E02005198,8181,4169,4012
E02005199,7149,3560,3589
E02005200,8597,4198,4399
E02005201,7959,3899,4060
E02005202,9461,4645,4816
E02005203,7158,3508,3650
E02005204,10318,4967,5351
E02005205,6859,3599,3260
E02005206,6816,3278,3538
E02005207,8057,3806,4251
E02005208,9955,4969,4986
E02005209,7816,3800,4016
E02005210,10232,4847,5385
E02005211,8546,4007,4539
E02005212,10800,5324,5476
E02005213,11714,5764,5950
E02005214,6625,3296,3329
E02005215,11836,5801,6035
E02005216,5398,2630,2768
E02005217,12126,5996,6130
E02005218,7450,3696,3754
E02005219,8466,4274,4192
E02005220,6319,3196,3123
E02005221,9955,4791,5164
E02005222,6009,2991,3018
E02005223,7253,3443,3810
E02005224,5190,2331,2859
E02005225,5231,2513,2718
E02005226,7813,3834,3979
E02005228,5789,2785,3004
E02005229,5631,2854,2777
E02005230,6565,3054,3511
E02005231,8007,3851,4156
E02005233,6069,3072,2997
E02005234,7546,3891,3655
E02005235,5367,2528,2839
E02005236,12755,6182,6573
E02005237,9839,4610,5229
E02005238,5739,2697,3042
E02005239,11690,5673,6017
E02006871,11927,5741,6186
E02005240,5445,2679,2766
E02005241,5551,2768,2783
E02005242,6183,3039,3144
E02005243,5089,2463,2626
E02005244,5827,2805,3022
E02005245,6945,3417,3528
E02005246,5180,2598,2582
E02005247,9944,4831,5113
E02005248,6489,3173,3316
E02005249,9452,4711,4741
E02005250,7702,3814,3888
E02005251,6916,3344,3572
E02005252,8729,4370,4359
E02005253,5886,2881,3005
E02005254,6372,3121,3251
E02005255,8865,4275,4590
E02005256,7058,3477,3581
E02005257,5951,2877,3074
E02005258,8070,3963,4107
E02005259,10244,4935,5309
E02005260,6837,3354,3483
E02005261,10003,4978,5025
E02005262,6197,3190,3007
E02005263,7093,3641,3452
E02005264,12533,6171,6362
E02005265,10850,5360,5490
E02005266,8187,4460,3727
E02005267,6892,3537,3355
E02005268,9270,4631,4639
E02005269,9894,5433,4461
E02005270,7400,3712,3688
E02005271,7540,3674,3866
E02005272,7225,3516,3709
E02005273,5751,2814,2937
E02005274,6627,3213,3414
E02005275,5392,2586,2806
E02005276,8261,4087,4174
E02005277,8936,4371,4565
E02005278,7711,3764,3947
E02005279,10264,5041,5223
E02005280,10107,4986,5121
E02005281,8251,4086,4165
E02005284,5805,2819,2986
E02005285,6263,3008,3255
E02005286,7500,3708,3792
E02006884,12081,5955,6126
E02005287,5354,2617,2737
E02005288,6054,2960,3094
E02005289,6176,2969,3207
E02005290,7210,3575,3635
E02005291,5700,2787,2913
E02005292,5817,2817,3000
E02005293,5593,2705,2888
E02005294,6331,3045,3286
E02005295,7432,3703,3729
E02005296,5790,2816,2974
E02005297,8206,4042,4164
E02005298,7177,3533,3644
E02005299,7211,3551,3660
E02005300,5228,2600,2628
E02005301,6438,3123,3315
E02005302,6971,3417,3554
E02005303,6369,3084,3285
E02005304,8583,4264,4319
E02005305,7305,3619,3686
E02005306,7048,3499,3549
E02005307,9182,4508,4674
E02005308,6670,3185,3485
E02005309,8381,4049,4332
E02005310,7961,3662,4299
E02005311,5576,2725,2851
E02005312,5927,2911,3016
E02005313,8794,4245,4549
E02005314,6458,3160,3298
E02005315,8068,3898,4170
E02005316,6266,3132,3134
E02005317,7090,3423,3667
E02005318,7376,3560,3816
E02005319,8340,4187,4153
E02005320,5906,2832,3074
E02005321,6381,3082,3299
E02005322,9921,4820,5101
E02005323,6863,3289,3574
E02005324,6117,3083,3034
E02005325,8968,4329,4639
E02005326,8559,4160,4399
E02005327,5874,2897,2977
E02005328,7484,3584,3900
E02005329,8757,4185,4572
E02005330,8881,4284,4597
E02005331,7627,3601,4026
E02005332,8071,3892,4179
E02001327,7451,3327,4124
E02001328,10145,4883,5262
E02001329,7603,3680,3923
E02001330,8706,4078,4628
E02001331,10062,4721,5341
E02001332,6644,3194,3450
E02001333,8200,3973,4227
E02001334,5780,2653,3127
E02001335,7668,3705,3963
E02001336,6833,3189,3644
E02001337,5933,2812,3121
E02001338,5935,2792,3143
E02001339,6739,3246,3493
E02001340,8997,4312,4685
E02001341,6857,3199,3658
E02001342,7172,3377,3795
E02001343,7118,3475,3643
E02001344,5343,2543,2800
E02001345,5637,2767,2870
E02001346,7070,3403,3667
E02001347,7653,3655,3998
E02001348,7222,3526,3696
E02001349,7966,3982,3984
E02001350,7856,3661,4195
E02001351,8894,4580,4314
E02001352,7416,4206,3210
E02001353,7572,3645,3927
E02001354,7613,3642,3971
E02001355,6664,3239,3425
E02001356,5584,2549,3035
E02001357,6982,3157,3825
E02001358,7069,3423,3646
E02001359,5751,2768,2983
E02001360,8358,4222,4136
E02001361,7618,3611,4007
E02001362,7401,3498,3903
E02001363,7788,3578,4210
E02001364,5311,2561,2750
E02001365,9049,4480,4569
E02001366,8985,4535,4450
E02001367,9304,4444,4860
E02001368,5847,2836,3011
E02001369,7655,3943,3712
E02001370,6186,3068,3118
E02001371,7447,3408,4039
E02001372,6221,3018,3203
E02001373,9253,4528,4725
E02001374,8199,4499,3700
E02001375,7195,3352,3843
E02001376,8469,4285,4184
E02001377,11467,5792,5675
E02001378,7972,3920,4052
E02001380,7526,3622,3904
E02001381,9286,4697,4589
E02001382,7098,3438,3660
E02001383,7501,4118,3383
E02001384,10762,5418,5344
E02001385,8157,4245,3912
E02001386,7545,3571,3974
E02001387,8025,3826,4199
E02001388,8860,4471,4389
E02001389,6232,3440,2792
E02001390,8756,4363,4393
E02001391,5970,2741,3229
E02001392,5717,2778,2939
E02001393,7753,3692,4061
E02001394,10143,5098,5045
E02001395,6056,2905,3151
E02001396,8035,4006,4029
E02001397,7631,3708,3923
E02001398,7758,3808,3950
E02001399,7276,3524,3752
E02001400,6614,3182,3432
E02001401,7872,3772,4100
E02001402,8384,4140,4244
E02001403,6035,3050,2985
E02001404,7260,3452,3808
E02001405,9609,4446,5163
E02006932,9949,5172,4777
E02006933,5436,3072,2364
E02006934,5202,3117,2085
E02001429,6751,3152,3599
E02001430,7142,3331,3811
E02001431,7288,3296,3992
E02001432,8398,4148,4250
E02001433,7642,3699,3943
E02001434,7210,3579,3631
E02001435,8058,3971,4087
E02001436,8704,4172,4532
E02001437,9586,4463,5123
E02001438,7500,3588,3912
E02001439,6291,2971,3320
E02001440,5811,2787,3024
E02001441,6564,3157,3407
E02001442,5887,2757,3130
E02001443,5664,2736,2928
E02001444,5730,2730,3000
E02001445,7021,3367,3654
E02001446,6837,3306,3531
E02001447,5964,2815,3149
E02001448,6930,3343,3587
E02001449,9241,4458,4783
E02001450,8187,3860,4327
E02001451,6205,2841,3364
E02001452,6623,3083,3540
E02001453,8676,4145,4531
E02001454,7371,3717,3654
E02001455,7197,3469,3728
E02001456,7521,3550,3971
E02001457,6771,3200,3571
E02001458,7668,3797,3871
E02001459,7267,3413,3854
E02001460,7528,3744,3784
E02001461,6326,3074,3252
E02001462,7529,3590,3939
E02001463,6850,3250,3600
E02001464,6867,3277,3590
E02001465,6395,3273,3122
E02001466,8590,4128,4462
E02001406,7779,3699,4080
E02001407,6179,3082,3097
E02001408,5753,2889,2864
E02001409,9815,4837,4978
E02001410,5837,2861,2976
E02001411,5871,2878,2993
E02001412,8823,4333,4490
E02001413,9682,4708,4974
E02001414,5355,2608,2747
E02001415,6592,3246,3346
E02001416,5926,2888,3038
E02001417,7187,3646,3541
E02001418,5235,2560,2675
E02001419,6818,3381,3437
E02001420,10206,5040,5166
E02001421,10509,5188,5321
E02001422,6362,3133,3229
E02001423,6324,3091,3233
E02001424,13529,6621,6908
E02001425,10460,5131,5329
E02001426,5400,2664,2736
E02001427,10213,5013,5200
E02001428,5453,2641,2812
E02001467,7547,3704,3843
E02001468,7841,3796,4045
E02001469,7829,3784,4045
E02001470,8593,4112,4481
E02001471,7525,3726,3799
E02001472,7064,3421,3643
E02001473,7660,3733,3927
E02001474,7100,3479,3621
E02001475,6168,2910,3258
E02001476,7626,3674,3952
E02001477,7510,3446,4064
E02001478,7909,3844,4065
E02001479,6173,2960,3213
E02001480,7738,3689,4049
E02001481,8109,3916,4193
E02001482,7723,3938,3785
E02001483,7396,3522,3874
E02001484,7663,3586,4077
E02001485,6382,2918,3464
E02001486,8248,4052,4196
E02001487,9284,4471,4813
E02001488,8480,4123,4357
E02001489,8293,3971,4322
E02001490,8743,4296,4447
E02001491,6833,3216,3617
E02001492,7846,3684,4162
E02001493,7970,3806,4164
E02001494,7113,3433,3680
E02001495,7789,3732,4057
E02001496,6026,2910,3116
E02001497,7971,3866,4105
E02001498,7568,3650,3918
E02001499,6691,3202,3489
E02001500,7485,3606,3879
E02001501,7971,3811,4160
E02001502,8342,3952,4390
E02001503,7518,3476,4042
E02001504,7329,3523,3806
E02001505,6428,3093,3335
E02001506,8980,4338,4642
E02001507,7296,3624,3672
E02001508,8023,3854,4169
E02002684,9688,4649,5039
E02002685,8071,3844,4227
E02002686,7904,3737,4167
E02002687,6032,2952,3080
E02002688,5662,2830,2832
E02002689,5891,2857,3034
E02002691,8074,3920,4154
E02002692,8805,4586,4219
E02002693,6842,3397,3445
E02002694,10943,5309,5634
E02002695,8099,3896,4203
E02002696,6008,3027,2981
E02002697,7593,3742,3851
E02002698,7586,3701,3885
E02002699,9442,4498,4944
E02002700,6308,3051,3257
E02002701,8541,4230,4311
E02002702,9796,4679,5117
E02002703,9198,4444,4754
E02002704,7241,3582,3659
E02002705,6330,3051,3279
E02002706,6907,3348,3559
E02002707,7617,4063,3554
E02002708,7120,3417,3703
E02002709,7534,3711,3823
E02002710,7550,3614,3936
E02002711,7584,3727,3857
E02002712,7511,3607,3904
E02002714,7707,3879,3828
E02002715,12472,6101,6371
E02002716,8570,4227,4343
E02002717,7606,3646,3960
E02002718,7844,3851,3993
E02002719,5925,2834,3091
E02002720,6994,3452,3542
E02002721,6379,3142,3237
E02002722,8744,4355,4389
E02002723,8439,4106,4333
E02002724,8789,4360,4429
E02002725,6599,3240,3359
E02006814,8283,4000,4283
E02006891,7477,3629,3848
E02006892,6474,3097,3377
E02002652,10846,5277,5569
E02002653,8323,4073,4250
E02002654,7640,3698,3942
E02002655,8926,4253,4673
E02002656,5361,2638,2723
E02002657,7537,3764,3773
E02002658,6881,3402,3479
E02002659,11018,5342,5676
E02002660,6942,3402,3540
E02002661,7963,3703,4260
E02002662,7215,3438,3777
E02002663,6850,3552,3298
E02002664,7614,3816,3798
E02002665,8312,4058,4254
E02002666,8961,4859,4102
E02002667,7110,3570,3540
E02002668,8864,4174,4690
E02002669,8486,4436,4050
E02002670,7871,3764,4107
E02002671,8365,4510,3855
E02002672,7373,3519,3854
E02002673,7916,3958,3958
E02002674,6905,3395,3510
E02002675,8464,4572,3892
E02002676,7581,3844,3737
E02002677,8420,4426,3994
E02002678,7692,3910,3782
E02002679,7415,3633,3782
E02002680,8871,5236,3635
E02002681,8511,4360,4151
E02002682,7953,3899,4054
E02006813,8220,3939,4281
E02002726,10273,5030,5243
E02002727,5894,3104,2790
E02002728,7754,3842,3912
E02002729,5946,2950,2996
E02002730,7599,3807,3792
E02002731,5941,2915,3026
E02002732,7588,3752,3836
E02002733,6052,2965,3087
E02002734,5146,2421,2725
E02002735,5354,2636,2718
E02002736,5872,3051,2821
E02002737,7426,3644,3782
E02002738,7161,3493,3668
E02002739,5974,2832,3142
E02002740,5604,2695,2909
E02002741,9200,4573,4627
E02002742,5693,2818,2875
E02002743,5460,2572,2888
E02002744,7124,3394,3730
E02002745,7621,3676,3945
E02002746,8832,4271,4561
E02002747,7999,3914,4085
E02002748,8103,3892,4211
E02002749,11066,5380,5686
E02002750,6282,3136,3146
E02002751,6451,3213,3238
E02002752,6801,3326,3475
E02002753,8691,4302,4389
E02002754,8288,4187,4101
E02002755,7038,3616,3422
E02002756,8522,4349,4173
E02002757,6188,3105,3083
E02002758,6349,3126,3223
E02002759,9610,4720,4890
E02002760,5876,2901,2975
E02002761,6793,3310,3483
E02002762,6707,3242,3465
E02002763,7379,3658,3721
E02002764,5820,2815,3005
E02002765,6373,3080,3293
E02002766,9160,4468,4692
E02002767,6788,3324,3464
E02002768,7247,3543,3704
E02002769,5841,2856,2985
E02002770,7014,3480,3534
E02002771,7162,3486,3676
E02002772,6923,3350,3573
E02002773,5756,2681,3075
E02002774,6282,2943,3339
E02002775,5653,2597,3056
E02002776,6455,3092,3363
E02002777,8274,4075,4199
E02002778,8280,4032,4248
E02002779,9588,4711,4877
E02002780,8387,4032,4355
E02002781,9885,4764,5121
E02002782,6345,2990,3355
E02002783,10164,5029,5135
E02002784,10622,5435,5187
E02002785,6872,3358,3514
E02002786,10668,5368,5300
E02002787,9075,4326,4749
E02002788,8921,4460,4461
E02002789,8862,4246,4616
E02002790,11399,5751,5648
E02002791,6540,3139,3401
E02002792,7039,3393,3646
E02002793,9165,4437,4728
E02002794,8817,4125,4692
E02002795,8079,3920,4159
E02005742,7414,3628,3786
E02005743,5126,2492,2634
E02005744,7678,3762,3916
E02005745,5119,2486,2633
E02005746,6406,3057,3349
E02005747,6650,3197,3453
E02005748,7375,3578,3797
E02005749,9641,4554,5087
E02005750,7838,3768,4070
E02005751,8582,4201,4381
E02005752,6663,3350,3313
E02005753,13083,6373,6710
E02005754,7476,3627,3849
E02005755,6329,3089,3240
E02005756,7217,3847,3370
E02005757,8452,4117,4335
E02005758,8330,4225,4105
E02005759,8486,3992,4494
E02005760,6684,3393,3291
E02005761,5459,2658,2801
E02005762,6287,3258,3029
E02005763,6518,3263,3255
E02005764,10415,5123,5292
E02005765,6211,3039,3172
E02005766,6118,3005,3113
E02005767,6732,3282,3450
E02005768,6028,2965,3063
E02005769,6902,3351,3551
E02005770,9326,4521,4805
E02005771,7363,3597,3766
E02005772,6150,2991,3159
E02005773,8831,4281,4550
E02005774,9370,4496,4874
E02005775,9287,4606,4681
E02005776,8407,4174,4233
E02005777,8465,4052,4413
E02005778,6169,3060,3109
E02005779,7581,3601,3980
E02005780,10603,4980,5623
E02005781,5647,2734,2913
E02005782,7578,3756,3822
E02005783,8413,4039,4374
E02005784,6229,3322,2907
E02005785,15280,9122,6158
E02005786,6115,3033,3082
E02005787,8350,4135,4215
E02005788,6399,3162,3237
E02005789,10086,4744,5342
E02005790,6904,3532,3372
E02005791,6689,3355,3334
E02005794,9398,4615,4783
E02006870,12275,6005,6270
E02005795,7044,3354,3690
E02005796,6891,3418,3473
E02005797,6169,3065,3104
E02005798,8525,4092,4433
E02005799,8991,4249,4742
E02005800,8057,4100,3957
E02005801,5625,2716,2909
E02005802,8357,3971,4386
E02005803,9084,4317,4767
E02005804,8200,4057,4143
E02005805,7084,3369,3715
E02005806,7166,3466,3700
E02005807,6206,2955,3251
E02005808,11394,5441,5953
E02005809,7261,3564,3697
E02005810,8842,4353,4489
E02005811,9109,4351,4758
E02005812,9025,4438,4587
E02005813,10886,5371,5515
E02005814,6418,3054,3364
E02005815,8214,4095,4119
E02005816,8415,4159,4256
E02005817,7125,3497,3628
E02005818,8154,4065,4089
E02001509,6279,3063,3216
E02001510,5878,2903,2975
E02001511,6191,3056,3135
E02001512,7642,3706,3936
E02001513,7803,3792,4011
E02001514,7267,3557,3710
E02001515,9257,4546,4711
E02001516,6098,3006,3092
E02001517,7886,3922,3964
E02001518,10013,4938,5075
E02001519,6749,3258,3491
E02001520,10662,5228,5434
E02001521,11267,5722,5545
E02001522,8687,4245,4442
E02001523,6755,3375,3380
E02001524,5902,2886,3016
E02001525,6010,2957,3053
E02001526,5827,2903,2924
E02001527,5900,2898,3002
E02001528,10286,4994,5292
E02001529,9416,4601,4815
E02001530,6240,3093,3147
E02001531,6424,3228,3196
E02001532,9492,4692,4800
E02001533,7460,3621,3839
E02001534,9135,4426,4709
E02001535,6114,3071,3043
E02001536,8396,4029,4367
E02001537,8240,4031,4209
E02001538,7945,3887,4058
E02001539,6018,2926,3092
E02001540,11673,5756,5917
E02001541,11277,5472,5805
E02001542,7479,3662,3817
E02001543,8485,4126,4359
E02001544,8711,4208,4503
E02001545,8592,4222,4370
E02001546,8615,5258,3357
E02001547,10737,5291,5446
E02001548,8009,3834,4175
E02001549,5969,2923,3046
E02001550,7463,3594,3869
E02001551,6027,2986,3041
E02001552,7686,3731,3955
E02001553,10018,4841,5177
E02001554,6420,3139,3281
E02001555,5578,2704,2874
E02001556,9294,4441,4853
E02001557,9487,4876,4611
E02001558,6125,2948,3177
E02001559,7742,3699,4043
E02001560,10508,5681,4827
E02001561,6318,3313,3005
E02001562,5905,2816,3089
E02001563,7635,3671,3964
E02001564,7548,3671,3877
E02001565,6822,3385,3437
E02001566,7937,3974,3963
E02001567,9155,4481,4674
E02001568,5906,2921,2985
E02001569,9207,4503,4704
E02001570,7001,3392,3609
E02001571,6086,3004,3082
E02001572,7236,3499,3737
E02001573,7859,3815,4044
E02001574,6268,3094,3174
E02001575,7269,3449,3820
E02001576,5816,2834,2982
E02001577,6521,3090,3431
E02001578,9461,4684,4777
E02001579,9205,4438,4767
E02001580,8261,4031,4230
E02001581,5854,2884,2970
E02001582,7216,3547,3669
E02001583,5665,2742,2923
E02001584,7105,3472,3633
E02001585,6263,3044,3219
E02001586,8129,4115,4014
E02001587,5824,2812,3012
E02001588,7151,3459,3692
E02001589,8173,4019,4154
E02001590,7492,3688,3804
E02001591,8299,4149,4150
E02001592,8899,4367,4532
E02001593,7095,3595,3500
E02001594,6880,3524,3356
E02001595,8765,4302,4463
E02001596,8651,4165,4486
E02001597,9528,4685,4843
E02001598,9629,4552,5077
E02001599,6260,3030,3230
E02001600,10777,5308,5469
E02001601,5042,2500,2542
E02001602,8960,4371,4589
E02001603,6583,3253,3330
E02001604,8575,4210,4365
E02001605,7234,3628,3606
E02001606,8010,3909,4101
E02001607,8812,4315,4497
E02001608,6872,3372,3500
E02001609,8368,4087,4281
E02001610,8242,3990,4252
E02001611,7597,3718,3879
E02001612,5858,2876,2982
E02001613,10444,5032,5412
E02001614,11226,5511,5715
E02001615,7519,3638,3881
E02001616,7091,3458,3633
E02001617,5615,2662,2953
E02001618,9675,4810,4865
E02001619,9422,4588,4834
E02001620,6568,3116,3452
E02001621,5471,2667,2804
E02001622,8884,4295,4589
E02001623,8276,3897,4379
E02001624,9679,4739,4940
E02001625,7830,3773,4057
E02001626,5910,2783,3127
E02001627,6070,2992,3078
E02001628,6329,3197,3132
E02001629,6489,3302,3187
E02001630,8681,4394,4287
E02001631,7778,3811,3967
E02001632,12300,6358,5942
E02001633,7425,3582,3843
E02001634,9214,4605,4609
E02001635,6032,2975,3057
E02001636,9597,4905,4692
E02001637,6925,3464,3461
E02001638,6362,3224,3138
E02001639,6157,2956,3201
E02001640,8302,4197,4105
E02001642,9663,4819,4844
E02001643,6292,3052,3240
E02001646,8525,4301,4224
E02001647,6111,2957,3154
E02001648,8833,4268,4565
E02001649,9428,4631,4797
E02001650,9106,4776,4330
E02001651,8153,3928,4225
E02001652,12330,6392,5938
E02001653,7149,3523,3626
E02001654,6404,3075,3329
E02001655,7655,3684,3971
E02001656,7799,3919,3880
E02001657,8985,4301,4684
E02001658,5380,2520,2860
E02001659,6124,3038,3086
E02001660,9831,5037,4794
E02001661,7849,3830,4019
E02001662,7644,3667,3977
E02001663,7694,3821,3873
E02001664,6158,3035,3123
E02001665,9476,4600,4876
E02001666,6195,2997,3198
E02001669,7707,3709,3998
E02001670,5952,2866,3086
E02001671,5965,2910,3055
E02001672,6167,2980,3187
E02001673,5597,2796,2801
E02001674,8704,4251,4453
E02001675,9049,4401,4648
E02001676,6030,2886,3144
E02001678,10018,4786,5232
E02001679,6273,3016,3257
E02001680,6127,2985,3142
E02001681,7459,3598,3861
E02006803,8798,4368,4430
E02006843,9256,4925,4331
E02006844,8734,4615,4119
E02006868,12161,6481,5680
E02006869,11191,5392,5799
E02002183,5594,2706,2888
E02002184,12945,6067,6878
E02002185,5948,2867,3081
E02002186,12643,6076,6567
E02002187,5888,2863,3025
E02002188,7726,3780,3946
E02002189,6842,3374,3468
E02002190,12001,6047,5954
E02002191,9413,4595,4818
E02002192,9239,4489,4750
E02002193,6009,2974,3035
E02002194,7500,3577,3923
E02002195,6393,3116,3277
E02002196,6364,3110,3254
E02002197,8517,4260,4257
E02002198,8139,3912,4227
E02002199,6407,3141,3266
E02002200,9216,4470,4746
E02002201,12022,5909,6113
E02002202,7029,3577,3452
E02002203,7655,3733,3922
E02002204,11394,5464,5930
E02002205,10113,4969,5144
E02002206,8721,4301,4420
E02002207,7375,3719,3656
E02002208,7621,3643,3978
E02002209,5908,2835,3073
E02002210,7627,3698,3929
E02002211,7199,3581,3618
E02002212,7294,3545,3749
E02002213,6745,3246,3499
E02002214,5917,2891,3026
E02002215,10515,5259,5256
E02002216,9365,4842,4523
E02002217,8855,4375,4480
E02002218,9354,4537,4817
E02002219,7877,3962,3915
E02002220,9288,4591,4697
E02002221,13576,7249,6327
E02002222,8111,3868,4243
E02002223,7821,3996,3825
E02002224,10589,5374,5215
E02002225,8240,4040,4200
E02002226,14938,7974,6964
E02002227,6503,3304,3199
E02002228,6795,3375,3420
E02002229,8144,3602,4542
E02002230,9502,5047,4455
E02002231,12757,6239,6518
E02002232,6458,3129,3329
E02002233,9238,4663,4575
E02002234,7933,3775,4158
E02002235,7083,3517,3566
E02002236,6002,2878,3124
E02002237,8304,3970,4334
E02002238,6122,2935,3187
E02002239,9964,4851,5113
E02002240,10686,5218,5468
E02002241,11941,5732,6209
E02002242,7751,3739,4012
E02002243,9336,4556,4780
E02002244,6011,2922,3089
E02002245,5627,2730,2897
E02002246,9651,4669,4982
E02002247,9374,4520,4854
E02002248,7523,3669,3854
E02002249,5522,2682,2840
E02002250,8410,4087,4323
E02002251,7511,3836,3675
E02002252,6025,2891,3134
E02002253,7616,3718,3898
E02002254,5763,2829,2934
E02002255,7836,3972,3864
E02002256,9317,4483,4834
E02002257,6202,3132,3070
E02002258,8816,4335,4481
E02002259,6577,3215,3362
E02002260,9114,4511,4603
E02002261,8108,4014,4094
E02002262,7914,3862,4052
E02002263,6697,3209,3488
E02002264,6995,3340,3655
E02002265,5432,2627,2805
E02002266,5820,2850,2970
E02002267,8150,3999,4151
E02002268,9888,4739,5149
E02002269,9569,4691,4878
E02002270,8358,4095,4263
E02002271,7100,3402,3698
E02002272,9445,4591,4854
E02002273,6174,3046,3128
E02002274,6999,3444,3555
E02002275,8558,4220,4338
E02002276,7281,3611,3670
E02002277,6510,3244,3266
E02002278,6372,3106,3266
E02002279,6174,3035,3139
E02002280,6248,3077,3171
E02002281,11399,5609,5790
E02002282,7203,3636,3567
E02002283,7833,3952,3881
E02002284,6054,3012,3042
E02002285,7991,3943,4048
E02002286,6076,2992,3084
E02002287,6933,3574,3359
E02002288,9273,4519,4754
E02002289,6560,3282,3278
E02002290,6229,2996,3233
E02002291,6552,3161,3391
E02002292,5708,2797,2911
E02002293,7932,3972,3960
E02002294,10691,5433,5258
E02002295,6692,3140,3552
E02002296,6782,3301,3481
E02002297,6899,3437,3462
E02002298,6748,3277,3471
E02002299,6550,3349,3201
E02002300,6683,3195,3488
E02002301,7655,3980,3675
E02002302,6386,3107,3279
E02002303,6469,3066,3403
E02002304,6542,3402,3140
E02002305,6071,2970,3101
E02002306,6363,3113,3250
E02002307,6004,2939,3065
E02002308,6459,3172,3287
E02002309,6767,3454,3313
E02002310,6083,2941,3142
E02002311,6427,3154,3273
E02002312,8137,4194,3943
E02002313,7663,4019,3644
E02002314,6009,2907,3102
E02002315,6775,3370,3405
E02002316,6435,3120,3315
E02002317,7042,3365,3677
E02002318,6404,3091,3313
E02002319,6549,3273,3276
E02002320,6398,3163,3235
E02002321,7232,3587,3645
E02002322,6401,3118,3283
E02002323,8443,4144,4299
E02002324,6520,3198,3322
E02002325,8534,4135,4399
E02002326,6264,3073,3191
E02002327,9845,4871,4974
E02002328,6976,3465,3511
E02002329,11956,5913,6043
E02002330,6598,3199,3399
E02002331,6592,3642,2950
E02002332,5849,2789,3060
E02002333,7819,3787,4032
E02002334,7116,3374,3742
E02002335,7552,3693,3859
E02002336,6765,3332,3433
E02002337,6712,3269,3443
E02002338,6800,3323,3477
E02002339,5719,2757,2962
E02002340,5536,2671,2865
E02002341,7348,3573,3775
E02002342,5752,2782,2970
E02002343,5729,2744,2985
E02002344,7678,3606,4072
E02002345,5503,2679,2824
E02002346,5982,2880,3102
E02002347,5998,2845,3153
E02002348,6111,2899,3212
E02002349,5637,2718,2919
E02002350,6201,3036,3165
E02002351,5399,2626,2773
E02002352,7371,3627,3744
E02002353,5817,2888,2929
E02002354,7825,3787,4038
E02002356,7521,3608,3913
E02002357,7784,3750,4034
E02002358,7353,3567,3786
E02002359,6393,3081,3312
E02002360,6748,3193,3555
E02002361,5746,2737,3009
E02002362,7695,3718,3977
E02002363,6976,3321,3655
E02002364,5768,2730,3038
E02002366,7767,3756,4011
E02002367,5915,2778,3137
E02002368,7952,3880,4072
E02002369,6939,3315,3624
E02002370,6653,3110,3543
E02002371,9614,4643,4971
E02002373,8559,4307,4252
E02002374,6636,3300,3336
E02002375,6386,3097,3289
E02002376,6869,3315,3554
E02002377,7067,3626,3441
E02002379,5243,2444,2799
E02002380,5270,2570,2700
E02002381,6103,2997,3106
E02002382,6001,3054,2947
E02002383,7636,3762,3874
E02002384,10792,5531,5261
E02002385,7996,4239,3757
E02002386,8343,3989,4354
E02002387,5455,2597,2858
E02002388,7357,3536,3821
E02002389,6600,3172,3428
E02002390,6055,2866,3189
E02002391,7772,3735,4037
E02002392,9275,4434,4841
E02002393,7589,4067,3522
E02002394,6773,3392,3381
E02002395,6340,3069,3271
E02002396,8466,4259,4207
E02002397,7430,3585,3845
E02002398,7443,3654,3789
E02002399,6204,2942,3262
E02002400,8222,4405,3817
E02002401,6203,2930,3273
E02002402,5774,2851,2923
E02002403,6071,2857,3214
E02002404,8676,4545,4131
E02002405,7484,3568,3916
E02002406,7018,3393,3625
E02002407,6389,3080,3309
E02002408,7237,3380,3857
E02002409,5940,2879,3061
E02002410,6591,3297,3294
E02002411,7054,3869,3185
E02002412,6798,3324,3474
E02002414,5725,2931,2794
E02002415,6483,3463,3020
E02002416,6319,3038,3281
E02002417,6327,3129,3198
E02002418,7234,3545,3689
E02002419,7832,3787,4045
E02002420,7853,3839,4014
E02002421,5931,2792,3139
E02002422,6180,3007,3173
E02002423,5641,2753,2888
E02002424,7612,3720,3892
E02002425,8448,4131,4317
E02002426,7661,3754,3907
E02002427,6854,3244,3610
E02002428,6878,3304,3574
E02002429,8245,3954,4291
E02002430,7175,3380,3795
E02002431,7992,3895,4097
E02002432,7200,3495,3705
E02002433,6177,2993,3184
E02002434,8621,4213,4408
E02002435,7394,3630,3764
E02002436,6605,3238,3367
E02002437,6190,3024,3166
E02006852,12417,6152,6265
E02006861,12512,6126,6386
E02006875,7484,4122,3362
E02006876,7145,3646,3499
E02002438,7871,3833,4038
E02002439,7639,3748,3891
E02002440,7751,3761,3990
E02002441,8626,4251,4375
E02002442,6713,3334,3379
E02002443,5943,2954,2989
E02002444,5881,2857,3024
E02002445,7004,3410,3594
E02002446,6038,2960,3078
E02002447,6146,3065,3081
E02002448,7564,3665,3899
E02002449,8138,3984,4154
E02002450,6757,3345,3412
E02002451,7186,3470,3716
E02002452,7963,3952,4011
E02002453,9248,4511,4737
E02002454,7553,3983,3570
E02002455,6149,2913,3236
E02002456,7166,3957,3209
E02002457,7603,3700,3903
E02002458,8809,4272,4537
E02002459,9349,4586,4763
E02002460,7055,3423,3632
E02002461,10059,4877,5182
E02002462,7307,3571,3736
E02002463,9104,4293,4811
E02002464,7848,3800,4048
E02002465,5988,2971,3017
E02002466,8986,4361,4625
E02002467,8234,4182,4052
E02002468,6046,2901,3145
E02002469,5945,2931,3014
E02002470,6144,2981,3163
E02002471,10404,5114,5290
E02002472,5963,2776,3187
E02002473,6336,3086,3250
E02002474,6115,2988,3127
E02002475,5975,2894,3081
E02002476,5845,2864,2981
E02002477,6321,3093,3228
E02002478,5832,2889,2943
E02002479,8334,4090,4244
E02002480,5872,2910,2962
E02002481,6325,3127,3198
E02002482,6702,3280,3422
E02002796,6135,2973,3162
E02002797,7487,3625,3862
E02002798,10138,4998,5140
E02002799,5992,2899,3093
E02002800,7131,3474,3657
E02002801,7611,3691,3920
E02002802,8012,3874,4138
E02002803,7766,4171,3595
E02002804,7633,3623,4010
E02002805,5701,2813,2888
E02002806,6547,3501,3046
E02002807,9021,4426,4595
E02002808,11819,6234,5585
E02002809,6676,3251,3425
E02002810,8220,3967,4253
E02002811,9971,5247,4724
E02002812,6965,3422,3543
E02002813,10322,5389,4933
E02002814,7360,3508,3852
E02002815,7664,3865,3799
E02002816,9406,4614,4792
E02002817,6317,3025,3292
E02002818,7665,3721,3944
E02002819,7408,3742,3666
E02002820,9708,4809,4899
E02002821,11010,5319,5691
E02002822,6738,3209,3529
E02002823,7475,3586,3889
E02002824,9656,4698,4958
E02002825,8544,4174,4370
E02002826,6654,3198,3456
E02002827,6431,3181,3250
E02002828,7582,3739,3843
E02002829,10609,5145,5464
E02002830,10049,5039,5010
E02002831,6832,3354,3478
E02002832,8072,3930,4142
E02002833,8160,4023,4137
E02002834,9731,4889,4842
E02002835,12628,6207,6421
E02002836,9331,4512,4819
E02002837,7445,3725,3720
E02002838,7723,3618,4105
E02002839,7638,3685,3953
E02002842,7658,3896,3762
E02002843,13049,6569,6480
E02002844,11954,5986,5968
E02002845,10350,5109,5241
E02002846,7385,3629,3756
E02002847,10274,5229,5045
E02002848,11199,5844,5355
E02002849,12432,6354,6078
E02002851,7984,3876,4108
E02002852,7098,3398,3700
E02002853,12799,6495,6304
E02002854,8224,3934,4290
E02002855,6583,3384,3199
E02002856,11621,5764,5857
E02002857,6230,3084,3146
E02002858,7464,3575,3889
E02002860,7944,3937,4007
E02002861,7752,3646,4106
E02002862,8317,3901,4416
E02006815,9184,4393,4791
E02006817,8111,3955,4156
E02006819,8109,3897,4212
E02006850,9855,4769,5086
E02006851,6032,3213,2819
E02002868,5773,2778,2995
E02002869,7425,3443,3982
E02002871,7841,3841,4000
E02002872,8732,4226,4506
E02002873,9042,4364,4678
E02002874,7958,4010,3948
E02002875,8250,3968,4282
E02002876,7957,3903,4054
E02002877,7527,3795,3732
E02002878,8983,4165,4818
E02002879,9107,4542,4565
E02002880,8639,4110,4529
E02002881,6175,2923,3252
E02002882,8201,4224,3977
E02002883,7574,3806,3768
E02002884,6131,3306,2825
E02002885,8149,4285,3864
E02002886,8785,4397,4388
E02002887,6463,3058,3405
E02002888,6554,3257,3297
E02002889,8585,4526,4059
E02002890,11170,5880,5290
E02002891,8332,4116,4216
E02002892,6071,2903,3168
E02002893,13419,7122,6297
E02002894,6845,3420,3425
E02002895,7995,4429,3566
E02002896,10014,5347,4667
E02002897,7896,3847,4049
E02002898,10920,6022,4898
E02002899,9952,4995,4957
E02002901,5735,2834,2901
E02002902,8620,4194,4426
E02002903,6343,3060,3283
E02002904,6137,2986,3151
E02006834,7711,3658,4053
E02006904,7050,4029,3021
E02006905,7619,4008,3611
E02002863,7812,4458,3354
E02002864,5851,2843,3008
E02002865,7902,3788,4114
E02002866,7384,3657,3727
E02002867,8420,4169,4251
E02004029,6459,3206,3253
E02004030,5630,2759,2871
E02004031,7474,3603,3871
E02004032,8261,4089,4172
E02004033,8824,4382,4442
E02004034,7326,3576,3750
E02004035,6475,3250,3225
E02004036,9919,4907,5012
E02004037,7670,3811,3859
E02004038,7797,3752,4045
E02004039,8044,3969,4075
E02004040,9016,4455,4561
E02004041,7029,3506,3523
E02004043,7025,3419,3606
E02004044,7717,3787,3930
E02006827,7643,3721,3922
E02004045,9092,4523,4569
E02004046,6221,3046,3175
E02004047,5651,2758,2893
E02004048,6687,3316,3371
E02004049,7781,3750,4031
E02004050,7045,3412,3633
E02004051,9016,4435,4581
E02004052,7868,3865,4003
E02004053,7877,3921,3956
E02004054,8628,4362,4266
E02004055,7127,3501,3626
E02004056,7802,3838,3964
E02004057,7675,3813,3862
E02004058,7814,3760,4054
E02004059,7261,3483,3778
E02004060,7632,3710,3922
E02004061,7186,3614,3572
E02004062,7992,3916,4076
E02004063,7973,3854,4119
E02004064,8748,4457,4291
E02004065,8437,4080,4357
E02004066,11731,5732,5999
E02004067,6410,3142,3268
E02004068,7566,3708,3858
E02004069,6762,3278,3484
E02004070,6385,3003,3382
E02004071,5118,2467,2651
E02004072,8558,4244,4314
E02004073,9050,4441,4609
E02004074,5813,2910,2903
E02004075,7447,3724,3723
E02004076,6582,3184,3398
E02004077,7835,4112,3723
E02004078,7148,3440,3708
E02004080,9395,4698,4697
E02004081,5716,2787,2929
E02004082,6304,3059,3245
E02004083,7760,3864,3896
E02004084,6216,2981,3235
E02004085,8688,4199,4489
E02004086,7335,3516,3819
E02004087,7818,3814,4004
E02004088,7614,3750,3864
E02004089,6705,3362,3343
E02004090,6140,3018,3122
E02004091,8889,4420,4469
E02004092,9556,4672,4884
E02006828,6797,3354,3443
E02004093,6408,3139,3269
E02004094,7325,3533,3792
E02004095,9866,4854,5012
E02004096,9491,4681,4810
E02004097,7678,3854,3824
E02004098,7317,3589,3728
E02004100,7610,3766,3844
E02004102,8540,4170,4370
E02004103,7072,3477,3595
E02004104,7074,3505,3569
E02006872,12511,6206,6305
E02004105,9445,4652,4793
E02004106,6986,3442,3544
E02004108,7538,3636,3902
E02004109,6742,3298,3444
E02004110,7464,3661,3803
E02004111,5477,2655,2822
E02004112,6525,3205,3320
E02004113,9191,4539,4652
E02004114,7283,3558,3725
E02004115,9020,4460,4560
E02004116,7887,3902,3985
E02004117,7312,3563,3749
E02006804,8153,3993,4160
E02004118,6815,3335,3480
E02004119,10860,5411,5449
E02004120,7252,3603,3649
E02004121,6666,3315,3351
E02004122,6544,3287,3257
E02004123,6383,3127,3256
E02004124,7614,3730,3884
E02004125,8988,4450,4538
E02004126,6900,3498,3402
E02004128,10255,5054,5201
E02006919,8529,4247,4282
E02006920,7805,3906,3899
E02005334,5640,2758,2882
E02005335,6891,3299,3592
E02005336,7106,3552,3554
E02005337,9744,4819,4925
E02005338,9853,4805,5048
E02005339,8448,4170,4278
E02005340,8844,4560,4284
E02005341,6913,3336,3577
E02005342,6725,3249,3476
E02005343,6647,3238,3409
E02005344,7461,3671,3790
E02006820,9643,4771,4872
E02005345,6061,3014,3047
E02005346,11278,5843,5435
E02005347,9882,5257,4625
E02005348,5829,2936,2893
E02005349,6986,3420,3566
E02005350,6519,3203,3316
E02005351,10662,6040,4622
E02005352,6156,3034,3122
E02005353,9433,4623,4810
E02005354,9088,4491,4597
E02005355,6534,3147,3387
E02005356,6493,3154,3339
E02005357,7257,3585,3672
E02005358,10175,4985,5190
E02005359,5884,2838,3046
E02005360,6342,3168,3174
E02005361,6561,3174,3387
E02005362,6243,3062,3181
E02005363,7221,3479,3742
E02005364,5300,2555,2745
E02005365,9668,4768,4900
E02005366,6528,3137,3391
E02005368,6201,3053,3148
E02005369,9799,4677,5122
E02005370,8940,4477,4463
E02005371,10045,4954,5091
E02005372,9416,4752,4664
E02005373,9720,5084,4636
E02005374,6532,3178,3354
E02005375,8396,4095,4301
E02005376,9353,4647,4706
E02006816,6980,3436,3544
E02005377,8286,4054,4232
E02005378,5199,2535,2664
E02005379,6065,2943,3122
E02005380,8373,4124,4249
E02005381,8009,3925,4084
E02005382,10047,4949,5098
E02005383,9022,4434,4588
E02005384,6419,3239,3180
E02005385,5953,2935,3018
E02005386,8375,4226,4149
E02005387,9072,4480,4592
E02005388,5690,2810,2880
E02005389,5706,2733,2973
E02005390,8862,4313,4549
E02005391,9616,4709,4907
E02005392,8906,4344,4562
E02005393,6996,3381,3615
E02005394,9383,4570,4813
E02005395,8869,4399,4470
E02005396,6606,3315,3291
E02005397,8283,4188,4095
E02005398,6095,2982,3113
E02005399,6363,3168,3195
E02005400,5637,2812,2825
E02005401,5712,2810,2902
E02005402,6167,2976,3191
E02005403,6867,3363,3504
E02005404,7559,3721,3838
E02005405,6907,3365,3542
E02005406,7393,3663,3730
E02005407,8676,4309,4367
E02005408,7461,3824,3637
E02005409,10348,5154,5194
E02005412,8178,3886,4292
E02005414,7774,3662,4112
E02005415,7490,3612,3878
E02005416,8802,4309,4493
E02006818,8255,4014,4241
E02006911,15671,7686,7985
E02005417,7296,3775,3521
E02005418,10021,4843,5178
E02005419,8131,4051,4080
E02005420,8229,3900,4329
E02005422,6085,3021,3064
E02005423,9541,4586,4955
E02006864,8003,3805,4198
E02006865,7331,3555,3776
E02005424,9904,4846,5058
E02005425,6338,3130,3208
E02005426,9633,4573,5060
E02005427,6786,3266,3520
E02005428,8082,3922,4160
E02005429,6515,3089,3426
E02005430,6867,3368,3499
E02005431,8384,4090,4294
E02005432,7515,3703,3812
E02005433,7066,3476,3590
E02005434,7073,3409,3664
E02005435,7279,3443,3836
E02005436,7676,3710,3966
E02005437,5861,2916,2945
E02005438,6439,2992,3447
E02005439,11241,5713,5528
E02005440,5363,2638,2725
E02005441,8379,4143,4236
E02005442,5736,2724,3012
E02005443,6811,3246,3565
E02005444,11954,6032,5922
E02005445,11600,5823,5777
E02005446,8473,4009,4464
E02005447,6759,3412,3347
E02005448,7192,3468,3724
E02005449,7918,3930,3988
E02005450,8486,4112,4374
E02005451,7639,3740,3899
E02005452,10973,5277,5696
E02005453,10568,5159,5409
E02005455,12280,5992,6288
E02005456,9781,4821,4960
E02005457,8344,4036,4308
E02005458,6527,3144,3383
E02005459,8005,3895,4110
E02005460,6247,3208,3039
E02005461,6261,3016,3245
E02005462,9064,4374,4690
E02005463,8607,4175,4432
E02005464,8198,4036,4162
E02006866,6473,3143,3330
E02006867,7411,3604,3807
E02005465,8440,4126,4314
E02005466,6507,3194,3313
E02005467,7110,3428,3682
E02005468,7492,3703,3789
E02005469,7416,3666,3750
E02005470,10379,5067,5312
E02005471,9080,4409,4671
E02005472,9828,4778,5050
E02005473,9263,4479,4784
E02005474,6546,3217,3329
E02005475,6209,3052,3157
E02005476,7239,3528,3711
E02005477,8844,4289,4555
E02005478,9908,4684,5224
E02005479,8277,4012,4265
E02005480,7332,3538,3794
E02005481,10963,5378,5585
E02005482,9774,4816,4958
E02005483,7829,3788,4041
E02005484,6952,3443,3509
E02005485,6055,2920,3135
E02005486,8401,3995,4406
E02005487,9199,4529,4670
E02005488,6263,3028,3235
E02005489,7051,3371,3680
E02005490,9132,4334,4798
E02005491,10569,5003,5566
E02005492,9425,4635,4790
E02005493,9304,4529,4775
E02005494,9452,4631,4821
E02005495,9645,4745,4900
E02005496,6456,3233,3223
E02005497,7031,3354,3677
E02005498,7152,3482,3670
E02005499,8068,3894,4174
E02005500,6795,3350,3445
E02005501,7358,3492,3866
E02005502,8564,4146,4418
E02005612,6676,3250,3426
E02005613,8833,4357,4476
E02005614,6706,3372,3334
E02005615,8507,4118,4389
E02005616,5299,2632,2667
E02005617,9738,4746,4992
E02006862,6112,3014,3098
E02006863,9384,4658,4726
E02005619,5844,2918,2926
E02005620,7980,3962,4018
E02005621,7958,4480,3478
E02005622,8785,4310,4475
E02005623,8025,3861,4164
E02005624,9242,4578,4664
E02005625,9122,4493,4629
E02005626,6662,3277,3385
E02005627,6711,3291,3420
E02005628,7514,3729,3785
E02005629,5703,2840,2863
E02005630,9917,4957,4960
E02005631,10006,4983,5023
E02005632,6042,3010,3032
E02005633,8641,4303,4338
E02005634,8535,4251,4284
E02005635,8649,4272,4377
E02005636,11136,5414,5722
E02005637,8302,4127,4175
E02005638,9834,4901,4933
E02005639,5276,2586,2690
E02005640,10697,5251,5446
E02005641,7694,3752,3942
E02005642,8266,4036,4230
E02005643,8047,3975,4072
E02005644,8251,4242,4009
E02005645,10992,5381,5611
E02005646,6423,3100,3323
E02005647,7032,3466,3566
E02005648,7215,3570,3645
E02005649,13582,6537,7045
E02005650,6852,3261,3591
E02005651,6277,3024,3253
E02005652,5965,2902,3063
E02005653,8119,3961,4158
E02005654,8223,3900,4323
E02005655,5811,2764,3047
E02005656,5901,2854,3047
E02005657,6093,2994,3099
E02005658,6286,2992,3294
E02005659,5063,2441,2622
E02005660,5660,2698,2962
E02005661,6481,3192,3289
E02005662,6732,3308,3424
E02005663,5448,2656,2792
E02005664,6007,2941,3066
E02005665,7365,3596,3769
E02005666,8173,3934,4239
E02005667,6029,2901,3128
E02005668,6108,2957,3151
E02005669,5693,2825,2868
E02005670,8177,4347,3830
E02005671,7285,3707,3578
E02005672,7327,3859,3468
E02005673,7166,3565,3601
E02005674,7051,3675,3376
E02005675,5733,2674,3059
E02005676,5913,2894,3019
E02005677,8053,4036,4017
E02005678,9717,4756,4961
E02005679,8828,4367,4461
E02005680,8533,4187,4346
E02005681,8128,3954,4174
E02005682,6358,3113,3245
E02005683,13255,6545,6710
E02005684,7984,3988,3996
E02005685,8066,3986,4080
E02005686,7461,3639,3822
E02005687,5920,2939,2981
E02005688,8671,4336,4335
E02005689,7641,3773,3868
E02005690,5377,2703,2674
E02005691,6328,3122,3206
E02005692,6572,3271,3301
E02005693,8272,4020,4252
E02005694,7647,3781,3866
E02005695,7321,3700,3621
E02005696,5818,2754,3064
E02005697,6047,3005,3042
E02005698,5743,2723,3020
E02005699,8239,4121,4118
E02005700,8865,4342,4523
E02005701,10832,5359,5473
E02005819,6146,3016,3130
E02005820,5728,2845,2883
E02005821,6388,3133,3255
E02005822,9531,4749,4782
E02005823,7518,3561,3957
E02005824,9727,4838,4889
E02005825,8012,3922,4090
E02005826,6072,2982,3090
E02005827,8303,4107,4196
E02005828,7109,3500,3609
E02005829,6753,3329,3424
E02005830,6111,2987,3124
E02005831,8570,4176,4394
E02005832,8924,4320,4604
E02005833,7427,3654,3773
E02005834,7178,3546,3632
E02005835,10180,5002,5178
E02005836,8933,4431,4502
E02005837,7809,4384,3425
E02005838,8095,3909,4186
E02005839,6162,2975,3187
E02005840,9050,4499,4551
E02005842,8622,4212,4410
E02005843,6403,3177,3226
E02005844,7566,3730,3836
E02005846,6491,3156,3335
E02005847,6634,3220,3414
E02005848,6799,3366,3433
E02005849,9055,4649,4406
E02006903,11064,5314,5750
E02005850,6892,3387,3505
E02005851,5927,2908,3019
E02005852,7930,3935,3995
E02005853,8976,4388,4588
E02005856,7270,3588,3682
E02005857,6238,3050,3188
E02005858,7450,3719,3731
E02005859,9003,4435,4568
E02005860,8339,4197,4142
E02005861,5516,2786,2730
E02005862,7823,3843,3980
E02005863,7369,3615,3754
E02005864,8238,4011,4227
E02006906,12516,6256,6260
E02005865,7929,3892,4037
E02005866,8948,4340,4608
E02005868,6451,3100,3351
E02005869,5837,2750,3087
E02005870,6593,3185,3408
E02005871,7132,3443,3689
E02005872,5777,2802,2975
E02005873,10034,4882,5152
E02005874,8384,4139,4245
E02005875,7209,3512,3697
E02005876,9055,4457,4598
E02005877,7365,3680,3685
E02005878,9548,4729,4819
E02005879,7398,3595,3803
E02006835,5883,2842,3041
E02005880,6237,3071,3166
E02005881,5762,2808,2954
E02005882,7891,3893,3998
E02005883,7718,3821,3897
E02005884,6124,3033,3091
E02005885,8282,4011,4271
E02005886,10348,5002,5346
E02005887,9110,4581,4529
E02005888,8171,4009,4162
E02005889,10174,4928,5246
E02005890,6703,3334,3369
E02005891,6323,3149,3174
E02005892,11623,5668,5955
E02005893,10023,4920,5103
E02005894,9853,4786,5067
E02005895,7986,3946,4040
E02005896,7342,3612,3730
E02005897,8926,4423,4503
E02005898,10772,5262,5510
E02005899,10647,5365,5282
E02005900,7297,3418,3879
E02005901,8872,4320,4552
E02005902,8181,3895,4286
E02005903,9757,4735,5022
E02005904,8283,4090,4193
E02005905,6878,3784,3094
E02005906,7035,3849,3186
E02005907,9131,4418,4713
E02005908,8878,4269,4609
E02005909,8192,4120,4072
E02005910,8991,4526,4465
E02005911,8573,4178,4395
E02005912,8846,4283,4563
E02005913,6828,3352,3476
E02005914,7203,3502,3701
E02005915,5705,2843,2862
E02005916,7216,3495,3721
E02005917,5741,2865,2876
E02005918,5096,2451,2645
E02005919,6379,3029,3350
E02005920,7315,3523,3792
E02002905,6043,2986,3057
E02002906,5775,2792,2983
E02002907,5916,2903,3013
E02002908,8557,4235,4322
E02002909,10349,5115,5234
E02002910,7875,3851,4024
E02002911,9323,4593,4730
E02002912,7144,3598,3546
E02002913,5600,2716,2884
E02002914,8929,4432,4497
E02002915,6715,3224,3491
E02002916,9663,4905,4758
E02002917,6900,3438,3462
E02002918,5963,2852,3111
E02002919,9312,4621,4691
E02002920,6524,3259,3265
E02002921,7757,3743,4014
E02002922,6247,3098,3149
E02002923,9636,4644,4992
E02002924,6073,3011,3062
E02002925,10952,5459,5493
E02002926,10582,5068,5514
E02002927,11642,5759,5883
E02006008,7498,3711,3787
E02006009,7124,3783,3341
E02006010,11150,5435,5715
E02006011,5941,2921,3020
E02006012,6138,3006,3132
E02006013,7743,3845,3898
E02006014,9211,4618,4593
E02006015,9871,4870,5001
E02006016,7503,3735,3768
E02006017,7463,3693,3770
E02006018,11773,5750,6023
E02006019,5870,2805,3065
E02006020,7108,3922,3186
E02006021,7942,3954,3988
E02006022,5973,3068,2905
E02006023,9722,4702,5020
E02006024,9575,4549,5026
E02006025,9168,4548,4620
E02006026,6992,3462,3530
E02006027,5308,2642,2666
E02006028,9174,4467,4707
E02006029,8240,4028,4212
E02006030,7142,3551,3591
E02006031,7381,3615,3766
E02006032,9022,4358,4664
E02006033,8036,4219,3817
E02006034,8520,4138,4382
E02006035,5710,2776,2934
E02006036,6107,2971,3136
E02006037,10093,5056,5037
E02006038,7612,3771,3841
E02006039,7839,3897,3942
E02006040,7506,3700,3806
E02006041,5872,2954,2918
E02006042,5878,2818,3060
E02006043,6876,3444,3432
E02006044,6242,3122,3120
E02006045,10939,5290,5649
E02006046,8867,4412,4455
E02002951,7714,3785,3929
E02002952,6829,3302,3527
E02002953,7350,3501,3849
E02002954,8258,4025,4233
E02002955,7046,3449,3597
E02002956,9277,4579,4698
E02002957,9750,4787,4963
E02002958,7977,3875,4102
E02002959,8436,4330,4106
E02002960,5900,2976,2924
E02002961,6480,3312,3168
E02002962,6958,3350,3608
E02002963,7294,3715,3579
E02002964,8520,4126,4394
E02002965,7126,3926,3200
E02002966,9079,5147,3932
E02002967,9747,4697,5050
E02002968,9030,4471,4559
E02002969,8653,4456,4197
E02002970,8123,3978,4145
E02002971,5252,2635,2617
E02002972,6265,3078,3187
E02002973,8045,4064,3981
E02002974,5622,2763,2859
E02002975,7658,3826,3832
E02002976,6008,2908,3100
E02002977,5884,2832,3052
E02002978,6381,3182,3199
E02002979,5622,2810,2812
E02002980,6082,2957,3125
E02002981,8260,4032,4228
E02002982,7048,3504,3544
E02002983,5580,2785,2795
E02002984,5754,2832,2922
E02002928,6003,2990,3013
E02002929,6230,3125,3105
E02002930,5533,2748,2785
E02002931,6370,3128,3242
E02002932,8620,4264,4356
E02002933,8207,4044,4163
E02002934,6007,2927,3080
E02002935,6679,3283,3396
E02002936,8616,4234,4382
E02002937,10133,5131,5002
E02002938,6726,3378,3348
E02002939,6419,3121,3298
E02002940,6084,2988,3096
E02002941,9545,4745,4800
E02002942,6325,3181,3144
E02002943,9519,4739,4780
E02002944,7790,3877,3913
E02002945,9381,4699,4682
E02002946,7900,3912,3988
E02002947,6923,3452,3471
E02002948,6898,3282,3616
E02002949,5329,2639,2690
E02002950,5404,2662,2742
E02006118,7404,3691,3713
E02006119,8269,4079,4190
E02006120,8887,4322,4565
E02006121,5548,2781,2767
E02006122,6495,3271,3224
E02006123,6744,3364,3380
E02006124,7286,3590,3696
E02006125,7331,3645,3686
E02006126,8319,4139,4180
E02006127,7628,3737,3891
E02006128,8399,4052,4347
E02006129,7673,3759,3914
E02006130,7479,3696,3783
E02006131,7837,3910,3927
E02006132,6198,3039,3159
E02006133,6891,3422,3469
E02006134,9164,4489,4675
E02006135,7849,3796,4053
E02006136,8648,4629,4019
E02006137,8751,4206,4545
E02006138,6202,3069,3133
E02006139,7061,3509,3552
E02006140,8466,4127,4339
E02006141,10330,5383,4947
E02006142,5385,2629,2756
E02006143,7231,3578,3653
E02006144,7977,3895,4082
E02006145,5593,2704,2889
E02006146,7134,3525,3609
E02006147,7626,3720,3906
E02006148,7245,3631,3614
E02006149,10486,5100,5386
E02006150,11610,5782,5828
E02006151,8792,4309,4483
E02006152,10123,4910,5213
E02006153,7050,3504,3546
E02006154,9886,4934,4952
E02006155,5767,2858,2909
E02006156,7792,3769,4023
E02006157,7143,3878,3265
E02006158,8486,4240,4246
E02006159,5754,2857,2897
E02006160,8356,4119,4237
E02006161,7032,3544,3488
E02006162,8437,4187,4250
E02006163,8032,3962,4070
E02006164,7421,3634,3787
E02006165,7384,3657,3727
E02006166,7193,3563,3630
E02006167,8722,4242,4480
E02006168,8446,4291,4155
E02006169,8077,4013,4064
E02006170,5145,2483,2662
E02006171,8914,4344,4570
E02006172,9524,4593,4931
E02006173,6948,3477,3471
E02006174,10349,5105,5244
E02006175,6616,3266,3350
E02006176,7342,3560,3782
E02006177,9837,4893,4944
E02006178,7866,3856,4010
E02006179,7356,4054,3302
E02006180,6700,3245,3455
E02006181,5745,2711,3034
E02006182,6750,3253,3497
E02006183,7502,3692,3810
E02006184,5430,2636,2794
E02006185,7196,3459,3737
E02006186,12217,6047,6170
E02006187,7225,3466,3759
E02006188,5931,2911,3020
E02006189,7170,3478,3692
E02006190,10334,5039,5295
E02006191,8005,3921,4084
E02006192,8110,3917,4193
E02006193,6471,3223,3248
E02006194,7659,3686,3973
E02006195,8315,4071,4244
E02006196,7187,4279,2908
E02006197,8235,4410,3825
E02006198,8477,4512,3965
E02006199,8209,4061,4148
E02006200,7983,3844,4139
E02006201,12199,5963,6236
E02006202,8670,4332,4338
E02006203,7914,3907,4007
E02006204,7318,3559,3759
E02006205,7038,3557,3481
E02006206,8358,3988,4370
E02006207,6305,3077,3228
E02006208,8157,4009,4148
E02006209,10869,5292,5577
E02006210,5486,2771,2715
E02006211,6472,3166,3306
E02006212,7875,3865,4010
E02006213,6555,3279,3276
E02006214,6119,3004,3115
E02006215,7844,3889,3955
E02006216,8710,4334,4376
E02006217,8817,4235,4582
E02006218,7851,3801,4050
E02006219,7887,3907,3980
E02006220,7398,3614,3784
E02006221,6087,3084,3003
E02006222,6859,3352,3507
E02006223,7170,3454,3716
E02006224,7692,3787,3905
E02006225,7375,3665,3710
E02006226,9677,4795,4882
E02006468,10486,5182,5304
E02006469,8708,4311,4397
E02006470,11003,5430,5573
E02006471,6925,3444,3481
E02006472,8940,4378,4562
E02006473,9925,4809,5116
E02006474,6027,3050,2977
E02006475,7256,3521,3735
E02006476,7321,3529,3792
E02006477,6943,3452,3491
E02006478,8233,4106,4127
E02006479,8718,4374,4344
E02006480,7452,3687,3765
E02006481,6878,3379,3499
E02006482,6736,3334,3402
E02006483,7787,3785,4002
E02006484,7676,3713,3963
E02006485,6877,3393,3484
E02006486,7041,3500,3541
E02006487,6666,3196,3470
E02006488,6146,3002,3144
E02006489,8043,4002,4041
E02006490,7473,3622,3851
E02006806,8006,3846,4160
E02006492,11104,5657,5447
E02006493,9047,4469,4578
E02006494,6754,3426,3328
E02006495,7685,3848,3837
E02006496,6937,3611,3326
E02006497,7760,3875,3885
E02006498,11324,5646,5678
E02006499,5915,2935,2980
E02006500,5865,2936,2929
E02006501,9024,4501,4523
E02006502,10801,5152,5649
E02006503,7859,3828,4031
E02006504,5679,2798,2881
E02006505,6656,3182,3474
E02006506,5879,2859,3020
E02006507,9058,4466,4592
E02006508,9442,4616,4826
E02006509,6083,2932,3151
E02006510,6182,3023,3159
E02006511,9164,4400,4764
E02006512,10901,5377,5524
E02006513,7487,3624,3863
E02006514,9057,4217,4840
E02006515,9223,4504,4719
E02006516,9019,4449,4570
E02006517,7358,3585,3773
E02006518,9297,4465,4832
E02006519,7565,3665,3900
E02006520,8388,4115,4273
E02006521,7463,3668,3795
E02006522,5464,2731,2733
E02006523,11628,5722,5906
E02006524,5624,2779,2845
E02006525,12862,6428,6434
E02006526,8318,4137,4181
E02006527,9166,4595,4571
E02006528,11142,5645,5497
E02006529,11304,5628,5676
E02006530,10492,5210,5282
E02006531,9931,5326,4605
E02006532,8729,4300,4429
E02006533,9572,4701,4871
E02001827,6045,2902,3143
E02001828,6920,3275,3645
E02001829,8735,4265,4470
E02001830,9437,4545,4892
E02001831,10326,4898,5428
E02001832,8168,4002,4166
E02001833,5808,2855,2953
E02001834,6139,2893,3246
E02001835,8176,4002,4174
E02001836,9180,4478,4702
E02001837,10585,5091,5494
E02001838,7673,3726,3947
E02001839,6442,3065,3377
E02001840,8771,4123,4648
E02001841,5993,2918,3075
E02001842,7663,3708,3955
E02001843,6455,3165,3290
E02001844,9716,4750,4966
E02001845,6274,3004,3270
E02001846,7829,3819,4010
E02001847,5521,2693,2828
E02001848,6372,2959,3413
E02001849,6882,3356,3526
E02001850,8173,3969,4204
E02001851,8576,4126,4450
E02001852,6544,3212,3332
E02001854,7777,3807,3970
E02001855,9971,4582,5389
E02001856,8512,4253,4259
E02001857,12902,6439,6463
E02001858,8453,4213,4240
E02001859,10115,5100,5015
E02001860,8337,4198,4139
E02001861,10161,5251,4910
E02001862,9904,4851,5053
E02001863,7839,3949,3890
E02001864,5531,2639,2892
E02001865,10932,5612,5320
E02001866,8671,4454,4217
E02001867,6901,3353,3548
E02001868,8617,4174,4443
E02001869,6060,2926,3134
E02001870,11560,5646,5914
E02001871,7721,3621,4100
E02001872,7161,3342,3819
E02001873,10534,5249,5285
E02001874,9352,4693,4659
E02001875,8168,4108,4060
E02001876,11909,6019,5890
E02001877,10655,5379,5276
E02001878,8955,4474,4481
E02001879,10376,5446,4930
E02001880,9434,4456,4978
E02001881,9334,4616,4718
E02001882,8152,4025,4127
E02001883,8129,3863,4266
E02001884,9239,4594,4645
E02001886,8808,4595,4213
E02001888,6247,3006,3241
E02001889,8346,4155,4191
E02001890,9806,5045,4761
E02001892,10193,4946,5247
E02001893,8097,4009,4088
E02001895,7790,3725,4065
E02001896,9287,4715,4572
E02001897,7596,3957,3639
E02001898,6488,3185,3303
E02001899,7866,3796,4070
E02001900,6801,3373,3428
E02001901,7902,3765,4137
E02001902,6101,3013,3088
E02001903,7600,3878,3722
E02001904,6939,3430,3509
E02001905,9716,4783,4933
E02001906,9315,4458,4857
E02001907,9622,4817,4805
E02001908,8908,4486,4422
E02001909,7986,4095,3891
E02001910,7117,3592,3525
E02001911,7935,3768,4167
E02001913,7186,3587,3599
E02001914,6790,3470,3320
E02001915,11507,5722,5785
E02001916,8612,4196,4416
E02001918,8956,4662,4294
E02001919,6689,3419,3270
E02001920,7587,3554,4033
E02001921,7833,3701,4132
E02001922,12650,5895,6755
E02001923,10457,5119,5338
E02001924,6456,3185,3271
E02001925,6684,3179,3505
E02001926,7214,3671,3543
E02001927,7702,3663,4039
E02001928,6858,3262,3596
E02001929,9649,4629,5020
E02001930,7858,3881,3977
E02001931,7886,3854,4032
E02001932,6795,3180,3615
E02001933,7625,3663,3962
E02001934,6811,3365,3446
E02001935,7839,3733,4106
E02001936,6473,3148,3325
E02001937,7923,3773,4150
E02001938,7726,3715,4011
E02001939,5812,2810,3002
E02001941,6202,2962,3240
E02001942,6767,3231,3536
E02001943,6394,3071,3323
E02001944,8126,3978,4148
E02001945,7784,3707,4077
E02001946,7688,3848,3840
E02001947,6165,2986,3179
E02001948,7433,3670,3763
E02001949,5819,2727,3092
E02001950,8406,4080,4326
E02001951,8217,3975,4242
E02001952,8895,4257,4638
E02001953,7131,3453,3678
E02001954,7812,3726,4086
E02001955,6381,3069,3312
E02001956,6406,3088,3318
E02001957,7912,3891,4021
E02006807,7903,3874,4029
E02006809,10032,4890,5142
E02006895,7273,3683,3590
E02006896,5268,3125,2143
E02006897,6376,3478,2898
E02006898,6184,3373,2811
E02006899,5547,3240,2307
E02006900,14713,7335,7378
E02006901,14402,7330,7072
E02001958,7452,3644,3808
E02001959,6201,3081,3120
E02001961,7498,3723,3775
E02001962,6034,2871,3163
E02001963,5926,2874,3052
E02001964,8092,3782,4310
E02001965,8019,3873,4146
E02001966,6922,3504,3418
E02001967,6281,3063,3218
E02001968,7147,3475,3672
E02001969,6377,3039,3338
E02001970,5482,2702,2780
E02001971,5834,2825,3009
E02001972,10054,5157,4897
E02001973,8132,4098,4034
E02001974,9472,4563,4909
E02001975,7860,3810,4050
E02001976,7132,3517,3615
E02001977,9014,4705,4309
E02001978,6503,3258,3245
E02001979,5726,2759,2967
E02001980,5996,2948,3048
E02001981,11753,6162,5591
E02001982,7062,3467,3595
E02001983,7546,3701,3845
E02001984,8967,4421,4546
E02001985,8453,4610,3843
E02001986,7597,3677,3920
E02001987,5785,3031,2754
E02001988,8786,4985,3801
E02001989,5653,2781,2872
E02001990,9256,4548,4708
E02001991,8515,4262,4253
E02001992,9573,4563,5010
E02001993,7240,3571,3669
E02001994,8159,3954,4205
E02001995,6515,3332,3183
E02001996,6819,3414,3405
E02001997,8526,4189,4337
E02001998,5973,2932,3041
E02001999,9398,4784,4614
E02006805,8230,3966,4264
E02002000,7782,3801,3981
E02002001,5951,2935,3016
E02002002,7084,3439,3645
E02002003,9101,4446,4655
E02002004,7518,3626,3892
E02002005,8090,3880,4210
E02002006,6400,3175,3225
E02002007,8731,4281,4450
E02002008,8329,4126,4203
E02002009,6710,3232,3478
E02002010,7186,3652,3534
E02002011,5864,2832,3032
E02002012,7790,3872,3918
E02002013,6697,3251,3446
E02002014,6929,3407,3522
E02002015,6024,3027,2997
E02002016,7826,3804,4022
E02002017,8279,4144,4135
E02002018,9036,4436,4600
E02002019,7857,3902,3955
E02002020,9451,4647,4804
E02002021,7315,3735,3580
E02002022,8324,4035,4289
E02002023,5339,2624,2715
E02002024,8536,4166,4370
E02002025,7961,3925,4036
E02002026,7087,3547,3540
E02002027,5659,2806,2853
E02002028,5846,2795,3051
E02002029,5876,2838,3038
E02002030,6274,3045,3229
E02002031,6005,3007,2998
E02002032,9940,4809,5131
E02002033,7455,3654,3801
E02002034,8113,4066,4047
E02002035,6145,2990,3155
E02002036,6575,3314,3261
E02002037,5874,2862,3012
E02002038,9410,4629,4781
E02002039,6327,3238,3089
E02002040,5967,2904,3063
E02002041,6202,2996,3206
E02002042,8060,3919,4141
E02002043,8480,4156,4324
E02002044,7498,3592,3906
E02002045,7754,3755,3999
E02002046,5626,2691,2935
E02002047,6465,3152,3313
E02002048,6420,3162,3258
E02002049,5932,2975,2957
E02002051,5517,2665,2852
E02002052,10650,5166,5484
E02002053,5975,2923,3052
E02002054,5583,2694,2889
E02002055,9053,4451,4602
E02002056,8624,4317,4307
E02002057,8996,4394,4602
E02002058,11677,5790,5887
E02002059,10533,5210,5323
E02002060,6273,3193,3080
E02002061,5802,3011,2791
E02002062,7166,3695,3471
E02002063,9172,4515,4657
E02002064,11970,5907,6063
E02002065,12146,6090,6056
E02002066,7211,3595,3616
E02002067,5508,2702,2806
E02002068,11983,5954,6029
E02002069,6567,3259,3308
E02002070,9140,4505,4635
E02002071,6507,3116,3391
E02002072,8346,4210,4136
E02002073,7550,3602,3948
E02002074,8026,3883,4143
E02002075,8539,4179,4360
E02002076,10306,5005,5301
E02002077,10182,5106,5076
E02002078,6205,2973,3232
E02002079,7985,3846,4139
E02002080,6664,3203,3461
E02006810,10032,4950,5082
E02002081,5379,2599,2780
E02002082,5909,2800,3109
E02002083,5838,2884,2954
E02002084,6183,2891,3292
E02002085,6252,3028,3224
E02002086,5443,2688,2755
E02002087,6034,2883,3151
E02002088,9327,4565,4762
E02002089,7733,3769,3964
E02002090,5807,2835,2972
E02002091,7277,3546,3731
E02002092,7141,3451,3690
E02002093,6557,3217,3340
E02002094,5962,2873,3089
E02002095,8537,4108,4429
E02002096,10008,4814,5194
E02002097,6555,3220,3335
E02002098,9418,4561,4857
E02002099,6561,3223,3338
E02002101,5843,2781,3062
E02002102,8592,4150,4442
E02002103,6025,2857,3168
E02002104,6166,2999,3167
E02002105,7815,3851,3964
E02002106,9275,4445,4830
E02002107,5783,2823,2960
E02002108,9797,4798,4999
E02002109,9357,4741,4616
E02006808,6100,2952,3148
E02002110,6753,3307,3446
E02002111,5923,2990,2933
E02002112,5435,2692,2743
E02002113,6468,3175,3293
E02002114,6033,2940,3093
E02002115,6564,3195,3369
E02002116,6739,3285,3454
E02002117,6051,2979,3072
E02002118,7195,3444,3751
E02002119,5990,2951,3039
E02002120,6266,3069,3197
E02002121,6211,3021,3190
E02002122,5518,2744,2774
E02002123,6431,3140,3291
E02002124,6893,3297,3596
E02002125,5918,2845,3073
E02002126,6342,3145,3197
E02002127,8331,4103,4228
E02002128,5547,2697,2850
E02002129,5902,2953,2949
E02002130,6594,3227,3367
E02002131,7847,3840,4007
E02002132,6371,2964,3407
E02002133,6645,3376,3269
E02002134,8221,3982,4239
E02002135,7081,3513,3568
E02002136,7562,3736,3826
E02002137,6285,3089,3196
E02002138,6303,3125,3178
E02002139,9498,4880,4618
E02002140,8021,3979,4042
E02002141,6690,3252,3438
E02002142,6793,3370,3423
E02002143,10027,4992,5035
E02002144,6703,3292,3411
E02002145,6799,3351,3448
E02002146,6505,3151,3354
E02002147,7858,3901,3957
E02002148,11010,5327,5683
E02002149,10027,4846,5181
E02002150,5715,2749,2966
E02002151,5826,2806,3020
E02002152,6232,2967,3265
E02002153,7502,3695,3807
E02002154,5580,2677,2903
E02002155,5829,2707,3122
E02002156,8365,4016,4349
E02002157,7742,3791,3951
E02002158,7659,3776,3883
E02002159,6023,2929,3094
E02002160,7048,3478,3570
E02002161,6288,3201,3087
E02002162,7556,3610,3946
E02002163,11250,5829,5421
E02002164,6843,3739,3104
E02002165,7729,4224,3505
E02002166,9056,4467,4589
E02002167,6548,3215,3333
E02002168,10321,5333,4988
E02002169,8647,4193,4454
E02002170,6253,3007,3246
E02002171,7367,3688,3679
E02002174,7578,3719,3859
E02002175,7031,3477,3554
E02002176,7692,3747,3945
E02002177,9032,4503,4529
E02002178,8114,4026,4088
E02002179,6401,3118,3283
E02002180,6392,3113,3279
E02002181,7079,3487,3592
E02002182,6645,3231,3414
E02006894,12100,6077,6023
E02006696,6270,3022,3248
E02006697,7266,3623,3643
E02006698,6491,3202,3289
E02006699,5939,2886,3053
E02006700,5739,2782,2957
E02006701,6033,2956,3077
E02006702,5808,2849,2959
E02006703,7174,3532,3642
E02006704,6564,3193,3371
E02006705,6696,3242,3454
E02006706,6804,3290,3514
E02006707,6867,3317,3550
E02006708,8102,3950,4152
E02006709,7884,4456,3428
E02006710,7867,3887,3980
E02006711,7847,3886,3961
E02006712,6929,3450,3479
E02006713,6155,2933,3222
E02006714,5262,2560,2702
E02006715,8223,4080,4143
E02006716,6425,3106,3319
E02006717,5691,2712,2979
E02006718,6131,2810,3321
E02006719,7273,3604,3669
E02006720,6828,3308,3520
E02006721,5705,2822,2883
E02006722,5489,2702,2787
E02006723,8282,4030,4252
E02006724,6878,3600,3278
E02006725,5662,2836,2826
E02006726,6411,3247,3164
E02006727,6083,3060,3023
E02006728,7060,3404,3656
E02006729,7282,3657,3625
E02006730,6188,3081,3107
E02006731,5829,2788,3041
E02006732,7293,3639,3654
E02006733,6052,2982,3070
E02006734,8175,3991,4184
E02006735,5205,2516,2689
E02006736,6734,3356,3378
E02006737,7803,3798,4005
E02006738,8966,4427,4539
E02006739,5912,2820,3092
E02006740,6979,3556,3423
E02006741,5639,2742,2897
E02006742,8420,4128,4292
E02006743,6560,3210,3350
E02006744,7015,3591,3424
E02006745,7890,3883,4007
E02006746,7619,3730,3889
E02006747,5851,2815,3036
E02006748,6662,3279,3383
E02006749,5384,2585,2799
E02006750,5430,2611,2819
E02006751,5927,2822,3105
E02006752,6763,3323,3440
E02006753,6301,3172,3129
E02006754,5475,2705,2770
E02006755,5374,2673,2701
E02006756,5366,2595,2771
E02006757,6840,3355,3485
E02006758,5628,2959,2669
E02006759,7065,3438,3627
E02006760,7923,3887,4036
E02006761,5833,2886,2947
E02006762,5713,2793,2920
E02006763,6467,3202,3265
E02006764,5415,2662,2753
E02006765,5872,2810,3062
E02006766,7506,3688,3818
E02006767,8848,4448,4400
E02006768,6790,3333,3457
E02006769,7171,3521,3650
E02006770,7166,3562,3604
E02006771,6576,3248,3328
E02006772,6445,3118,3327
E02006773,8301,4017,4284
E02006774,7482,3737,3745
E02006775,5164,2590,2574
E02006776,6579,3259,3320
E02006777,7161,3551,3610
E02006778,6879,3280,3599
E02006779,7622,3806,3816
E02006780,5791,2829,2962
E02003616,5675,2773,2902
E02003617,8947,4429,4518
E02003618,8768,4213,4555
E02003619,10034,4907,5127
E02003620,8153,3981,4172
E02003621,8072,3932,4140
E02003622,9090,4327,4763
E02003623,8144,3992,4152
E02003624,6008,3076,2932
E02003625,8248,4251,3997
E02003626,5395,2621,2774
E02003627,9069,4609,4460
E02003628,8552,4292,4260
E02003629,9468,4597,4871
E02003630,9681,4727,4954
E02003631,5475,2659,2816
E02003632,6061,2943,3118
E02003633,7794,3786,4008
E02003634,9499,4561,4938
E02003635,5346,2636,2710
E02003599,5601,2832,2769
E02003600,6056,2991,3065
E02003601,7199,3555,3644
E02003602,5946,2972,2974
E02003603,9611,4760,4851
E02003604,6940,3376,3564
E02003605,8312,4369,3943
E02003606,7583,3737,3846
E02003607,8487,4174,4313
E02003608,10928,5407,5521
E02003609,10017,4996,5021
E02003610,7175,3533,3642
E02003611,8480,4224,4256
E02003612,9632,4735,4897
E02003613,5861,2942,2919
E02003614,7373,3700,3673
E02003615,8788,4397,4391
E02003636,7312,3610,3702
E02003637,9389,4697,4692
E02003638,7501,3713,3788
E02003639,8645,4158,4487
E02003640,6010,3018,2992
E02003641,5474,2718,2756
E02003642,8796,4358,4438
E02003643,9839,4910,4929
E02003644,8487,4098,4389
E02003645,6746,3337,3409
E02003646,8865,4370,4495
E02003647,8574,4215,4359
E02003648,5193,2526,2667
E02003649,6875,3392,3483
E02003650,6760,3328,3432
E02003651,5926,2896,3030
E02003258,8486,4208,4278
E02003259,6431,3221,3210
E02003260,8392,3994,4398
E02003261,6039,2884,3155
E02003262,9812,4686,5126
E02003263,11760,5793,5967
E02003264,9326,4524,4802
E02003265,8233,4049,4184
E02003266,9268,4445,4823
E02003267,13253,6688,6565
E02003268,10907,5440,5467
E02003269,9985,4949,5036
E02003270,8000,3942,4058
E02003271,9775,4838,4937
E02003272,10490,5362,5128
E02003273,10286,5064,5222
E02003274,10849,5646,5203
E02003275,11733,6410,5323
E02003276,8445,4511,3934
E02003277,10190,4980,5210
E02003278,11541,6320,5221
E02003237,6216,3055,3161
E02003238,5927,2890,3037
E02003239,7898,3941,3957
E02003240,6629,3461,3168
E02003241,6138,2957,3181
E02003242,7925,3832,4093
E02003243,9741,4746,4995
E02003244,8826,4278,4548
E02003245,7658,3739,3919
E02003246,9097,4695,4402
E02003247,7862,3842,4020
E02003248,10337,5132,5205
E02003249,10563,5264,5299
E02003250,10022,5245,4777
E02003251,7118,3474,3644
E02003252,10250,5124,5126
E02003253,8392,4124,4268
E02003254,8646,4207,4439
E02003255,8807,4343,4464
E02003257,8626,4166,4460
E02006877,7901,3830,4071
E02006878,9052,4514,4538
E02003279,9364,4565,4799
E02003280,9726,4739,4987
E02003281,9219,4424,4795
E02003282,9971,4920,5051
E02003283,10475,5063,5412
E02003284,11213,5513,5700
E02003285,10847,5400,5447
E02003286,9154,4472,4682
E02003287,9710,4653,5057
E02003288,11004,5525,5479
E02003289,10083,4892,5191
E02003290,10045,4982,5063
E02003291,11159,5390,5769
E02003292,11130,5515,5615
E02003293,11063,5612,5451
E02003294,9215,4443,4772
E02003295,10280,4929,5351
E02003296,7040,3491,3549
E02003297,7213,3418,3795
E02003298,7060,3397,3663
E02003299,6115,2986,3129
E02003300,7658,3797,3861
E02003301,9486,4662,4824
E02003302,9974,4972,5002
E02003303,7736,3812,3924
E02003304,9314,4594,4720
E02003305,5770,2858,2912
E02003307,9865,4742,5123
E02003308,6364,3107,3257
E02003309,7425,3677,3748
E02003310,11654,5915,5739
E02003311,8435,4217,4218
E02003312,8086,4163,3923
E02003313,13055,6320,6735
E02006859,7384,3646,3738
E02006926,8071,4049,4022
E02003719,9142,4644,4498
E02003720,9070,4607,4463
E02003721,9405,4731,4674
E02003722,8629,4424,4205
E02003723,9785,5165,4620
E02003724,9907,5104,4803
E02003725,15017,7933,7084
E02003726,8333,4277,4056
E02003727,9252,4704,4548
E02003728,9386,4770,4616
E02003729,8780,4293,4487
E02003730,8034,3979,4055
E02003731,9127,4353,4774
E02003732,8738,4329,4409
E02003733,8376,4140,4236
E02003734,11773,5754,6019
E02003735,8483,4188,4295
E02003736,9900,4975,4925
E02003737,11699,5875,5824
E02003738,6146,3036,3110
E02003739,6309,3084,3225
E02003740,6039,2907,3132
E02006825,6355,3155,3200
E02003742,6305,3114,3191
E02003743,10173,5007,5166
E02003744,12668,6178,6490
E02003745,9690,4766,4924
E02003746,7835,4079,3756
E02003747,11197,5396,5801
E02003748,7430,3581,3849
E02003749,5998,2983,3015
E02003750,7033,3366,3667
E02003751,6480,3178,3302
E02003752,10453,5163,5290
E02003753,11041,5400,5641
E02003754,5758,2844,2914
E02003755,8479,4231,4248
E02003756,6536,3246,3290
E02003757,6354,3140,3214
E02003758,9375,4662,4713
E02003759,6126,3095,3031
E02003760,8377,4137,4240
E02003761,5957,2902,3055
E02003762,8571,4273,4298
E02003763,9869,4859,5010
E02003764,9398,4682,4716
E02003765,6515,3245,3270
E02003766,6711,3275,3436
E02003767,6528,3238,3290
E02003768,9278,4526,4752
E02003769,7433,4241,3192
E02003770,7934,3909,4025
E02003771,6272,3098,3174
E02003772,6815,3407,3408
E02003773,10477,5263,5214
E02003774,5704,2859,2845
E02003775,6877,3402,3475
E02003776,6543,3181,3362
E02003777,6647,3347,3300
E02003778,6014,3229,2785
E02003779,5048,2519,2529
E02003780,10600,5217,5383
E02003781,6361,3195,3166
E02003783,7065,3479,3586
E02003784,8643,4237,4406
E02003785,8695,4320,4375
E02003786,6104,2982,3122
E02003787,7229,3552,3677
E02003788,6359,3176,3183
E02003789,7145,3531,3614
E02003790,9528,4656,4872
E02003791,7816,3861,3955
E02003792,9367,4577,4790
E02003793,7492,3770,3722
E02006873,7185,3582,3603
E02006874,8037,3977,4060
E02004424,7133,3528,3605
E02004425,7347,3554,3793
E02004426,7815,3840,3975
E02004427,7562,3641,3921
E02004428,6176,2957,3219
E02004429,7513,3659,3854
E02004430,8062,3977,4085
E02004431,9071,4448,4623
E02004432,6892,3353,3539
E02004433,8611,4165,4446
E02004434,8385,4128,4257
E02004435,8036,3811,4225
E02004436,7700,3732,3968
E02004437,7863,3805,4058
E02004438,8621,3980,4641
E02004439,8779,4133,4646
E02004440,7880,3777,4103
E02004441,7455,3628,3827
E02004442,8187,3977,4210
E02004443,8171,4016,4155
E02004444,9064,4460,4604
E02004445,8174,4076,4098
E02004446,6878,3414,3464
E02004447,5839,2936,2903
E02004448,6349,3119,3230
E02004449,8483,4114,4369
E02004450,6030,2998,3032
E02004451,8664,4202,4462
E02004452,9291,4534,4757
E02004453,7091,3396,3695
E02004454,8921,4462,4459
E02004455,7634,3718,3916
E02004456,8913,4415,4498
E02004457,10331,5075,5256
E02004458,9519,4604,4915
E02004459,10349,5093,5256
E02004460,8855,4349,4506
E02004461,5820,2864,2956
E02004462,10135,4934,5201
E02004463,7982,3910,4072
E02004464,9765,4738,5027
E02004465,5966,2828,3138
E02004466,8084,3869,4215
E02004467,7574,3619,3955
E02004468,10452,5196,5256
E02004469,6862,3334,3528
E02004470,10667,5179,5488
E02004471,8045,3785,4260
E02004472,6186,3034,3152
E02004473,7674,3745,3929
E02004474,7129,3455,3674
E02004475,6533,3182,3351
E02004476,8002,3903,4099
E02004477,5949,2891,3058
E02004478,6605,3148,3457
E02004479,7949,3919,4030
E02004480,7112,3507,3605
E02004481,6735,3245,3490
E02004482,8394,4040,4354
E02004483,8166,4063,4103
E02004484,7763,3809,3954
E02004485,7006,3454,3552
E02004486,8197,3957,4240
E02004487,7077,3472,3605
E02004488,8254,4079,4175
E02004489,9209,4511,4698
E02004490,7716,3672,4044
E02004491,7370,3655,3715
E02004492,9290,4561,4729
E02004493,10127,5022,5105
E02004494,9565,5064,4501
E02004495,8186,3956,4230
E02004496,7403,3648,3755
E02004497,7848,3841,4007
E02004498,9720,4738,4982
E02004499,6927,3379,3548
E02004500,9147,4505,4642
E02004501,7243,3538,3705
E02004502,6551,3265,3286
E02004503,8087,4018,4069
E02004504,8366,4105,4261
E02004505,5021,2474,2547
E02004506,6798,3346,3452
E02004507,9987,4928,5059
E02004508,6551,3228,3323
E02004509,10565,5238,5327
E02004512,9996,4975,5021
E02004513,10991,5345,5646
E02004514,5549,2626,2923
E02004515,7161,3577,3584
E02004516,10682,5807,4875
E02004517,8283,3979,4304
E02004518,6208,3125,3083
E02004519,7396,3556,3840
E02004520,8360,4110,4250
E02004521,8814,4239,4575
E02004522,10025,4887,5138
E02004523,9014,4544,4470
E02004524,8247,4082,4165
E02004525,7583,3671,3912
E02004526,7183,3404,3779
E02006922,13681,6676,7005
E02004527,8629,4251,4378
E02004528,8037,3968,4069
E02004529,6615,3304,3311
E02004530,6251,3009,3242
E02004531,6238,2971,3267
E02004532,6192,2968,3224
E02004533,7156,3417,3739
E02004534,8758,4313,4445
E02004535,5235,2616,2619
E02004536,6075,2939,3136
E02004537,8550,4135,4415
E02004538,8971,4356,4615
E02004539,7612,3621,3991
E02004540,5973,2890,3083
E02004541,11380,5422,5958
E02004542,6367,3117,3250
E02004543,6620,3143,3477
E02004544,6968,3360,3608
E02004545,7184,3418,3766
E02004546,7423,3628,3795
E02004547,7957,3819,4138
E02004548,8895,4327,4568
E02004549,7694,3691,4003
E02004550,7662,3698,3964
E02004551,7206,3432,3774
E02004552,6455,3172,3283
E02004553,7270,3530,3740
E02004554,7230,3599,3631
E02004555,6042,2997,3045
E02004556,7160,3538,3622
E02004557,8175,4045,4130
E02004558,6428,3060,3368
E02004559,7792,3788,4004
E02004560,8332,4173,4159
E02004561,10029,5051,4978
E02004562,7671,3806,3865
E02004563,6527,3217,3310
E02004564,7969,3906,4063
E02004565,14876,7299,7577
E02004566,5725,2748,2977
E02004567,8151,4069,4082
E02004568,8543,4187,4356
E02004569,7300,3562,3738
E02004570,8683,4133,4550
E02004571,7899,3905,3994
E02004572,7614,3761,3853
E02004573,6072,3012,3060
E02004574,7312,3533,3779
E02004575,11138,5382,5756
E02004576,8831,4289,4542
E02004577,5203,2623,2580
E02004578,7149,3256,3893
E02004579,6890,3398,3492
E02004580,11696,5390,6306
E02004581,7410,3667,3743
E02004582,6689,3114,3575
E02004583,8299,4055,4244
E02004584,6441,3015,3426
E02004585,7652,3676,3976
E02004586,8145,3841,4304
E02004587,7744,3643,4101
E02004588,6475,3122,3353
E02004589,7402,3430,3972
E02004590,7500,3625,3875
E02004591,6847,3354,3493
E02004592,12102,5878,6224
E02004593,8132,4020,4112
E02004594,7819,3982,3837
E02004595,11911,5903,6008
E02004596,7662,3844,3818
E02004597,7267,3504,3763
E02004598,10349,5110,5239
E02004599,7354,3608,3746
E02004843,7181,3502,3679
E02004844,7187,3498,3689
E02004845,7240,3584,3656
E02004846,6238,3072,3166
E02004847,9763,4678,5085
E02004848,7192,3454,3738
E02004849,6836,3369,3467
E02004850,7446,3587,3859
E02004851,5800,2755,3045
E02004852,7646,3697,3949
E02004853,6336,3032,3304
E02004854,7337,3562,3775
E02004855,7407,3567,3840
E02004856,5413,2699,2714
E02004857,5663,2693,2970
E02004858,5078,2482,2596
E02004859,5195,2563,2632
E02004860,5765,2880,2885
E02004861,5484,2665,2819
E02004862,7574,3821,3753
E02004863,7764,3752,4012
E02004864,6282,3061,3221
E02004865,5332,2607,2725
E02004866,6577,3176,3401
E02004867,6083,2947,3136
E02004868,5848,2796,3052
E02004869,5650,2742,2908
E02004870,9390,4599,4791
E02004871,5068,2500,2568
E02004872,6961,3428,3533
E02004873,10069,5070,4999
E02004874,6183,3015,3168
E02004875,9255,4541,4714
E02004876,8999,4769,4230
E02004877,5214,2501,2713
E02004878,6715,3352,3363
E02004879,7720,3847,3873
E02004880,9178,4497,4681
E02004881,5698,2794,2904
E02004882,8000,3896,4104
E02004883,5741,2871,2870
E02004884,9829,4785,5044
E02004885,8804,4354,4450
E02004886,5633,2738,2895
E02004887,7129,3486,3643
E02004888,8458,4173,4285
E02004889,10528,5119,5409
E02004890,8271,4107,4164
E02004891,7456,3589,3867
E02004892,5564,2690,2874
E02004893,5453,2683,2770
E02004894,8310,4166,4144
E02004895,9200,4543,4657
E02004896,7875,3681,4194
E02004897,6663,3185,3478
E02004898,7344,3450,3894
E02004899,5506,2633,2873
E02004900,8163,4038,4125
E02004901,8439,4020,4419
E02004902,7928,3831,4097
E02004903,6727,3283,3444
E02004904,5906,2918,2988
E02004905,6762,3326,3436
E02004906,9682,4802,4880
E02004907,9263,4410,4853
E02004908,9773,4713,5060
E02004909,5119,2518,2601
E02004910,10662,5311,5351
E02004911,6538,3173,3365
E02004912,10280,5126,5154
E02004913,14741,7306,7435
E02004914,7373,3542,3831
E02004915,5411,2611,2800
E02004916,7337,3525,3812
E02004917,6590,3220,3370
E02004918,8097,4103,3994
E02004919,7288,3633,3655
E02004920,10654,5159,5495
E02004921,7562,3657,3905
E02004922,9455,4623,4832
E02004923,10007,4873,5134
E02004924,7239,3499,3740
E02004925,7691,3802,3889
E02004926,7743,3715,4028
E02004927,6410,3059,3351
E02004928,6775,3368,3407
E02004929,6226,3027,3199
E02004930,6826,3310,3516
E02004931,6497,3170,3327
E02004932,7703,3602,4101
E02004933,6907,3384,3523
E02004934,7158,3566,3592
E02004935,7602,3885,3717
E02004936,6178,3113,3065
E02004937,6404,3177,3227
E02004938,5962,3014,2948
E02004939,6614,3274,3340
E02004940,7357,3597,3760
E02004941,9507,4661,4846
E02004942,6130,3058,3072
E02004943,7735,3759,3976
E02004944,6746,3379,3367
E02004945,11794,5775,6019
E02004946,6329,3182,3147
E02004947,6326,3187,3139
E02004948,5795,2870,2925
E02004949,8000,4023,3977
E02004950,6779,3320,3459
E02004951,7015,3450,3565
E02004952,6658,3259,3399
E02004953,6210,3017,3193
E02004954,6395,3135,3260
E02004955,5910,2886,3024
E02004956,8815,4411,4404
E02004957,8732,4255,4477
E02004958,7197,3411,3786
E02004959,5808,2702,3106
E02004960,5567,2718,2849
E02004961,9241,4531,4710
E02004962,8521,4180,4341
E02004963,7029,3429,3600
E02004964,5602,2677,2925
E02004965,6532,3117,3415
E02004966,6967,3459,3508
E02004967,7306,3481,3825
E02004968,7083,3441,3642
E02004969,7195,3473,3722
E02004970,7832,3723,4109
E02004971,7484,3714,3770
E02004972,6100,3075,3025
E02004973,7444,3776,3668
E02004974,7606,3735,3871
E02004975,7778,3895,3883
E02004976,8143,4259,3884
E02004977,8258,4229,4029
E02004978,8626,4194,4432
E02004979,6752,3314,3438
E02004980,5995,2942,3053
E02004981,7189,3553,3636
E02004982,5923,2797,3126
E02004983,5964,2888,3076
E02004984,6314,3176,3138
E02004985,6806,3182,3624
E02004986,7431,3538,3893
E02004987,6740,3281,3459
E02004988,7441,3619,3822
E02004989,12612,6325,6287
E02004990,6371,3240,3131
E02004991,7324,3719,3605
E02004992,8119,4279,3840
E02004993,5251,2543,2708
E02004994,5874,2715,3159
E02004995,5181,2567,2614
E02005503,7111,3631,3480
E02005504,8735,4305,4430
E02005505,7184,3432,3752
E02005506,6849,3399,3450
E02005507,11425,5541,5884
E02005508,6640,3249,3391
E02005509,7258,3359,3899
E02005510,6641,3192,3449
E02005511,7202,3507,3695
E02005512,8810,4828,3982
E02005513,9009,4403,4606
E02005514,6554,3272,3282
E02005515,6223,3103,3120
E02005516,6510,3246,3264
E02005517,5910,2910,3000
E02005518,10635,5346,5289
E02005519,7795,3843,3952
E02005520,7378,3552,3826
E02005521,8519,4217,4302
E02005522,5302,2594,2708
E02005523,7737,3824,3913
E02005524,5442,2697,2745
E02005525,10142,4984,5158
E02005526,5489,2632,2857
E02005527,8229,4022,4207
E02005528,8458,4123,4335
E02005529,5807,2772,3035
E02005530,5150,2565,2585
E02005531,5483,2626,2857
E02005532,6858,3359,3499
E02005533,8237,3944,4293
E02005534,7296,3518,3778
E02005535,7260,3580,3680
E02005536,5790,2814,2976
E02005537,6069,2971,3098
E02005538,9118,4415,4703
E02005539,7544,3696,3848
E02005540,9076,4375,4701
E02005541,6078,2954,3124
E02005542,6866,3348,3518
E02005543,8681,4475,4206
E02005544,7134,3587,3547
E02005545,6448,3190,3258
E02005546,7888,3827,4061
E02005547,9003,4388,4615
E02005548,7256,3515,3741
E02005549,5479,2730,2749
E02005550,6706,3262,3444
E02005551,5420,2521,2899
E02005552,7072,3459,3613
E02005553,8782,4142,4640
E02005554,6896,3240,3656
E02005555,6908,3337,3571
E02005556,7681,3741,3940
E02005557,6072,2958,3114
E02005558,6869,3363,3506
E02005559,7022,3433,3589
E02005560,8506,4129,4377
E02005561,9832,4906,4926
E02005562,7008,3396,3612
E02005563,7448,3717,3731
E02005564,10270,5355,4915
E02005565,7024,3442,3582
E02005566,9527,4697,4830
E02005567,9994,4752,5242
E02005568,7189,3535,3654
E02005569,7931,3930,4001
E02005570,7367,3453,3914
E02005571,5952,2856,3096
E02005572,7683,3634,4049
E02005573,5704,2667,3037
E02005574,6757,3322,3435
E02005575,6981,3411,3570
E02005576,6647,3184,3463
E02005577,5948,2939,3009
E02005578,5728,2808,2920
E02005579,12634,6015,6619
E02005580,7617,3647,3970
E02005581,7704,4067,3637
E02005582,6502,3184,3318
E02005583,8275,4016,4259
E02005584,10596,5349,5247
E02005585,10655,5293,5362
E02005586,9934,4951,4983
E02005587,9855,4976,4879
E02005588,11683,5672,6011
E02005589,11504,5675,5829
E02005590,9641,4881,4760
E02005592,9297,4441,4856
E02005593,10279,4792,5487
E02005594,10404,5117,5287
E02005595,8781,4198,4583
E02005596,9326,4454,4872
E02006907,5136,2738,2398
E02006908,5421,2730,2691
E02005597,12463,6171,6292
E02005598,7769,3751,4018
E02005599,5691,2713,2978
E02005600,6216,3047,3169
E02005601,5714,2733,2981
E02005602,10355,4958,5397
E02005603,8691,4232,4459
E02005604,8200,4026,4174
E02005605,10178,4924,5254
E02005606,5597,2793,2804
E02005607,10957,5422,5535
E02005608,7337,3586,3751
E02005609,6841,3355,3486
E02005610,7981,3956,4025
E02005611,10022,4848,5174
E02006227,6065,3002,3063
E02006228,5758,2879,2879
E02006229,5667,2764,2903
E02006230,10444,5081,5363
E02006231,8350,4106,4244
E02006232,5674,2809,2865
E02006233,11170,5328,5842
E02006234,8908,4388,4520
E02006235,7937,3902,4035
E02006236,10041,4981,5060
E02006237,7726,3764,3962
E02006238,9636,4819,4817
E02006239,6558,3506,3052
E02006240,8680,4436,4244
E02006241,8688,4326,4362
E02006242,7611,3831,3780
E02006243,8996,4489,4507
E02006826,9579,4746,4833
E02006245,8039,3905,4134
E02006246,7463,3664,3799
E02006247,8879,4414,4465
E02006248,8324,4053,4271
E02006249,7876,3836,4040
E02006250,9938,5270,4668
E02006251,9700,4996,4704
E02006252,9134,4420,4714
E02006253,7055,3490,3565
E02006254,8826,4525,4301
E02006255,7799,4037,3762
E02006256,8632,4344,4288
E02006257,6660,3240,3420
E02006258,8991,4388,4603
E02006259,7276,3569,3707
E02006260,8792,4277,4515
E02006261,7689,3756,3933
E02006262,8659,4272,4387
E02006263,7278,3643,3635
E02006264,8156,3986,4170
E02006265,6956,3467,3489
E02006266,9129,4497,4632
E02006267,8381,4152,4229
E02006268,6278,2933,3345
E02006269,6946,3411,3535
E02006270,11366,5616,5750
E02006271,8492,4553,3939
E02006272,7401,3638,3763
E02006273,6330,3139,3191
E02006274,7197,3829,3368
E02006275,7201,3529,3672
E02006276,6562,3236,3326
E02006277,7968,3997,3971
E02006278,8428,4220,4208
E02006279,9053,4401,4652
E02006280,9308,4557,4751
E02006281,8463,4064,4399
E02006282,6204,3027,3177
E02006283,7253,4121,3132
E02006284,7796,3849,3947
E02006285,7974,3959,4015
E02006286,11271,5666,5605
E02006287,5943,2908,3035
E02006288,8865,4288,4577
E02006289,8273,3970,4303
E02006290,8136,3849,4287
E02006291,7039,3386,3653
E02006292,6543,3226,3317
E02006293,10705,5662,5043
E02006294,8096,3759,4337
E02006295,9295,4521,4774
E02006296,12773,6308,6465
E02006297,8018,3987,4031
E02006298,8865,4401,4464
E02006299,8344,3952,4392
E02006300,7507,3601,3906
E02006301,5896,2845,3051
E02006302,6968,3631,3337
E02006303,7649,3672,3977
E02006304,7468,3629,3839
E02006305,9224,4512,4712
E02006306,7217,3568,3649
E02006307,7382,3565,3817
E02006308,7198,3581,3617
E02006309,6800,3205,3595
E02006310,8079,3887,4192
E02006311,8219,3875,4344
E02006312,8762,4308,4454
E02006313,10139,4922,5217
E02006314,7369,3601,3768
E02006315,5904,2776,3128
E02006316,6876,3289,3587
E02000166,7924,3689,4235
E02000167,7944,3880,4064
E02000168,8172,3928,4244
E02000169,7637,3665,3972
E02000170,8338,4134,4204
E02000171,7818,3791,4027
E02000172,10147,4892,5255
E02000173,7675,3759,3916
E02000174,8714,4108,4606
E02000175,8848,4272,4576
E02000176,6373,3111,3262
E02000177,8948,4242,4706
E02000178,8857,4403,4454
E02000179,6329,2980,3349
E02000180,8202,4066,4136
E02000181,7708,3657,4051
E02000182,6697,3100,3597
E02000183,7913,3864,4049
E02000184,8882,4342,4540
E02000185,8290,3902,4388
E02000186,6687,3449,3238
E02000187,8155,3881,4274
E02000188,8322,4250,4072
E02000189,5944,2986,2958
E02000190,7530,3738,3792
E02000191,7497,4008,3489
E02000192,7157,3771,3386
E02000193,7630,4017,3613
E02000001,7375,4091,3284
E02000345,8838,4448,4390
E02000346,6092,3016,3076
E02000347,7956,3960,3996
E02000348,8120,4031,4089
E02000350,9502,4716,4786
E02000351,8523,4303,4220
E02000352,6883,3225,3658
E02000353,7786,3751,4035
E02000354,9502,4765,4737
E02000355,8485,4202,4283
E02000356,7346,3633,3713
E02000357,6339,3019,3320
E02000358,11058,5509,5549
E02000359,6581,3179,3402
E02000360,11292,5492,5800
E02000361,7640,3808,3832
E02000362,6363,3165,3198
E02000363,10845,5305,5540
E02000364,8867,4399,4468
E02000365,12764,6457,6307
E02000366,8514,4141,4373
E02000367,9741,4699,5042
E02000368,9614,4697,4917
E02000369,11594,5889,5705
E02000370,8301,4262,4039
E02000371,12369,6510,5859
E02006918,7611,3724,3887
E02006921,7744,3724,4020
E02000372,9175,4350,4825
E02000373,6658,3099,3559
E02000374,6731,3218,3513
E02000375,7028,3422,3606
E02000376,6915,3523,3392
E02000377,8169,4098,4071
E02000378,6534,3177,3357
E02000379,7581,3771,3810
E02000380,5863,2972,2891
E02000381,7768,3710,4058
E02000382,6167,3119,3048
E02000383,9432,4600,4832
E02000384,7320,3605,3715
E02000385,6162,3123,3039
E02000386,8136,4046,4090
E02000387,6272,3095,3177
E02000388,8202,3965,4237
E02000389,8255,3954,4301
E02000390,6448,3160,3288
E02000391,7729,3802,3927
E02000392,9578,4498,5080
E02000393,6031,2839,3192
E02000394,7755,3680,4075
E02000395,5951,2862,3089
E02000396,6633,3226,3407
E02000397,7815,3896,3919
E02000398,7123,3629,3494
E02000400,7668,3757,3911
E02000401,6734,3151,3583
E02000402,6697,3080,3617
E02000403,7199,3600,3599
E02000404,7315,3621,3694
E02000405,6548,3237,3311
E02000406,7025,3380,3645
E02000407,7312,3624,3688
E02000408,7612,3721,3891
E02000409,6527,3239,3288
E02000410,6693,3240,3453
E02000411,7452,3762,3690
E02000412,6914,3404,3510
E02000413,7500,3524,3976
E02000414,7171,3652,3519
E02000415,6845,3494,3351
E02000416,7490,3671,3819
E02000417,6676,3250,3426
E02000418,5509,2603,2906
E02000419,8108,4151,3957
E02000420,7432,3689,3743
E02000421,7148,3482,3666
E02000422,7825,4008,3817
E02000423,6813,3527,3286
E02000424,7198,3556,3642
E02000425,7256,3652,3604
E02000426,6731,3278,3453
E02000427,6854,3548,3306
E02000428,7022,3526,3496
E02000429,6852,3404,3448
E02000430,7417,3733,3684
E02000431,6685,3356,3329
E02000432,6454,3221,3233
E02006794,7306,3558,3748
E02000554,9182,4387,4795
E02000555,9408,4449,4959
E02000556,10008,4922,5086
E02000557,8124,3878,4246
E02000558,8870,4363,4507
E02000559,8778,4496,4282
E02000560,7076,3614,3462
E02000561,7746,3780,3966
E02000562,7934,3834,4100
E02000563,8486,4075,4411
E02000564,10488,5184,5304
E02000565,8187,3904,4283
E02000566,8164,3992,4172
E02000567,10358,4888,5470
E02000568,9625,4945,4680
E02000569,10022,4769,5253
E02000570,8615,4303,4312
E02000571,8031,3948,4083
E02000572,8571,4071,4500
E02000573,8674,4368,4306
E02000574,8501,4198,4303
E02000575,11889,6226,5663
E02000576,9388,4811,4577
E02000577,7199,3523,3676
E02000578,5798,2752,3046
E02000579,8616,4091,4525
E02000580,8655,4246,4409
E02000581,7298,3415,3883
E02000582,7659,3758,3901
E02000583,7303,3485,3818
E02000584,8178,3972,4206
E02000585,8384,4094,4290
E02000586,7769,3912,3857
E02000587,7523,3743,3780
E02000588,8159,4225,3934
E02000589,8444,4520,3924
E02000590,7015,3330,3685
E02000591,6769,3477,3292
E02000592,6761,3369,3392
E02000593,7624,3908,3716
E02000594,7252,3625,3627
E02000595,7331,3472,3859
E02000596,7782,3900,3882
E02000597,7130,3377,3753
E02000619,8054,4069,3985
E02000620,9370,4895,4475
E02000621,10429,5649,4780
E02000622,8094,4277,3817
E02000623,7990,4049,3941
E02000624,7976,4025,3951
E02000625,8361,4239,4122
E02000626,8301,4067,4234
E02000627,9571,4837,4734
E02000628,9731,4874,4857
E02000629,9033,4570,4463
E02000630,7266,3609,3657
E02000631,8832,4290,4542
E02000632,9516,4829,4687
E02000633,8642,4286,4356
E02000634,6846,3392,3454
E02000635,9157,4568,4589
E02000636,7639,3829,3810
E02000637,8687,4427,4260
E02000638,9898,4959,4939
E02000639,8119,3925,4194
E02000640,9123,4336,4787
E02000641,8779,4138,4641
E02000642,9628,4692,4936
E02000643,8369,4014,4355
E02000644,8620,4213,4407
E02000645,9020,4424,4596
E02000646,9121,4511,4610
E02000647,8483,4179,4304
E02000648,7791,3579,4212
E02000649,11181,5567,5614
E02000650,7424,3472,3952
E02000651,8591,4260,4331
E02000652,7363,3633,3730
E02006801,8081,4238,3843
E02000653,8544,4308,4236
E02000654,8059,3856,4203
E02000655,8208,4069,4139
E02000657,9078,4540,4538
E02000658,8314,4310,4004
E02000659,7697,3674,4023
E02000660,8078,4018,4060
E02000661,6342,3116,3226
E02000662,8100,3859,4241
E02000663,7194,3761,3433
E02000664,9928,5062,4866
E02000665,7916,3950,3966
E02000666,7321,3423,3898
E02000667,6534,3101,3433
E02000668,6657,3309,3348
E02000669,7518,3771,3747
E02000670,6539,3143,3396
E02000671,8403,4098,4305
E02000672,8377,4313,4064
E02000673,8007,4060,3947
E02000674,8015,3773,4242
E02000675,8204,3953,4251
E02000676,7713,3774,3939
E02000677,7199,3561,3638
E02000678,6087,2840,3247
E02000679,7905,3931,3974
E02000680,6847,3380,3467
E02000681,8094,3853,4241
E02000682,8162,3856,4306
E02000683,6444,3023,3421
E02000685,7679,3627,4052
E02000686,6681,3132,3549
E02000687,7926,3966,3960
E02006783,7208,3333,3875
E02006784,7359,3434,3925
E02006798,7548,3780,3768
E02000714,8133,4164,3969
E02000715,7381,3829,3552
E02000716,7354,3912,3442
E02000717,8101,4305,3796
E02000718,6844,3429,3415
E02000719,8216,4243,3973
E02000720,7483,4104,3379
E02000721,9665,5243,4422
E02000722,8226,4255,3971
E02000723,10600,5779,4821
E02000724,9415,5203,4212
E02000725,8876,4512,4364
E02000726,8892,4739,4153
E02000727,8305,4710,3595
E02000728,8227,4440,3787
E02000729,7080,3712,3368
E02000730,8992,5026,3966
E02000731,10073,5718,4355
E02000732,7566,4052,3514
E02000733,9754,4899,4855
E02000734,7642,3932,3710
E02000735,7582,4089,3493
E02000736,8571,4392,4179
E02000737,9434,4763,4671
E02000738,8467,4405,4062
E02000739,6894,3529,3365
E02000740,6779,3345,3434
E02000741,8261,4183,4078
E02000742,8005,4002,4003
E02000743,7866,3926,3940
E02000744,8029,3951,4078
E02000745,8141,3961,4180
E02000746,7382,3512,3870
E02000747,10646,5554,5092
E02000748,6240,3056,3184
E02000749,8183,3957,4226
E02000750,10679,5505,5174
E02000807,8313,4278,4035
E02000808,9102,4712,4390
E02000809,11711,6450,5261
E02000810,9144,4452,4692
E02000812,10290,5077,5213
E02000813,8591,4162,4429
E02000814,8652,4397,4255
E02000815,6497,3342,3155
E02000816,9043,4379,4664
E02000817,6494,3153,3341
E02000818,7534,3758,3776
E02000819,8315,4182,4133
E02000820,8503,4395,4108
E02000821,8386,4131,4255
E02000822,8111,4005,4106
E02000823,7733,3801,3932
E02000824,9568,4609,4959
E02000825,9649,4702,4947
E02000826,8888,4288,4600
E02000827,10359,5209,5150
E02000828,8383,4145,4238
E02000829,10389,5303,5086
E02000830,8870,4335,4535
E02000831,9378,4591,4787
E02000832,9960,4759,5201
E02000833,7755,3575,4180
E02000834,9199,4380,4819
E02000835,7236,3469,3767
E02000836,8240,3985,4255
E02000837,9085,4390,4695
E02000838,9180,4317,4863
E02000839,8036,3927,4109
E02006802,7689,3960,3729
E02000864,8297,4020,4277
E02000865,7051,3474,3577
E02000866,9662,4778,4884
E02000867,9761,4900,4861
E02000868,6632,3341,3291
E02000869,5705,2956,2749
E02000870,6477,3242,3235
E02000871,8591,4379,4212
E02000872,7501,3901,3600
E02000873,8713,4315,4398
E02000874,7129,3632,3497
E02000875,9440,4781,4659
E02000876,7037,3748,3289
E02000877,9803,4969,4834
E02000878,10286,5492,4794
E02000879,7634,3839,3795
E02000880,5776,3022,2754
E02000881,6909,3448,3461
E02000882,8604,4340,4264
E02000883,7950,3977,3973
E02000884,9086,5060,4026
E02000885,6895,3502,3393
E02000886,7326,3931,3395
E02000887,8660,4359,4301
E02000888,8215,4361,3854
E02000889,6616,3607,3009
E02000890,5795,3152,2643
E02000891,12678,6719,5959
E02000893,6783,3410,3373
E02000894,10137,5320,4817
E02006853,7064,3680,3384
E02006854,5883,3251,2632
E02000923,7474,3721,3753
E02000924,11131,5446,5685
E02000925,7848,3709,4139
E02000926,8936,4523,4413
E02000927,6790,3257,3533
E02000928,8458,4017,4441
E02000929,7277,3370,3907
E02000930,9676,4679,4997
E02000931,8474,4177,4297
E02000932,10296,5096,5200
E02000933,8781,4225,4556
E02000934,9105,4484,4621
E02000935,6850,3078,3772
E02000936,8330,3952,4378
E02000937,7724,3791,3933
E02000938,9546,4390,5156
E02000939,7968,3890,4078
E02000940,7835,3800,4035
E02000941,9941,4860,5081
E02000942,9665,4707,4958
E02000943,8402,4192,4210
E02000944,7206,3389,3817
E02000945,7620,3535,4085
E02000946,8795,4810,3985
E02000947,8675,4130,4545
E02000948,9877,4790,5087
E02000949,9805,4778,5027
E02000950,7578,3656,3922
E02000951,6650,3199,3451
E02000952,6257,3061,3196
E02000953,7084,3254,3830
E02000954,6429,3117,3312
E02000955,6714,3232,3482
E02000956,7705,3639,4066
E02000957,10589,5164,5425
E02000958,8271,3974,4297
E02000959,7233,3554,3679
E02000960,6620,3113,3507
E02000961,9442,4484,4958
E02000962,8624,4201,4423
E02000963,10363,4867,5496
E02000964,12549,6063,6486
E02000965,8627,4283,4344
E02000966,9708,4839,4869
E02000967,7289,3759,3530
E02000968,14358,6993,7365
E02000969,9329,4540,4789
E02000970,8983,4764,4219
E02000971,8408,4523,3885
E02000972,8333,4708,3625
E02000973,10090,5074,5016
E02000974,8794,4871,3923
E02000975,8757,4631,4126
E02000976,9946,5156,4790
E02000977,7490,4297,3193
E02000978,9270,4949,4321
E02000979,8081,4364,3717
E02000980,8684,4368,4316
E02000981,8991,4546,4445
E02000982,8226,4011,4215
E02000983,8434,4144,4290
E02000002,6775,3156,3619
E02000003,10045,4844,5201
E02000004,6182,2950,3232
E02000005,8562,4134,4428
E02000007,8791,4099,4692
E02000008,11569,5450,6119
E02000009,8395,4080,4315
E02000010,8615,4085,4530
E02000011,6187,3046,3141
E02000012,9888,4797,5091
E02000013,8402,4033,4369
E02000014,9402,4413,4989
E02000015,7563,3635,3928
E02000016,7676,4032,3644
E02000017,8498,4524,3974
E02000018,8890,4308,4582
E02000019,8276,3997,4279
E02000020,9276,4635,4641
E02000021,7904,3797,4107
E02000022,8777,4409,4368
E02000023,6482,3160,3322
E02006799,9756,4653,5103
E02000024,10156,4854,5302
E02000025,7956,3823,4133
E02000026,6313,3102,3211
E02000027,9598,4548,5050
E02000028,6166,3034,3132
E02000029,8517,4137,4380
E02000030,9130,4332,4798
E02000031,7294,3503,3791
E02000032,7857,3813,4044
E02000033,8537,4140,4397
E02000034,8508,4059,4449
E02000035,7965,3795,4170
E02000036,10743,5215,5528
E02000037,9741,4689,5052
E02000038,10514,5220,5294
E02000039,6675,3258,3417
E02000040,7197,3410,3787
E02000041,8811,4346,4465
E02000042,10639,5241,5398
E02000043,7696,3728,3968
E02000044,8071,3772,4299
E02000045,10237,5002,5235
E02000046,7063,3445,3618
E02000047,11373,5436,5937
E02000048,9817,4713,5104
E02000049,8503,4002,4501
E02000050,10064,4863,5201
E02000051,8647,4168,4479
E02000052,9698,4695,5003
E02000053,8697,4420,4277
E02000054,7206,3552,3654
E02000055,11130,5514,5616
E02000056,9212,4319,4893
E02000057,7484,3697,3787
E02000058,10220,4805,5415
E02000059,10459,5189,5270
E02000060,10920,5364,5556
E02000061,8013,3918,4095
E02000062,6340,3091,3249
E02000063,6971,3450,3521
E02000064,6248,3014,3234
E02000065,7666,3708,3958
E02000066,9641,4593,5048
E02000067,8750,4206,4544
E02000068,7388,3598,3790
E02000069,6194,2991,3203
E02000070,7875,3788,4087
E02000071,7300,3531,3769
E02000072,11734,5620,6114
E02000073,10724,5203,5521
E02000074,7655,3576,4079
E02000075,7948,3865,4083
E02000077,7823,3748,4075
E02000078,7665,3718,3947
E02000079,7865,3728,4137
E02000080,9430,4546,4884
E02000081,7513,3653,3860
E02000082,8876,4338,4538
E02000083,9771,4783,4988
E02000084,10641,5257,5384
E02000085,7893,3765,4128
E02000086,7328,3584,3744
E02000087,7579,3716,3863
E02000088,7737,3790,3947
E02000089,7783,3737,4046
E02000090,8726,4021,4705
E02000091,9682,4540,5142
E02000092,6426,3000,3426
E02006785,6384,3073,3311
E02000093,10883,5404,5479
E02000094,8746,4388,4358
E02000095,9921,4945,4976
E02000096,7598,3745,3853
E02000097,8958,4559,4399
E02000098,7944,4040,3904
E02000099,8707,4289,4418
E02000100,8388,4092,4296
E02000101,9332,4641,4691
E02000102,7787,3812,3975
E02000103,8723,4311,4412
E02000104,6767,3431,3336
E02000105,9202,4809,4393
E02000106,10217,5126,5091
E02000107,10692,5509,5183
E02000108,6584,3389,3195
E02000109,9864,5185,4679
E02000110,8087,4114,3973
E02000111,9782,5059,4723
E02000112,9432,5017,4415
E02000113,9655,4615,5040
E02000114,9010,4519,4491
E02000115,8340,4278,4062
E02000116,8153,4087,4066
E02000117,12013,5839,6174
E02000118,9425,4923,4502
E02000119,7248,3558,3690
E02000120,9214,4541,4673
E02000121,8933,4584,4349
E02000122,8079,3901,4178
E02000123,14719,7453,7266
E02000124,10222,5088,5134
E02000125,10815,5320,5495
E02000126,7775,3897,3878
E02000127,8483,3915,4568
E02000128,7294,3494,3800
E02000130,7914,3819,4095
E02000131,8954,4413,4541
E02000132,8567,4163,4404
E02000133,9606,4600,5006
E02000134,10773,5170,5603
E02000135,9734,4688,5046
E02000136,5728,2724,3004
E02000137,7826,3725,4101
E02000138,7936,3838,4098
E02000139,7284,3468,3816
E02000140,8041,3751,4290
E02000141,6940,3348,3592
E02000142,8285,3961,4324
E02000144,8681,4238,4443
E02000145,8086,3756,4330
E02000146,8324,3988,4336
E02000147,7969,3912,4057
E02000148,6585,3161,3424
E02000149,7708,3687,4021
E02000150,8351,3991,4360
E02000151,7574,3628,3946
E02000152,6572,3128,3444
E02000153,7755,3750,4005
E02000154,7959,3876,4083
E02000155,6905,3338,3567
E02000156,12094,5817,6277
E02000157,7964,3826,4138
E02000158,7364,3525,3839
E02000159,6812,3278,3534
E02000160,7856,3816,4040
E02000161,8410,4066,4344
E02000162,6693,3116,3577
E02000163,7650,3749,3901
E02000165,7045,3466,3579
E02006782,7648,3630,4018
E02006787,7594,3632,3962
E02006789,6428,3137,3291
E02000194,8696,4249,4447
E02000195,9152,4505,4647
E02000196,7403,3628,3775
E02000197,9094,4382,4712
E02000198,8070,3870,4200
E02000199,8430,3966,4464
E02000200,8294,4045,4249
E02000201,8281,3995,4286
E02000202,8548,4216,4332
E02000203,7539,3649,3890
E02000204,9407,4528,4879
E02000206,9539,4631,4908
E02000207,8999,4319,4680
E02000208,9790,4740,5050
E02000209,8414,4104,4310
E02000210,8310,3980,4330
E02000211,8000,3851,4149
E02000212,8523,4202,4321
E02000213,9551,4780,4771
E02000214,6236,3116,3120
E02000215,10518,5425,5093
E02000216,6738,3332,3406
E02000217,9688,4776,4912
E02000218,6640,3098,3542
E02000219,7686,3649,4037
E02000220,9881,5075,4806
E02000221,9820,4649,5171
E02000222,7891,3919,3972
E02000223,8371,3725,4646
E02000224,7684,3813,3871
E02000225,7535,3543,3992
E02000226,7539,3740,3799
E02000227,11411,5380,6031
E02000228,7609,3704,3905
E02000229,6374,2990,3384
E02000230,10045,4929,5116
E02000231,7685,3795,3890
E02000232,6207,2983,3224
E02000233,6135,2955,3180
E02000234,8023,3897,4126
E02000235,6968,3354,3614
E02000236,7659,3743,3916
E02000237,7475,3556,3919
E02006788,7520,3438,4082
E02000238,9500,4865,4635
E02000239,9000,4563,4437
E02000240,10265,4954,5311
E02000241,6639,3288,3351
E02000242,6763,3527,3236
E02000243,8509,4286,4223
E02000244,7172,3667,3505
E02000245,8156,3927,4229
E02000246,8748,4293,4455
E02000247,10308,4952,5356
E02000248,7334,3643,3691
E02000249,7721,3842,3879
E02000250,6487,3093,3394
E02000251,7944,4008,3936
E02000252,9706,5073,4633
E02000253,9632,4615,5017
E02000254,8949,4542,4407
E02000255,9465,4583,4882
E02000256,8861,4381,4480
E02000257,13509,6703,6806
E02000258,6730,3413,3317
E02000259,6276,3045,3231
E02000260,8710,4500,4210
E02000261,10766,5272,5494
E02000262,8925,4456,4469
E02000263,11637,6173,5464
E02000264,8103,4040,4063
E02000265,11119,5542,5577
E02000266,12331,6141,6190
E02000267,6926,3403,3523
E02000268,9358,4666,4692
E02000269,8078,3947,4131
E02000270,8043,3883,4160
E02000271,6763,3331,3432
E02000272,6748,3318,3430
E02000274,12733,6846,5887
E02000275,7102,3631,3471
E02000276,6722,3449,3273
E02006791,6711,3314,3397
E02000277,7081,3391,3690
E02000278,8837,4175,4662
E02000279,11292,5328,5964
E02000280,8515,4023,4492
E02000281,8835,4200,4635
E02000282,9115,4245,4870
E02000283,8424,4022,4402
E02000284,8200,3980,4220
E02000285,6597,3204,3393
E02000286,8158,4011,4147
E02000287,6823,3293,3530
E02000288,10490,5090,5400
E02000289,6569,3145,3424
E02000290,7242,3472,3770
E02000291,8924,4374,4550
E02000292,9518,4577,4941
E02000293,6307,3146,3161
E02000294,8879,4240,4639
E02000295,8374,4008,4366
E02000296,9535,4511,5024
E02000297,9298,4532,4766
E02000298,7976,3978,3998
E02000299,9312,4494,4818
E02000300,8157,3933,4224
E02000301,10070,4787,5283
E02000302,8326,4031,4295
E02000303,8390,3967,4423
E02000304,8089,3936,4153
E02000305,8633,4310,4323
E02000306,9149,4287,4862
E02000307,9873,4774,5099
E02000308,7736,3881,3855
E02000309,10489,5126,5363
E02000311,9872,4777,5095
E02000312,10473,5259,5214
E02006793,8908,4147,4761
E02000313,6566,3290,3276
E02000314,13164,6745,6419
E02000315,9080,4331,4749
E02000316,10750,5559,5191
E02000317,8370,4134,4236
E02000318,9842,5058,4784
E02000319,10971,5668,5303
E02000320,6624,3207,3417
E02000321,7200,3535,3665
E02000323,10674,5454,5220
E02000324,7315,3523,3792
E02000326,7070,3409,3661
E02000327,6825,3539,3286
E02000328,6606,3232,3374
E02000329,6180,3102,3078
E02000331,7831,3805,4026
E02000332,7253,3604,3649
E02000333,6269,3087,3182
E02000334,6469,3179,3290
E02000335,6549,3229,3320
E02000337,7906,3821,4085
E02000339,5970,2926,3044
E02000340,6088,2977,3111
E02000341,7683,3656,4027
E02000342,6453,3020,3433
E02000343,6675,3272,3403
E02000344,6387,3150,3237
E02006786,6894,3445,3449
E02006927,8315,4065,4250
E02006928,7341,3632,3709
E02006929,7490,3698,3792
E02006930,6561,3315,3246
E02006931,9186,4557,4629
E02000433,7686,3530,4156
E02000434,8588,4170,4418
E02000435,7426,3594,3832
E02000436,5782,2812,2970
E02000437,8377,4025,4352
E02000438,7910,3733,4177
E02000439,8206,4077,4129
E02000440,9569,4744,4825
E02000441,6714,3193,3521
E02000442,8706,4380,4326
E02000443,9470,4650,4820
E02000444,8499,4184,4315
E02000445,10250,5189,5061
E02000447,7058,3456,3602
E02000448,6641,3171,3470
E02000449,8137,4072,4065
E02000451,6550,3213,3337
E02000452,8218,4262,3956
E02000453,7620,3782,3838
E02000454,7082,3456,3626
E02000455,8135,4068,4067
E02000456,7059,3483,3576
E02000457,6314,3146,3168
E02000459,8235,4079,4156
E02000460,6518,3200,3318
E02000461,6947,3824,3123
E02000462,6632,3320,3312
E02000463,8429,4161,4268
E02006795,8124,4040,4084
E02006882,14174,7009,7165
E02000464,6451,3071,3380
E02000465,7930,3838,4092
E02000466,8287,3905,4382
E02000467,9643,4600,5043
E02000468,7782,3691,4091
E02000469,6443,3036,3407
E02000470,7887,3842,4045
E02000471,7457,3581,3876
E02000472,8989,4345,4644
E02000473,9588,4608,4980
E02000474,8343,3961,4382
E02000475,9196,4414,4782
E02000476,8414,4130,4284
E02000477,9360,4550,4810
E02000478,5885,2901,2984
E02000479,8134,3871,4263
E02000480,9795,4765,5030
E02000481,7793,3637,4156
E02000482,6396,3127,3269
E02000483,7614,3606,4008
E02000484,8199,4041,4158
E02000485,7986,3792,4194
E02000486,7366,3580,3786
E02000487,7843,3771,4072
E02000488,7431,3601,3830
E02000489,7884,3792,4092
E02000490,7828,3728,4100
E02000491,8826,4406,4420
E02000492,6272,3076,3196
E02000493,6210,2943,3267
E02000494,7479,3559,3920
E02000495,9473,4514,4959
E02000496,7399,3565,3834
E02000497,8529,4082,4447
E02000498,6020,2919,3101
E02000499,7765,3774,3991
E02000500,7714,3829,3885
E02000501,8247,3944,4303
E02000502,7613,3650,3963
E02000503,8986,4558,4428
E02000504,7382,3601,3781
E02000506,7541,3692,3849
E02000507,7943,3942,4001
E02000508,9184,4882,4302
E02000509,9823,4926,4897
E02000510,8634,4267,4367
E02000511,9426,4717,4709
E02000512,8001,4004,3997
E02000513,8980,4347,4633
E02000514,9820,5031,4789
E02000515,10439,5271,5168
E02000516,8269,4123,4146
E02000517,8626,4194,4432
E02000518,8606,4225,4381
E02000519,8658,4376,4282
E02000520,11251,5717,5534
E02000521,9912,4874,5038
E02000522,8653,4235,4418
E02000523,9636,4866,4770
E02000524,6663,3596,3067
E02000525,8826,4449,4377
E02006796,8438,4082,4356
E02000526,8378,4029,4349
E02000528,10614,5187,5427
E02000529,8448,4299,4149
E02000530,6837,3358,3479
E02000531,10337,5062,5275
E02000532,9160,4523,4637
E02000533,8406,4216,4190
E02000534,8044,4112,3932
E02000535,9291,4779,4512
E02000536,9269,4726,4543
E02000537,8620,4542,4078
E02000538,8680,4496,4184
E02000539,10752,5191,5561
E02000540,9246,4807,4439
E02000541,8875,4511,4364
E02000542,9396,4825,4571
E02000543,11713,6109,5604
E02000544,8199,4093,4106
E02000545,8181,3947,4234
E02000546,9750,5004,4746
E02000547,9360,4648,4712
E02000548,9103,4468,4635
E02000549,11017,5484,5533
E02000550,10403,5117,5286
E02000551,8614,4246,4368
E02000552,8266,4222,4044
E02000553,6605,3230,3375
E02006792,8393,4166,4227
E02000598,7837,3752,4085
E02000599,7270,3480,3790
E02000600,8225,3960,4265
E02000601,10409,5156,5253
E02000602,9390,4602,4788
E02000603,7860,3750,4110
E02000604,8586,4168,4418
E02000605,7863,3784,4079
E02000606,10107,5132,4975
E02000607,6829,3331,3498
E02000608,6993,3483,3510
E02000609,7437,3598,3839
E02000610,7629,3789,3840
E02000611,7313,3662,3651
E02000612,8028,3909,4119
E02000613,7841,3733,4108
E02000614,8404,4117,4287
E02000615,7471,3642,3829
E02000616,6031,2973,3058
E02000617,8537,4082,4455
E02000689,8258,4035,4223
E02000690,5656,2780,2876
E02000691,7334,3663,3671
E02000692,7662,3720,3942
E02000693,9173,4710,4463
E02000694,8730,4273,4457
E02000695,8287,4337,3950
E02000696,8072,4059,4013
E02000697,8217,4127,4090
E02000698,7816,3764,4052
E02000699,7689,3757,3932
E02000700,8290,4006,4284
E02000701,8416,4147,4269
E02000702,7638,3705,3933
E02000703,7825,3926,3899
E02000704,7742,3799,3943
E02000705,8124,3954,4170
E02000706,8605,4126,4479
E02000707,7486,3597,3889
E02000708,8286,4085,4201
E02000709,7701,3798,3903
E02000710,8329,4073,4256
E02000711,8158,4073,4085
E02000712,8709,4280,4429
E02000713,7490,3721,3769
E02000751,10422,5065,5357
E02000752,6815,3215,3600
E02000753,6138,2897,3241
E02000754,6440,3159,3281
E02000755,5218,2538,2680
E02000756,12630,6169,6461
E02000757,11516,5687,5829
E02000758,5953,2905,3048
E02000759,12044,5894,6150
E02000760,6957,3320,3637
E02000762,6290,3179,3111
E02000763,6928,3339,3589
E02000764,11865,5586,6279
E02000765,6319,3124,3195
E02000767,7616,3745,3871
E02000768,5660,2738,2922
E02000769,14257,6868,7389
E02000770,7562,3760,3802
E02000772,7946,4033,3913
E02000773,9198,4590,4608
E02000774,7218,3735,3483
E02000776,6372,3151,3221
E02000777,5883,2822,3061
E02000779,7751,4088,3663
E02000780,14666,7523,7143
E02000781,13672,6844,6828
E02000782,9289,4700,4589
E02000783,7255,3630,3625
E02006800,13069,6636,6433
E02006924,12780,6574,6206
E02006925,13241,6559,6682
E02000784,10299,4980,5319
E02000785,9695,4724,4971
E02000786,10919,5215,5704
E02000787,10768,5225,5543
E02000788,8692,4206,4486
E02000789,6196,3005,3191
E02000790,6193,3110,3083
E02000791,6137,3071,3066
E02000792,6989,3444,3545
E02000793,8122,4003,4119
E02000794,6609,3278,3331
E02000795,6898,3462,3436
E02000796,10313,5079,5234
E02000797,6979,3483,3496
E02000798,10528,5115,5413
E02000799,6415,3105,3310
E02000800,5184,2509,2675
E02000801,6608,3170,3438
E02000802,6747,3255,3492
E02000803,9387,4503,4884
E02000804,7106,3439,3667
E02000805,10221,4974,5247
E02000806,9985,4794,5191
E02000840,8171,3873,4298
E02000841,8721,4203,4518
E02000842,7666,3763,3903
E02000843,7495,3662,3833
E02000844,7779,3758,4021
E02000845,8867,4336,4531
E02000846,7053,3423,3630
E02000847,8798,4331,4467
E02000848,7889,3884,4005
E02000849,7485,3589,3896
E02000850,10309,5101,5208
E02000851,8330,4107,4223
E02000852,7434,3631,3803
E02000853,7592,3696,3896
E02000854,7101,3484,3617
E02000855,7787,3797,3990
E02000856,8176,4021,4155
E02000857,7905,3800,4105
E02000858,7691,3603,4088
E02000859,8165,3839,4326
E02000860,7598,3737,3861
E02000861,7497,3687,3810
E02000863,6367,3115,3252
E02006836,8270,4003,4267
E02000895,7979,3804,4175
E02000896,8814,4261,4553
E02000897,8077,3812,4265
E02000898,7750,3750,4000
E02000899,7920,3809,4111
E02000900,8088,3894,4194
E02000901,9371,4499,4872
E02000902,8231,4053,4178
E02000903,9043,4423,4620
E02000904,8228,4105,4123
E02000905,9589,4806,4783
E02000906,9248,4564,4684
E02000907,9998,4873,5125
E02000908,10516,5557,4959
E02000909,8640,4188,4452
E02000910,10698,5438,5260
E02000911,10872,5527,5345
E02000912,9238,4582,4656
E02000913,8706,4466,4240
E02000914,10594,5336,5258
E02000915,8643,4530,4113
E02000916,9485,4747,4738
E02000917,9171,4588,4583
E02000918,9126,4727,4399
E02000919,9221,4696,4525
E02000920,9479,4786,4693
E02000921,11001,5521,5480
E02000922,10523,5628,4895
E02003352,5816,2809,3007
E02003353,8689,4294,4395
E02003354,9867,4864,5003
E02003355,6369,3124,3245
E02003356,7022,3339,3683
E02003357,8924,4446,4478
E02003358,9082,4445,4637
E02003359,6409,3138,3271
E02003360,9493,4632,4861
E02003361,7410,3700,3710
E02003362,6581,3252,3329
E02003363,6692,3378,3314
E02003364,6653,3349,3304
E02003365,6670,3298,3372
E02003366,7528,4039,3489
E02003491,7726,3703,4023
E02003492,9491,4534,4957
E02003493,7824,3777,4047
E02003494,6514,3145,3369
E02003495,7200,3470,3730
E02003496,7430,3501,3929
E02003497,7291,3595,3696
E02003498,8382,4224,4158
E02003499,8022,3921,4101
E02003500,8360,4005,4355
E02003501,8322,4149,4173
E02003502,7574,3685,3889
E02003503,8974,4331,4643
E02003504,8390,4240,4150
E02003505,8984,4451,4533
E02003506,6760,3246,3514
E02003507,9793,4710,5083
E02003508,8741,4298,4443
E02003509,8704,4439,4265
E02003510,8509,4189,4320
E02003511,7986,3779,4207
E02003512,9079,4622,4457
E02003513,6619,3163,3456
E02003514,8437,4471,3966
E02003515,9086,4378,4708
E02003516,8366,4477,3889
E02003517,10818,5827,4991
E02003518,7572,3724,3848
E02003519,8669,4765,3904
E02003520,8645,4669,3976
E02003521,8083,4264,3819
E02003522,7047,3615,3432
E02003523,9971,4741,5230
E02003581,7830,3801,4029
E02003582,8210,3987,4223
E02003583,6459,3094,3365
E02003584,6233,3079,3154
E02003585,6662,3164,3498
E02003586,7664,3666,3998
E02003587,8408,4036,4372
E02003588,7463,3886,3577
E02003589,8494,4706,3788
E02003590,7450,3465,3985
E02003591,9226,4428,4798
E02003592,9482,4488,4994
E02003593,5308,2581,2727
E02003594,9219,4444,4775
E02003595,8085,3887,4198
E02003596,8726,4228,4498
E02003597,5617,2748,2869
E02003598,7729,3736,3993
E02003314,6310,3095,3215
E02003315,5556,2809,2747
E02003316,9692,4712,4980
E02003317,5903,2906,2997
E02003318,5998,2921,3077
E02003319,7768,3857,3911
E02003320,8258,4539,3719
E02003321,6087,2932,3155
E02003322,6975,3517,3458
E02003323,7265,3627,3638
E02003324,8989,4366,4623
E02003325,7000,3634,3366
E02003326,7787,3853,3934
E02003327,7314,3721,3593
E02003328,8279,4184,4095
E02003329,6656,3361,3295
E02003330,6755,3297,3458
E02003331,8789,4218,4571
E02003332,6002,2958,3044
E02003333,6704,3519,3185
E02003334,5961,2951,3010
E02003335,7135,3539,3596
E02003336,5856,2879,2977
E02003337,7061,3749,3312
E02003338,7030,3324,3706
E02003339,6277,3071,3206
E02003340,7792,3717,4075
E02003341,5448,2673,2775
E02003342,6270,3067,3203
E02003343,5954,2884,3070
E02003344,7022,3399,3623
E02003345,5903,2938,2965
E02003346,6228,3027,3201
E02003347,6228,3068,3160
E02003348,8003,3910,4093
E02003349,7478,3622,3856
E02003350,6291,3083,3208
E02003351,7901,3898,4003
E02003459,8735,4233,4502
E02003460,9234,4534,4700
E02003461,7392,3535,3857
E02003462,7726,3812,3914
E02003463,6755,3266,3489
E02003464,6744,3278,3466
E02003465,6215,3040,3175
E02003466,7258,3647,3611
E02003467,6371,3079,3292
E02003468,7382,3576,3806
E02003469,5801,2888,2913
E02003470,5620,2691,2929
E02003471,6565,3342,3223
E02003472,8596,4691,3905
E02003473,5683,2843,2840
E02003474,8643,4357,4286
E02003475,14877,7364,7513
E02003476,8646,4397,4249
E02003477,11382,5880,5502
E02003478,6900,3357,3543
E02003479,7436,3777,3659
E02003480,8186,4062,4124
E02003481,7133,3560,3573
E02003482,6229,3055,3174
E02003483,10902,5376,5526
E02003484,7243,3502,3741
E02003485,8062,3904,4158
E02003486,8899,4393,4506
E02003487,7231,3481,3750
E02003488,7059,3440,3619
E02003489,6920,3410,3510
E02003490,6996,3346,3650
E02003524,7989,3910,4079
E02003525,6239,3002,3237
E02003526,6509,3166,3343
E02003527,5869,2887,2982
E02003529,7743,3783,3960
E02003530,7525,3584,3941
E02003531,7949,3914,4035
E02003532,7538,3781,3757
E02003533,5570,2703,2867
E02003534,8817,4401,4416
E02003535,9491,4674,4817
E02003536,7513,3650,3863
E02003537,10468,5239,5229
E02003538,10207,5196,5011
E02003539,12367,6480,5887
E02003540,9119,4489,4630
E02003541,11628,5980,5648
E02003542,9456,4828,4628
E02003543,8951,4787,4164
E02003544,6450,3201,3249
E02003545,7148,3878,3270
E02003546,8525,4199,4326
E02003547,8644,4620,4024
E02003548,6796,3624,3172
E02006821,6545,3225,3320
E02003389,7781,3789,3992
E02003390,7601,3744,3857
E02003391,8233,3900,4333
E02003392,8119,4038,4081
E02003393,7830,3783,4047
E02003394,7536,3674,3862
E02003395,9453,4894,4559
E02003396,9210,4712,4498
E02003397,7444,3566,3878
E02003398,10517,5531,4986
E02003399,11836,6436,5400
E02003400,8463,4330,4133
E02003401,8306,4127,4179
E02003402,9543,4922,4621
E02003403,8548,4078,4470
E02003404,7888,3884,4004
E02003405,9931,4926,5005
E02003406,7459,3633,3826
E02003407,9376,4560,4816
E02003408,10334,5224,5110
E02003409,10357,5053,5304
E02003410,11450,5702,5748
E02003411,11017,5406,5611
E02003412,9447,4692,4755
E02003413,12364,6261,6103
E02003414,12116,6052,6064
E02003415,12117,6366,5751
E02003416,8079,4042,4037
E02003417,9386,4722,4664
E02003418,9504,4639,4865
E02003419,8501,4232,4269
E02003420,6157,3169,2988
E02003549,8453,4327,4126
E02003550,7878,3855,4023
E02003551,6655,3371,3284
E02003552,6168,2988,3180
E02003553,7009,3726,3283
E02003554,6079,3012,3067
E02003555,7325,3594,3731
E02003556,5941,2956,2985
E02003557,6897,3560,3337
E02003558,6612,3216,3396
E02003559,7813,3797,4016
E02003560,7165,3486,3679
E02003561,7934,4112,3822
E02003562,8085,4133,3952
E02003563,7717,3754,3963
E02003564,8000,3830,4170
E02003565,6622,3508,3114
E02003566,6035,2898,3137
E02003567,7665,3722,3943
E02003568,8509,4586,3923
E02003569,7428,3867,3561
E02003570,10222,5649,4573
E02003571,7164,3725,3439
E02003572,6127,3042,3085
E02003573,7452,3604,3848
E02003574,7757,3823,3934
E02003575,6348,3032,3316
E02003576,8076,4013,4063
E02003577,11598,6420,5178
E02003578,6296,3136,3160
E02003579,7822,3798,4024
E02003580,6030,2913,3117
E02003367,6262,3170,3092
E02003368,5575,2774,2801
E02003369,6081,3007,3074
E02003370,6548,3217,3331
E02003371,5945,2964,2981
E02003372,7657,3754,3903
E02003373,8623,4120,4503
E02003374,5728,2825,2903
E02003375,5788,2836,2952
E02003376,5767,2796,2971
E02003377,10236,5300,4936
E02003378,7725,3751,3974
E02003379,6827,3435,3392
E02003380,7851,3970,3881
E02003381,5955,2953,3002
E02003382,7585,3722,3863
E02003383,6918,3485,3433
E02003384,6385,3169,3216
E02003385,7536,3756,3780
E02003386,7965,3906,4059
E02003387,9133,4540,4593
E02003388,5732,2871,2861
E02003421,5590,2689,2901
E02003422,11490,5660,5830
E02003423,6067,2988,3079
E02003424,8116,4019,4097
E02003425,10853,5385,5468
E02003426,9586,4590,4996
E02003427,7540,3747,3793
E02003428,9022,4425,4597
E02003429,7483,3717,3766
E02003430,6713,3895,2818
E02003431,6596,3242,3354
E02003432,6758,3424,3334
E02003433,6614,3216,3398
E02003434,8773,4244,4529
E02003435,6911,3357,3554
E02003436,8357,4129,4228
E02003437,7516,3644,3872
E02003438,10575,4957,5618
E02003439,5421,2668,2753
E02003440,8833,4334,4499
E02003441,7634,3755,3879
E02003442,7107,3499,3608
E02003443,5974,2963,3011
E02003444,8890,4441,4449
E02003445,8331,4161,4170
E02003446,8488,4260,4228
E02003447,9438,4615,4823
E02003448,6672,3374,3298
E02003449,7464,3770,3694
E02003450,10638,5229,5409
E02003451,7939,3758,4181
E02003452,6100,3029,3071
E02003453,6512,3174,3338
E02003454,7612,3668,3944
E02003455,6715,3361,3354
E02003456,6824,3478,3346
E02003457,9764,4839,4925
E02003458,8024,4088,3936
E02003652,8623,4348,4275
E02003653,6469,3215,3254
E02003654,5531,2781,2750
E02003655,9456,4694,4762
E02003656,5725,2762,2963
E02003657,6053,2978,3075
E02003658,7041,3449,3592
E02003659,8334,4068,4266
E02003660,9544,4736,4808
E02003661,5750,3096,2654
E02003662,6266,3100,3166
E02003663,5478,2674,2804
E02003664,6187,3075,3112
E02003665,5896,3075,2821
E02003666,6723,3390,3333
E02003667,9398,4675,4723
E02003668,8804,4369,4435
E02003669,6912,3402,3510
E02003670,8726,4352,4374
E02003671,5882,2858,3024
E02003672,9641,4676,4965
E02003673,8105,3910,4195
E02003674,5259,2559,2700
E02003675,8334,3999,4335
E02003676,8015,3994,4021
E02003677,9593,4775,4818
E02003678,5518,2718,2800
E02003679,6372,3107,3265
E02003680,10072,4857,5215
E02003681,10172,4925,5247
E02003682,7329,3600,3729
E02003683,6292,3019,3273
E02003685,7957,3835,4122
E02003686,7068,3414,3654
E02003687,5698,2689,3009
E02006823,8549,4116,4433
E02003688,12081,5853,6228
E02003689,8693,4181,4512
E02003690,6463,3146,3317
E02003691,6857,3293,3564
E02003692,8476,4162,4314
E02003693,6205,2983,3222
E02003694,7846,3761,4085
E02003695,10246,5060,5186
E02003696,8101,3847,4254
E02003697,6052,2982,3070
E02003698,8362,4135,4227
E02003699,5554,2763,2791
E02003701,11169,5569,5600
E02003702,8286,4165,4121
E02003703,7835,3944,3891
E02003704,5919,2921,2998
E02003705,6920,3547,3373
E02003706,6562,3208,3354
E02003707,6214,3169,3045
E02003708,9406,4847,4559
E02003709,5807,2807,3000
E02003710,10365,4987,5378
E02003711,8486,4247,4239
E02003712,7825,3819,4006
E02003713,5965,2876,3089
E02003714,6627,3194,3433
E02003715,6710,3382,3328
E02003716,5531,2675,2856
E02003717,8799,4238,4561
E02003718,5526,2644,2882
E02006824,9623,4651,4972
E02004356,7492,3562,3930
E02004357,7695,3688,4007
E02004358,7779,3704,4075
E02004359,7938,3715,4223
E02004361,7984,3754,4230
E02004362,8723,4203,4520
E02004363,6728,3186,3542
E02004364,8214,3814,4400
E02004365,7420,3792,3628
E02004366,6898,3378,3520
E02004367,7070,3216,3854
E02006857,8500,4073,4427
E02006858,6971,3474,3497
E02004368,8042,3911,4131
E02004369,9682,4614,5068
E02004370,7706,3725,3981
E02004371,7022,3392,3630
E02004372,6495,3063,3432
E02004373,8548,4045,4503
E02004374,7746,3743,4003
E02004375,8552,4261,4291
E02004376,6987,3577,3410
E02004377,10580,4996,5584
E02004378,8894,4687,4207
E02004379,7650,3763,3887
E02004380,8786,4231,4555
E02004381,9595,4658,4937
E02004382,6422,3112,3310
E02004383,7702,3790,3912
E02004384,7477,3630,3847
E02004385,7590,3720,3870
E02004386,6286,3139,3147
E02004387,5946,2955,2991
E02004388,6477,3099,3378
E02004389,9480,4572,4908
E02004390,7853,3725,4128
E02004391,6238,2969,3269
E02004392,9281,4594,4687
E02004393,6129,2942,3187
E02004394,7826,3845,3981
E02004395,7584,3681,3903
E02004396,8663,4190,4473
E02004397,7998,3801,4197
E02004398,8736,4074,4662
E02004399,7757,3605,4152
E02004400,10232,4736,5496
E02004401,7672,3522,4150
E02004402,8710,4031,4679
E02004403,6483,3119,3364
E02004404,6421,3116,3305
E02004405,5801,2853,2948
E02004406,7168,3486,3682
E02004407,7795,3716,4079
E02004408,7982,3959,4023
E02004409,5588,2749,2839
E02004410,7824,3827,3997
E02004411,8511,4067,4444
E02004412,7772,3751,4021
E02004413,6831,3340,3491
E02004414,5982,2894,3088
E02004415,6149,3044,3105
E02004416,6441,3118,3323
E02004417,5630,2672,2958
E02004418,5525,2626,2899
E02004419,5931,2752,3179
E02004420,10519,5088,5431
E02004421,7655,3589,4066
E02004422,9467,4546,4921
E02004423,7440,3495,3945
E02004675,7417,3741,3676
E02004676,8007,4035,3972
E02004677,7239,3590,3649
E02004678,7423,3671,3752
E02004679,8424,4170,4254
E02004680,6806,3376,3430
E02004681,11249,5518,5731
E02004682,7898,3909,3989
E02004683,6898,3362,3536
E02004684,9141,4534,4607
E02004685,6950,3582,3368
E02004686,7985,4059,3926
E02004687,7075,3444,3631
E02004688,7679,3728,3951
E02004689,5476,2687,2789
E02004690,7873,3955,3918
E02004691,7818,3834,3984
E02004692,7285,3608,3677
E02004693,7164,3462,3702
E02004694,6748,3279,3469
E02004695,8971,4435,4536
E02004696,6273,3137,3136
E02004697,5856,2809,3047
E02004698,5565,2693,2872
E02004699,10633,5172,5461
E02004700,5858,3018,2840
E02004702,8199,4067,4132
E02004703,10669,5268,5401
E02004704,5672,2802,2870
E02004705,8491,4103,4388
E02004706,7583,3579,4004
E02004707,11539,5563,5976
E02004708,8621,4101,4520
E02004709,7388,3633,3755
E02004710,6387,3094,3293
E02006829,6551,3155,3396
E02006838,6596,3180,3416
E02004712,8801,4264,4537
E02004713,7845,3849,3996
E02004714,7705,3760,3945
E02004715,8055,4038,4017
E02004716,8816,4353,4463
E02004717,9682,4647,5035
E02004718,8883,4483,4400
E02004719,10081,5049,5032
E02004720,10761,5234,5527
E02004721,9233,4522,4711
E02004722,7221,3437,3784
E02004723,9419,4591,4828
E02004724,7664,3714,3950
E02004725,5332,2578,2754
E02004726,5701,2865,2836
E02004727,9013,4519,4494
E02004728,8559,4200,4359
E02004729,7401,3569,3832
E02004730,8740,4299,4441
E02004731,7900,3883,4017
E02004732,8168,4080,4088
E02004733,7364,3657,3707
E02004734,10202,5014,5188
E02004735,7518,3677,3841
E02004736,7847,3855,3992
E02004737,7430,3632,3798
E02004738,7362,3587,3775
E02004739,6907,3304,3603
E02004740,7170,3358,3812
E02004741,7755,3804,3951
E02004742,7494,3671,3823
E02004743,7631,3799,3832
E02004744,8667,4227,4440
E02004745,9024,4535,4489
E02004746,10860,5253,5607
E02004747,6591,3293,3298
E02004748,9594,4860,4734
E02004749,7149,3451,3698
E02004750,7857,3843,4014
E02004751,8164,3956,4208
E02004752,8318,4094,4224
E02004753,10115,5099,5016
E02004754,6054,2959,3095
E02004755,11608,5775,5833
E02004756,8334,4124,4210
E02004757,8057,4030,4027
E02004758,7884,3898,3986
E02004759,8107,3924,4183
E02004760,7751,3770,3981
E02004761,6641,3545,3096
E02004764,7850,3848,4002
E02004765,6016,2944,3072
E02004766,6424,3052,3372
E02004767,5896,2832,3064
E02004768,5591,2748,2843
E02004769,6407,3088,3319
E02004770,6910,3392,3518
E02004771,8968,4326,4642
E02004772,9171,4504,4667
E02004774,9492,4522,4970
E02004775,8882,4299,4583
E02004776,5977,2935,3042
E02004777,5384,2521,2863
E02004778,6018,2934,3084
E02006822,8763,4313,4450
E02006830,6711,3321,3390
E02006831,6224,3028,3196
E02004779,10876,5293,5583
E02004780,6023,2947,3076
E02004781,8258,4092,4166
E02004782,7650,3769,3881
E02004783,7039,3412,3627
E02004784,5764,2810,2954
E02004785,5544,2706,2838
E02004786,8817,4335,4482
E02004787,7377,3582,3795
E02004788,7195,3505,3690
E02004789,10473,5096,5377
E02004790,7688,3635,4053
E02004791,5602,2652,2950
E02004792,8685,4297,4388
E02004793,7433,3520,3913
E02004794,6919,3306,3613
E02004795,8426,4002,4424
E02004796,9641,4568,5073
E02004797,7853,3742,4111
E02004798,6135,2908,3227
E02004799,7960,3656,4304
E02004800,7457,3385,4072
E02004801,7647,3566,4081
E02004802,6854,3294,3560
E02004803,7552,3611,3941
E02004804,7213,3618,3595
E02004805,8260,4062,4198
E02004806,8173,3997,4176
E02004807,9052,4471,4581
E02004808,10382,5243,5139
E02004809,8816,4918,3898
E02004810,7539,3767,3772
E02004811,7449,3635,3814
E02004812,6474,3203,3271
E02004813,6043,2938,3105
E02004814,7043,3449,3594
E02004815,7623,3719,3904
E02004816,9139,4440,4699
E02004817,7762,3813,3949
E02004818,10164,4976,5188
E02004819,7898,3862,4036
E02004820,7371,3722,3649
E02004821,5238,2572,2666
E02004822,7898,3899,3999
E02004823,8969,4332,4637
E02004824,5799,2642,3157
E02004825,10631,5162,5469
E02004826,6809,3375,3434
E02004827,7713,3805,3908
E02004828,6341,3112,3229
E02004829,5644,2745,2899
E02004830,6331,3117,3214
E02004831,8784,4255,4529
E02004832,8630,4163,4467
E02004833,9725,4718,5007
E02004834,7446,3342,4104
E02004835,10086,5307,4779
E02004836,6336,2868,3468
E02004837,7594,3708,3886
E02004838,9053,4393,4660
E02004839,8151,3957,4194
E02004840,9459,4536,4923
E02004841,11131,5511,5620
E02004842,8225,4009,4216
E02004996,7956,3848,4108
E02004997,7545,3635,3910
E02004998,6680,3245,3435
E02004999,12536,6073,6463
E02005000,9580,4756,4824
E02005001,8890,4293,4597
E02005002,8958,4344,4614
E02005003,8553,4141,4412
E02005004,12098,5957,6141
E02005005,7432,3619,3813
E02005006,5459,2701,2758
E02005007,8552,4166,4386
E02005008,8110,3762,4348
E02005009,5607,2692,2915
E02005010,7470,3542,3928
E02005011,7353,3459,3894
E02005012,8682,4161,4521
E02005013,8147,3906,4241
E02005014,8463,4012,4451
E02005015,8440,4144,4296
E02005016,7748,3644,4104
E02005017,7208,3386,3822
E02005018,7945,3861,4084
E02005019,6020,2890,3130
E02005020,7129,3476,3653
E02005021,10478,5052,5426
E02005022,8317,4061,4256
E02005023,8971,4388,4583
E02005025,9015,4374,4641
E02005026,7430,3634,3796
E02005027,5515,2615,2900
E02006855,5941,2843,3098
E02006856,10873,5190,5683
E02005028,7404,3536,3868
E02005029,9352,4710,4642
E02005030,9811,4949,4862
E02005031,7468,3707,3761
E02005032,8962,4591,4371
E02005033,6553,3276,3277
E02005034,7666,3783,3883
E02005035,7999,3967,4032
E02005036,6307,3011,3296
E02005037,7012,3425,3587
E02005038,5793,2799,2994
E02005039,6792,3306,3486
E02005040,6246,3001,3245
E02005041,7011,3452,3559
E02005042,8957,4327,4630
E02005043,7445,3519,3926
E02005044,6847,3393,3454
E02005045,7988,3845,4143
E02005046,6498,3143,3355
E02005047,7610,3615,3995
E02005048,6531,3197,3334
E02005049,6929,3335,3594
E02005050,9126,4459,4667
E02005051,13316,6557,6759
E02005052,7884,4051,3833
E02005053,8901,4576,4325
E02005054,6631,3296,3335
E02005055,7803,3849,3954
E02005056,10022,5239,4783
E02005057,10609,5335,5274
E02005058,7717,3762,3955
E02005059,9908,4918,4990
E02005060,7364,3524,3840
E02005061,7126,3468,3658
E02005062,6982,3420,3562
E02005063,6606,3181,3425
E02005064,6672,3228,3444
E02005065,7221,3499,3722
E02005066,7794,3781,4013
E02005067,5896,2935,2961
E02005068,7042,3490,3552
E02005069,8569,4214,4355
E02005070,8593,4145,4448
E02005071,10403,5689,4714
E02005072,7623,3745,3878
E02005073,10603,5295,5308
E02005074,7979,3850,4129
E02005075,9461,4612,4849
E02005076,8579,4156,4423
E02005077,7831,3854,3977
E02005078,7928,3930,3998
E02005079,7870,3814,4056
E02005080,11004,5222,5782
E02005081,6599,3233,3366
E02005082,9543,4702,4841
E02005083,6741,3316,3425
E02005084,6443,3119,3324
E02005085,6385,3196,3189
E02005086,5947,2910,3037
E02005087,6972,3388,3584
E02005088,8998,4283,4715
E02005089,6257,3067,3190
E02005090,5835,2816,3019
E02005091,6625,3194,3431
E02005093,6062,2992,3070
E02005094,8457,4160,4297
E02005095,7420,3585,3835
E02005096,9508,4606,4902
E02005097,9395,4609,4786
E02005098,9791,4729,5062
E02005099,7781,3802,3979
E02005100,8907,4274,4633
E02005101,6720,3270,3450
E02006832,6165,2968,3197
E02005102,6275,3053,3222
E02005103,9524,4675,4849
E02005104,8348,4003,4345
E02005105,7745,3831,3914
E02005106,9093,4398,4695
E02005107,12263,6088,6175
E02005109,6562,3069,3493
E02005110,6772,3293,3479
E02005111,7260,3402,3858
E02005112,6946,3379,3567
E02005113,6996,3384,3612
E02005114,6567,3337,3230
E02006879,6698,3730,2968
E02006880,6920,3493,3427
E02005115,5842,2888,2954
E02005116,6096,2970,3126
E02005117,5889,2859,3030
E02005118,9097,4477,4620
E02005119,5702,2819,2883
E02005120,7665,4431,3234
E02005121,12384,6059,6325
E02005122,6958,3361,3597
E02005123,10927,5417,5510
E02005124,8239,4028,4211
E02005125,7541,3716,3825
E02005126,7723,3748,3975
E02005127,8719,4298,4421
E02005128,8300,4039,4261
E02005129,11016,5257,5759
E02005130,8111,4059,4052
E02005131,5626,2726,2900
E02005132,9553,4804,4749
E02005133,8415,3989,4426
E02005134,7174,3604,3570
E02005135,7698,3712,3986
E02005136,7844,3799,4045
E02005137,7769,3644,4125
E02005138,8453,3939,4514
E02005139,8504,3939,4565
E02005140,7524,3499,4025
E02005141,6920,3357,3563
E02005142,7227,3423,3804
E02005143,8143,3875,4268
E02005144,8355,3991,4364
E02005145,6738,3291,3447
E02005146,7789,3814,3975
E02005147,8516,4226,4290
E02005148,7564,3649,3915
E02005149,10405,5122,5283
E02005150,10211,4941,5270
E02005151,12594,6184,6410
E02005153,8551,4104,4447
E02005154,10943,5355,5588
E02005155,10957,5456,5501
E02005156,7289,3590,3699
E02005157,6578,3141,3437
E02005158,6567,3228,3339
E02005159,7774,3703,4071
E02005160,10525,5412,5113
E02005161,8204,4038,4166
E02006833,10207,4933,5274
E02005162,10720,5283,5437
E02005163,8200,4062,4138
E02005164,7845,3799,4046
E02005165,7810,3829,3981
E02005166,7039,3458,3581
E02005167,7799,3774,4025
E02005168,7533,3676,3857
E02005169,8862,4677,4185
E02005170,9453,4490,4963
E02005171,6181,3056,3125
E02005172,8649,4389,4260
E02005173,8590,4217,4373
E02005174,7605,3665,3940
E02005175,8763,4119,4644
E02005921,5334,2631,2703
E02005922,8450,4175,4275
E02005923,5868,2851,3017
E02005924,10880,5364,5516
E02005925,8470,4122,4348
E02005926,7776,3656,4120
E02005927,5409,2650,2759
E02005928,7542,3687,3855
E02005929,6852,3362,3490
E02005930,7634,3716,3918
E02005931,9149,4628,4521
E02005932,7014,3444,3570
E02005933,7427,3659,3768
E02005934,9155,4485,4670
E02005935,7258,3579,3679
E02005936,9276,5054,4222
E02005937,6544,3187,3357
E02005938,5598,2720,2878
E02005939,6232,3156,3076
E02005940,5866,2809,3057
E02005941,7209,3587,3622
E02005942,6750,3278,3472
E02005943,6259,2977,3282
E02005944,7013,3339,3674
E02005945,10495,4909,5586
E02005946,7990,3849,4141
E02005947,16342,9030,7312
E02005948,6820,3547,3273
E02005949,7303,3473,3830
E02005950,11282,5618,5664
E02005951,5944,2992,2952
E02005952,14349,7190,7159
E02005953,5713,2843,2870
E02005954,9640,4800,4840
E02005955,9863,4874,4989
E02005956,6131,2970,3161
E02005957,6937,3250,3687
E02005958,5675,2765,2910
E02005959,5556,2765,2791
E02005960,5886,2828,3058
E02005961,6640,3229,3411
E02005962,8294,4054,4240
E02005963,8166,4019,4147
E02005964,7261,3609,3652
E02005965,5451,2598,2853
E02005966,8043,3996,4047
E02005967,5731,2819,2912
E02005968,7670,4161,3509
E02005969,9141,4367,4774
E02005970,5635,2878,2757
E02005971,5731,2788,2943
E02005972,7982,3942,4040
E02005973,5550,2531,3019
E02005974,6069,2883,3186
E02005975,7910,3930,3980
E02005976,6130,3066,3064
E02005977,5736,2777,2959
E02005978,6670,3245,3425
E02005979,9140,4512,4628
E02005980,11518,6334,5184
E02005981,8985,4466,4519
E02005982,5849,2925,2924
E02005983,10740,5154,5586
E02005984,6881,3398,3483
E02005985,7556,3643,3913
E02005986,8991,4417,4574
E02005987,7640,3719,3921
E02005988,7178,3642,3536
E02005991,9803,4783,5020
E02005992,9014,4321,4693
E02006886,11023,5499,5524
E02005993,6337,3056,3281
E02005994,6078,2945,3133
E02005995,5907,2850,3057
E02005996,8027,3826,4201
E02005997,5555,2713,2842
E02005998,5816,2815,3001
E02005999,6169,3047,3122
E02006000,11829,5707,6122
E02006001,5613,2769,2844
E02006002,10080,4864,5216
E02006003,5416,2650,2766
E02006004,5574,2746,2828
E02006005,9100,4463,4637
E02006006,6669,3728,2941
E02006007,6609,3268,3341
E02006317,6008,2860,3148
E02006318,6337,3103,3234
E02006319,6743,3241,3502
E02006320,6511,3219,3292
E02006321,6307,3030,3277
E02006322,6343,3093,3250
E02006323,6790,3296,3494
E02006324,7430,3551,3879
E02006325,8944,4420,4524
E02006326,6530,3156,3374
E02006327,6352,3086,3266
E02006328,8947,4400,4547
E02006329,6743,3266,3477
E02006330,9290,4435,4855
E02006331,7168,3461,3707
E02006332,6502,3149,3353
E02006333,9489,4597,4892
E02006334,8441,4099,4342
E02006335,7834,3847,3987
E02006336,6797,3258,3539
E02006337,8741,4288,4453
E02006338,6806,3330,3476
E02006339,8969,4440,4529
E02006341,9505,4581,4924
E02006342,7216,3387,3829
E02006343,8686,4171,4515
E02006837,10548,5110,5438
E02006344,8500,4067,4433
E02006345,6672,3508,3164
E02006346,9829,4704,5125
E02006347,7180,3554,3626
E02006348,8529,4177,4352
E02006349,8161,4130,4031
E02006350,6187,3155,3032
E02006351,8267,4006,4261
E02006352,6087,3120,2967
E02006353,6144,3051,3093
E02006354,8976,4347,4629
E02006355,7807,3849,3958
E02006356,10467,5522,4945
E02006357,6156,2975,3181
E02006358,8525,4256,4269
E02006359,5930,2940,2990
E02006360,8268,3877,4391
E02006361,5498,2685,2813
E02006362,6654,3202,3452
E02006363,5887,2843,3044
E02006364,7035,3565,3470
E02006365,5909,2858,3051
E02006366,7996,3967,4029
E02006367,5779,2739,3040
E02006368,5596,2676,2920
E02006369,6489,3202,3287
E02006370,6152,2978,3174
E02006371,7001,3384,3617
E02006372,6417,3144,3273
E02006373,7561,3742,3819
E02006374,6899,3449,3450
E02006375,6242,3058,3184
E02006376,9110,4404,4706
E02006377,5804,2821,2983
E02006378,8823,4354,4469
E02006379,5830,2783,3047
E02006380,7123,3471,3652
E02006381,6891,3349,3542
E02006382,6528,3175,3353
E02006383,9433,4573,4860
E02006384,10053,4951,5102
E02006385,9978,5005,4973
E02006386,7859,3805,4054
E02006387,6427,3084,3343
E02006388,8857,4330,4527
E02006389,6801,3343,3458
E02006390,7854,3852,4002
E02006391,5925,2923,3002
E02006392,8297,4141,4156
E02006393,6384,3009,3375
E02006394,10607,4958,5649
E02006395,9120,4489,4631
E02006396,5767,2899,2868
E02006397,5940,2888,3052
E02006398,7573,3773,3800
E02006399,10652,5184,5468
E02006400,5672,2754,2918
E02006401,9208,4458,4750
E02006402,9587,4736,4851
E02006403,6035,3036,2999
E02006404,6615,3271,3344
E02006405,10363,5101,5262
E02006406,7861,3951,3910
E02006407,8796,4302,4494
E02006408,8223,4067,4156
E02006409,6734,3262,3472
E02006410,8076,4000,4076
E02006411,7107,3485,3622
E02006412,6798,3331,3467
E02006413,6106,2952,3154
E02006414,6207,3039,3168
E02006415,6677,3256,3421
E02006416,8191,4057,4134
E02006417,5592,2791,2801
E02006418,6791,3307,3484
E02006419,7927,3861,4066
E02006420,7411,3633,3778
E02006421,8658,4578,4080
E02006422,6049,2964,3085
E02006423,10349,5165,5184
E02006424,6180,3064,3116
E02006425,6178,3030,3148
E02006426,5717,2820,2897
E02006427,7101,3598,3503
E02006429,7217,3587,3630
E02006430,8976,4327,4649
E02006431,10489,5004,5485
E02006432,5501,2658,2843
E02006433,9417,4515,4902
E02006434,6129,2981,3148
E02006435,5809,2807,3002
E02006436,5949,2834,3115
E02006437,8267,3995,4272
E02006438,7797,3873,3924
E02006790,7447,3577,3870
E02006439,5851,2873,2978
E02006440,7126,3537,3589
E02006441,7617,3566,4051
E02006442,5927,2913,3014
E02006443,7271,3477,3794
E02006444,6737,3312,3425
E02006445,7233,3870,3363
E02006446,6771,3155,3616
E02006447,6230,3135,3095
E02006448,7300,3571,3729
E02006449,6898,3328,3570
E02006450,6979,3424,3555
E02006451,10692,5311,5381
E02006453,8025,3801,4224
E02006454,6553,3120,3433
E02006455,5981,2818,3163
E02006839,8381,4115,4266
E02006456,7724,3737,3987
E02006457,9124,4399,4725
E02006458,9204,4506,4698
E02006459,10574,5471,5103
E02006460,9488,4600,4888
E02006461,6735,3344,3391
E02006462,8452,4196,4256
E02006463,9534,4865,4669
E02006464,6866,3384,3482
E02006465,6188,2988,3200
E02006466,8768,4409,4359
E02006467,6541,3245,3296
E02006534,8524,4140,4384
E02006535,6634,3218,3416
E02006536,7100,3539,3561
E02006537,10127,4809,5318
E02006538,8526,4136,4390
E02006539,7089,3459,3630
E02006540,5665,2728,2937
E02006541,7517,3484,4033
E02006542,5741,2772,2969
E02006543,5546,2633,2913
E02006544,10073,4869,5204
E02006545,8259,3992,4267
E02006546,9631,4544,5087
E02006547,5926,3033,2893
E02006548,9452,4346,5106
E02006549,5870,2703,3167
E02006550,9414,4481,4933
E02006551,7785,3524,4261
E02006552,7109,3585,3524
E02006553,7298,3510,3788
E02006554,6680,3141,3539
E02006555,7476,3584,3892
E02006556,8249,3861,4388
E02006557,7148,3459,3689
E02006558,10638,5171,5467
E02006559,8124,3796,4328
E02006560,9099,4299,4800
E02006561,6740,3333,3407
E02006562,5855,2867,2988
E02006563,5621,2763,2858
E02006564,7238,3373,3865
E02006565,8077,3818,4259
E02006566,7639,3605,4034
E02006567,7446,3579,3867
E02006568,10705,4989,5716
E02006569,7818,3919,3899
E02006570,8374,3963,4411
E02006571,7652,3639,4013
E02006572,9132,4365,4767
E02006573,10760,5138,5622
E02006574,10737,5050,5687
E02006575,8255,4235,4020
E02006576,7958,3981,3977
E02006577,7922,3827,4095
E02006578,9673,4950,4723
E02006579,7877,3926,3951
E02006580,8007,3897,4110
E02006581,8589,4207,4382
E02006582,7943,3960,3983
E02006583,8945,4427,4518
E02006584,7442,3670,3772
E02006585,7770,3729,4041
E02006586,7836,3866,3970
E02006587,8380,4023,4357
E02006588,7481,3718,3763
E02006589,11206,5422,5784
E02006590,8598,4158,4440
E02006591,7986,3886,4100
E02006592,6342,3093,3249
E02006593,10460,5039,5421
E02006594,6701,3294,3407
E02006595,8519,4102,4417
E02006596,8692,4369,4323
E02006597,9379,4618,4761
E02006598,5500,2737,2763
E02006599,6984,3409,3575
E02006600,9278,4398,4880
E02006601,8133,3806,4327
E02006602,7466,3696,3770
E02006603,8576,4061,4515
E02006604,12480,6052,6428
E02006605,6527,3346,3181
E02006606,8188,4075,4113
E02006607,7548,3730,3818
E02006608,5770,2838,2932
E02006609,7178,3621,3557
E02006610,7087,3510,3577
E02006611,10153,4877,5276
E02006612,10153,5016,5137
E02006613,7218,3441,3777
E02006614,10030,4893,5137
E02006615,6773,3294,3479
E02006616,8066,3946,4120
E02006617,9083,4436,4647
E02006618,6187,3010,3177
E02006619,8226,4040,4186
E02006620,9193,4337,4856
E02006621,7581,3648,3933
E02006622,7711,3767,3944
E02006623,7887,3748,4139
E02006624,7152,3506,3646
E02006625,8015,3895,4120
E02006626,7409,3571,3838
E02006627,8495,4107,4388
E02006628,9008,4336,4672
E02006629,7930,3806,4124
E02006630,8147,3860,4287
E02006631,9316,4644,4672
E02006632,7999,3783,4216
E02006633,7990,3713,4277
E02002985,5213,2506,2707
E02002986,5024,2322,2702
E02002987,5404,2645,2759
E02002988,5469,2628,2841
E02002989,5324,2541,2783
E02002990,5920,3023,2897
E02002991,10259,5111,5148
E02002992,5938,2796,3142
E02002993,5516,2772,2744
E02002994,10199,4956,5243
E02002995,5315,2574,2741
E02002996,10633,5278,5355
E02002997,6469,3131,3338
E02002998,5882,2924,2958
E02002999,5529,2699,2830
E02003000,9202,4524,4678
E02003001,5505,2703,2802
E02003002,5419,2582,2837
E02003003,5681,2773,2908
E02003004,6302,3084,3218
E02003005,6154,3006,3148
E02003006,8881,4351,4530
E02003007,8307,4073,4234
E02003008,5620,2760,2860
E02003009,5875,2886,2989
E02003010,5854,2895,2959
E02003011,5122,2529,2593
E02003172,6227,3076,3151
E02003173,6608,3169,3439
E02003174,8096,3892,4204
E02003175,8982,4278,4704
E02003176,7019,3363,3656
E02003177,7977,3912,4065
E02003178,8342,4094,4248
E02003179,6469,3098,3371
E02003180,9481,4637,4844
E02003181,8496,4171,4325
E02003182,6561,3180,3381
E02003183,7069,3427,3642
E02003184,7911,4119,3792
E02003185,7524,3664,3860
E02003186,8799,4558,4241
E02003187,9110,4586,4524
E02003188,9950,5232,4718
E02003189,8372,4041,4331
E02003190,9843,5348,4495
E02003191,7995,3763,4232
E02003192,10184,5477,4707
E02006883,5469,2717,2752
E02006885,7007,3584,3423
E02003012,10699,5035,5664
E02003013,11956,5777,6179
E02003014,7755,3724,4031
E02003015,5801,2823,2978
E02003016,7529,3796,3733
E02003017,6042,2854,3188
E02003018,5728,2769,2959
E02003019,9339,4550,4789
E02003020,6233,2870,3363
E02003021,6771,3518,3253
E02003022,5867,2807,3060
E02003023,5971,2909,3062
E02003024,8759,4223,4536
E02003025,6766,3408,3358
E02003026,9269,4521,4748
E02003027,11911,6032,5879
E02003028,8524,4308,4216
E02003029,6222,2981,3241
E02003030,7176,3624,3552
E02003031,10253,5297,4956
E02003032,7282,3592,3690
E02003033,8999,4663,4336
E02003034,12263,6343,5920
E02003036,8557,4536,4021
E02003037,8734,4523,4211
E02003038,6359,3132,3227
E02003039,8045,3903,4142
E02003040,9125,4635,4490
E02003041,6194,3248,2946
E02003043,10938,5835,5103
E02003044,5798,2871,2927
E02003045,6890,3635,3255
E02003046,9214,4524,4690
E02003047,10037,5080,4957
E02003048,6516,3335,3181
E02003049,7272,3639,3633
E02003050,8452,4344,4108
E02003051,6664,3279,3385
E02003052,6502,3122,3380
E02003053,8066,4018,4048
E02003054,6453,3248,3205
E02003055,8300,3923,4377
E02003056,7216,3429,3787
E02003057,5822,2850,2972
E02003058,8987,4319,4668
E02003059,5638,2696,2942
E02003060,10802,5194,5608
E02003061,5754,2647,3107
E02003062,5836,2808,3028
E02003063,7040,3520,3520
E02003064,6535,3068,3467
E02006887,6634,3696,2938
E02006888,6824,3539,3285
E02006889,7347,3738,3609
E02006890,8568,4313,4255
E02003892,6253,3023,3230
E02003893,6481,3213,3268
E02003894,8017,3954,4063
E02003895,7965,3788,4177
E02003896,5593,2716,2877
E02003897,5412,2665,2747
E02003898,6606,3253,3353
E02003899,5280,2504,2776
E02003900,7163,3501,3662
E02003901,7453,3614,3839
E02003902,5411,2582,2829
E02003903,6423,3128,3295
E02003904,5325,2608,2717
E02003905,6173,3029,3144
E02003906,5406,2647,2759
E02003907,7565,3555,4010
E02003908,7860,3716,4144
E02003909,9113,4349,4764
E02003910,6068,2871,3197
E02003911,8381,4043,4338
E02003912,7710,3668,4042
E02003913,5804,2794,3010
E02003914,7093,3482,3611
E02003915,7725,3634,4091
E02003916,6616,3158,3458
E02003917,7456,3614,3842
E02003918,6740,3277,3463
E02003919,6804,3318,3486
E02003920,7214,3531,3683
E02003921,5821,2756,3065
E02003922,7721,3826,3895
E02003923,7204,3531,3673
E02003924,6866,3242,3624
E02003925,7067,3451,3616
E02003926,7764,3849,3915
E02003927,9645,4689,4956
E02003928,11682,5635,6047
E02003929,6585,3191,3394
E02003930,8917,4702,4215
E02003931,9934,4797,5137
E02003932,6945,3438,3507
E02003933,6881,3324,3557
E02003934,6669,3260,3409
E02003935,9216,4452,4764
E02003936,8257,4055,4202
E02003937,5553,2692,2861
E02003938,6561,3167,3394
E02003939,6721,3079,3642
E02003940,6089,2976,3113
E02003941,7347,3606,3741
E02003942,7389,3536,3853
E02003943,7543,3555,3988
E02003944,9403,4498,4905
E02003945,5973,2865,3108
E02003946,8803,4234,4569
E02003947,6447,3114,3333
E02003948,8265,3862,4403
E02003949,6668,3176,3492
E02003950,5375,2640,2735
E02003951,6112,2943,3169
E02003952,6671,3273,3398
E02003953,10551,5161,5390
E02003954,6891,3361,3530
E02003955,9277,4557,4720
E02003956,7050,3474,3576
E02003957,10100,4998,5102
E02003958,7827,3820,4007
E02003959,6873,3327,3546
E02003960,5858,2758,3100
E02003961,9299,4496,4803
E02003962,6344,3075,3269
E02003963,9287,4419,4868
E02003964,7712,3710,4002
E02006781,2203,1102,1101
E02003065,8503,4233,4270
E02003066,6014,2938,3076
E02003067,7526,3621,3905
E02003068,6180,3085,3095
E02003069,5409,2598,2811
E02003070,12108,6008,6100
E02003071,7901,3755,4146
E02003072,9045,4346,4699
E02003073,6585,3213,3372
E02003074,7971,3866,4105
E02003075,5788,2816,2972
E02003076,9273,4568,4705
E02003077,5975,2901,3074
E02003078,6877,3263,3614
E02003079,9599,4683,4916
E02003080,8589,4046,4543
E02003081,9166,4483,4683
E02003082,8583,4204,4379
E02003084,9506,4746,4760
E02003085,7534,3630,3904
E02003086,6053,2893,3160
E02003087,9169,4434,4735
E02003088,8361,4034,4327
E02003089,5777,2746,3031
E02006845,7970,3897,4073
E02006846,7104,3456,3648
E02003122,6729,3213,3516
E02003123,8033,3847,4186
E02003124,7807,3794,4013
E02003125,5995,2937,3058
E02003126,7262,3481,3781
E02003127,7570,3632,3938
E02003128,8654,4132,4522
E02003129,6521,3095,3426
E02003130,10224,5023,5201
E02003131,7499,3572,3927
E02003132,7935,3848,4087
E02003133,7347,3553,3794
E02003134,6930,3395,3535
E02003135,7479,3675,3804
E02003136,7905,3718,4187
E02003137,7794,3788,4006
E02003138,7476,3631,3845
E02003139,6506,3224,3282
E02003140,7697,3704,3993
E02003141,8014,4106,3908
E02003142,9084,4403,4681
E02003143,7791,3745,4046
E02003144,9041,4949,4092
E02003145,6976,3523,3453
E02003146,9018,4644,4374
E02003147,7645,3917,3728
E02003148,9886,5244,4642
E02003149,9340,4850,4490
E02003150,11468,6144,5324
E02003151,7449,3511,3938
E02003152,9426,4586,4840
E02003153,7883,3800,4083
E02003194,6241,3023,3218
E02003195,5612,2760,2852
E02003196,10303,4919,5384
E02003197,6815,3324,3491
E02003198,7264,3527,3737
E02003199,9180,4433,4747
E02003200,9962,4883,5079
E02003201,10573,5252,5321
E02003202,6206,3089,3117
E02003203,7415,3672,3743
E02003204,8690,4135,4555
E02003205,8238,4042,4196
E02003206,9596,4777,4819
E02003207,7099,3533,3566
E02003208,10683,5123,5560
E02003209,6042,2987,3055
E02003210,9106,4450,4656
E02003211,8620,4192,4428
E02003090,6918,3272,3646
E02003091,6573,3288,3285
E02003092,7915,4180,3735
E02003093,6581,3241,3340
E02003094,8352,4159,4193
E02003095,7123,3508,3615
E02003096,6453,3172,3281
E02003097,6220,3015,3205
E02003098,10038,5061,4977
E02003099,6825,3368,3457
E02003100,10511,5239,5272
E02003101,10561,5319,5242
E02003102,6520,3258,3262
E02003103,7216,3584,3632
E02003104,7654,3781,3873
E02003105,6298,3034,3264
E02003106,10507,5450,5057
E02003107,10607,5445,5162
E02003108,9307,4685,4622
E02003109,5985,2929,3056
E02003110,10369,5171,5198
E02003111,6294,3060,3234
E02003112,6381,3150,3231
E02003113,10167,5035,5132
E02003114,6988,3423,3565
E02003115,9159,4499,4660
E02003116,7557,3615,3942
E02003117,8582,4229,4353
E02003118,10199,5046,5153
E02003119,10344,5090,5254
E02003120,8393,4097,4296
E02003121,10170,5021,5149
E02003212,8259,4005,4254
E02003214,6328,3033,3295
E02003215,6993,3432,3561
E02003216,9095,4456,4639
E02003217,6515,3229,3286
E02003218,6575,3187,3388
E02003219,6686,3324,3362
E02003220,10274,5037,5237
E02003221,6450,3289,3161
E02003222,6306,3127,3179
E02003223,9672,4994,4678
E02003224,8742,4328,4414
E02003225,5956,3007,2949
E02003226,8352,4622,3730
E02003227,6339,3127,3212
E02003228,6590,3297,3293
E02003229,5661,2792,2869
E02003230,7273,3966,3307
E02003231,8514,4119,4395
E02003232,8145,4239,3906
E02003233,8859,4439,4420
E02003234,8684,4279,4405
E02003235,7302,3579,3723
E02003236,10512,5096,5416
E02006847,9257,4659,4598
E02006848,6789,3431,3358
E02006849,9028,4525,4503
E02003154,7178,3413,3765
E02003155,5822,2782,3040
E02003156,9525,4581,4944
E02003157,6223,3109,3114
E02003158,5440,2542,2898
E02003159,5747,2785,2962
E02003161,6897,3600,3297
E02003163,7777,3826,3951
E02003164,8826,4188,4638
E02003165,7133,3425,3708
E02003166,10477,5096,5381
E02003167,9018,4286,4732
E02003168,6910,3242,3668
E02003169,6657,3181,3476
E02003170,9331,4444,4887
E02003171,7362,3524,3838
E02006840,10636,5086,5550
E02006634,8635,4239,4396
E02006635,8395,4039,4356
E02006636,6860,3306,3554
E02006637,10743,5190,5553
E02006638,6262,3023,3239
E02006639,8494,4320,4174
E02006640,7069,3503,3566
E02006641,7416,3620,3796
E02006642,5768,2832,2936
E02006643,15048,8767,6281
E02006644,6744,3314,3430
E02006645,7157,3560,3597
E02006646,5601,2719,2882
E02006647,5897,2956,2941
E02006648,5855,2849,3006
E02006649,6864,3382,3482
E02006650,11290,5729,5561
E02006651,7234,3658,3576
E02006652,9541,4689,4852
E02006653,9829,4843,4986
E02006654,9353,4570,4783
E02006655,7002,3422,3580
E02006656,7077,3560,3517
E02006657,10126,4855,5271
E02006658,7148,3472,3676
E02006659,7648,3885,3763
E02006660,13012,6248,6764
E02006661,9193,5220,3973
E02006662,5917,2950,2967
E02006663,10724,5250,5474
E02006664,6526,3211,3315
E02006665,6560,3185,3375
E02006666,5645,2667,2978
E02006667,6369,3065,3304
E02006668,6104,2965,3139
E02006669,9710,4623,5087
E02006670,6712,3343,3369
E02006671,6137,2912,3225
E02006672,6652,3122,3530
E02006673,5003,2356,2647
E02006674,5712,2674,3038
E02006675,7909,3789,4120
E02006676,6119,2869,3250
E02006677,7792,3772,4020
E02006678,7344,3625,3719
E02006679,9744,4773,4971
E02006680,7333,3599,3734
E02006681,5936,2838,3098
E02006682,9402,4431,4971
E02006683,7765,3817,3948
E02006684,6166,3060,3106
E02006685,7699,3718,3981
E02006686,5481,2652,2829
E02006687,7289,3578,3711
E02006688,5669,2787,2882
E02006689,6267,3038,3229
E02006690,6716,3291,3425
E02006691,13490,6512,6978
E02006692,5697,2796,2901
E02006693,5728,2773,2955
E02006694,6065,2909,3156
E02006695,6338,3034,3304
E02004129,5492,2737,2755
E02004130,5919,2773,3146
E02004131,5564,2628,2936
E02004132,8231,4025,4206
E02004133,8180,3925,4255
E02004134,6883,3360,3523
E02004135,8044,3847,4197
E02004136,7959,3802,4157
E02004137,5339,2559,2780
E02004138,7096,3260,3836
E02004139,6372,2947,3425
E02004140,5178,2322,2856
E02004141,5820,2807,3013
E02004142,5981,3371,2610
E02004143,6320,3008,3312
E02004144,6719,3191,3528
E02004145,5967,2717,3250
E02004146,7223,3369,3854
E02004147,7025,3399,3626
E02004148,7145,3274,3871
E02004149,9019,4385,4634
E02004150,6825,3352,3473
E02004151,7957,3762,4195
E02004152,8421,4117,4304
E02004153,7546,3704,3842
E02004154,8173,4090,4083
E02004155,7557,3607,3950
E02004156,9584,4902,4682
E02004157,6587,3071,3516
E02004158,7824,3840,3984
E02004159,9307,4606,4701
E02004160,7175,3438,3737
E02004161,7976,3817,4159
E02004162,7231,3521,3710
E02004163,6591,2999,3592
E02004164,6586,3245,3341
E02004165,8047,3895,4152
E02004166,6487,3194,3293
E02004167,7200,3495,3705
E02004168,6088,3003,3085
E02004169,7103,3499,3604
E02004170,7643,3716,3927
E02004171,7562,3663,3899
E02004172,6155,3024,3131
E02004173,7279,3625,3654
E02004174,7600,3711,3889
E02004175,5517,2697,2820
E02004176,5588,2710,2878
E02004177,5992,2900,3092
E02004178,5471,2687,2784
E02004179,9078,4601,4477
E02004180,5900,2885,3015
E02004181,5849,2804,3045
E02004182,6200,3009,3191
E02004183,5782,2790,2992
E02004184,8614,4104,4510
E02004185,5811,2760,3051
E02004186,8224,3971,4253
E02004187,9336,4553,4783
E02004188,6305,3087,3218
E02004189,5925,3021,2904
E02004190,7883,3764,4119
E02004191,8076,3760,4316
E02004192,7163,3482,3681
E02004193,11851,5716,6135
E02004194,6235,2988,3247
E02004195,5605,2849,2756
E02004196,7120,3421,3699
E02004197,6269,3019,3250
E02004198,6423,3024,3399
E02004199,5351,2566,2785
E02004200,5239,2506,2733
E02004201,5193,2518,2675
E02004202,7759,3754,4005
E02004203,5636,2737,2899
E02004204,9304,4561,4743
E02004205,6450,3090,3360
E02004206,6711,3141,3570
E02004207,5957,2878,3079
E02004208,7969,3861,4108
E02004209,8306,3998,4308
E02004210,6780,3157,3623
E02004211,6499,3099,3400
E02004212,5939,2865,3074
E02004213,5668,3092,2576
E02004214,5919,2877,3042
E02004215,5650,2711,2939
E02004216,5562,2740,2822
E02004217,7718,3710,4008
E02004218,5679,2762,2917
E02004219,5521,2628,2893
E02004220,6184,2968,3216
E02004221,5878,2775,3103
E02004222,5717,2841,2876
E02004223,11348,5522,5826
E02004224,6254,3080,3174
E02004225,5714,2716,2998
E02004226,6916,3451,3465
E02004227,8929,4414,4515
E02004228,6899,3400,3499
E02004229,7963,3973,3990
E02004230,7500,3662,3838
E02004231,6793,3486,3307
E02004232,6529,3208,3321
E02004233,12280,5825,6455
E02004234,6119,2919,3200
E02004235,6369,3050,3319
E02004236,5773,2806,2967
E02004237,7783,3791,3992
E02004238,7094,3291,3803
E02004239,5587,2653,2934
E02004240,6077,3008,3069
E02004241,9010,4324,4686
E02004242,6428,3001,3427
E02004243,6465,3196,3269
E02004244,7221,3452,3769
E02004245,7631,3721,3910
E02004246,6859,3327,3532
E02004247,5931,2938,2993
E02004248,7561,3563,3998
E02004249,5393,2656,2737
E02004250,7643,3611,4032
E02004251,6334,2999,3335
E02004252,7014,3252,3762
E02004253,8981,4319,4662
E02004254,10133,4956,5177
E02004255,7502,3638,3864
E02004256,9204,4543,4661
E02004257,7314,3488,3826
E02004258,10329,5068,5261
E02004259,7095,3591,3504
E02004260,9442,5010,4432
E02004261,9983,4982,5001
E02004262,7714,3896,3818
E02004263,5692,2784,2908
E02004264,7983,3852,4131
E02004265,8270,3960,4310
E02004266,8392,4313,4079
E02004267,5035,2498,2537
E02004268,9601,4621,4980
E02004269,9523,4499,5024
E02004270,7489,3609,3880
E02004271,9772,4766,5006
E02004272,11403,5560,5843
E02004273,7085,3299,3786
E02004274,6460,3089,3371
E02004275,7419,3559,3860
E02004276,5675,2637,3038
E02004277,10290,5000,5290
E02004278,8770,4215,4555
E02004279,7769,3760,4009
E02004280,7609,3738,3871
E02004281,7316,3542,3774
E02004282,8641,4127,4514
E02004283,8669,4261,4408
E02004284,9470,4808,4662
E02004285,7465,3632,3833
E02004286,5191,2570,2621
E02004287,5571,2695,2876
E02004288,5643,3285,2358
E02004289,7201,3512,3689
E02004600,5700,2830,2870
E02004601,5165,2431,2734
E02004602,6432,3016,3416
E02004603,7675,3665,4010
E02004604,7955,3875,4080
E02004605,5731,2793,2938
E02004606,9788,5021,4767
E02004607,9449,4858,4591
E02004608,10461,5095,5366
E02004609,7276,3641,3635
E02004610,8036,3883,4153
E02004611,11088,5317,5771
E02004612,9437,4566,4871
E02004613,6264,2971,3293
E02004614,5275,2550,2725
E02004615,7929,3780,4149
E02004616,8652,4096,4556
E02004617,7679,3699,3980
E02004618,7297,3650,3647
E02004619,7293,3543,3750
E02004620,7686,3774,3912
E02004621,6305,2974,3331
E02004622,6871,3370,3501
E02004623,8004,3866,4138
E02004624,5876,2856,3020
E02004625,9289,4496,4793
E02004626,9677,4726,4951
E02004627,5350,2593,2757
E02004628,7759,3869,3890
E02004629,12262,6059,6203
E02004630,6556,3246,3310
E02004631,5009,2475,2534
E02004632,10011,4885,5126
E02004633,8168,4021,4147
E02004634,9993,4858,5135
E02004635,7176,3540,3636
E02004636,8081,4015,4066
E02004637,8862,4441,4421
E02004638,5776,2814,2962
E02004639,8219,4406,3813
E02004640,7846,3935,3911
E02004641,7273,3483,3790
E02004642,11875,5839,6036
E02004643,7817,3817,4000
E02004644,8702,4284,4418
E02004645,9490,4666,4824
E02004646,8500,4183,4317
E02004647,5889,2832,3057
E02004648,5839,2842,2997
E02004649,7098,3419,3679
E02004650,10421,5128,5293
E02004651,7628,3762,3866
E02004652,6300,3043,3257
E02004653,6554,3245,3309
E02004654,11229,5526,5703
E02004655,7725,3847,3878
E02004656,11093,5512,5581
E02004657,6870,3439,3431
E02004658,6509,3193,3316
E02004659,6259,3080,3179
E02004660,6473,3098,3375
E02004661,8162,4035,4127
E02004662,6060,3018,3042
E02004663,6614,3172,3442
E02004664,6697,3305,3392
E02004665,8606,4239,4367
E02004666,11583,5849,5734
E02004667,10295,5075,5220
E02004668,8250,4033,4217
E02004669,6603,3228,3375
E02004670,12693,6028,6665
E02004671,5863,2888,2975
E02004672,12520,6191,6329
E02004673,5417,2600,2817
E02004674,8719,4188,4531
E02006047,8183,4081,4102
E02006048,6971,3509,3462
E02006049,7418,3603,3815
E02006050,8265,4005,4260
E02006051,7665,3697,3968
E02006052,7792,3887,3905
E02006053,9187,4469,4718
E02006054,7666,3550,4116
E02006055,8781,4343,4438
E02006056,7358,3597,3761
E02006057,7434,3602,3832
E02006058,8456,4225,4231
E02006059,6479,3193,3286
E02006060,7624,3626,3998
E02006061,8899,4281,4618
E02006062,10644,5172,5472
E02006063,7000,3482,3518
E02006064,7807,3658,4149
E02006065,8463,4136,4327
E02006066,7681,3725,3956
E02006067,6991,3420,3571
E02006068,7579,3761,3818
E02006069,9745,4888,4857
E02006070,6772,3317,3455
E02006071,8473,4108,4365
E02006072,9147,4522,4625
E02006073,7029,3471,3558
E02006074,8358,4107,4251
E02006075,5349,2585,2764
E02006076,8507,4100,4407
E02006077,5402,2556,2846
E02006078,5702,2761,2941
E02006079,7057,3445,3612
E02006080,7061,3906,3155
E02006081,5299,2558,2741
E02006082,6467,3171,3296
E02006083,5724,2784,2940
E02006084,7077,3382,3695
E02006085,5875,2859,3016
E02006086,6917,3464,3453
E02006087,6137,2967,3170
E02006088,7357,3622,3735
E02006089,6392,3234,3158
E02006090,7021,3355,3666
E02006091,9775,4804,4971
E02006092,6182,3072,3110
E02006093,8445,4077,4368
E02006094,5310,2613,2697
E02006095,7826,3748,4078
E02006096,6704,3289,3415
E02006097,6370,3170,3200
E02006098,7287,3584,3703
E02006099,6829,3276,3553
E02006100,7468,3673,3795
E02006101,5602,2709,2893
E02006102,7141,3370,3771
E02006103,7234,3491,3743
E02006104,7544,3613,3931
E02006105,10305,5015,5290
E02006106,7704,3943,3761
E02006107,8164,3833,4331
E02006108,8561,4161,4400
E02006109,7855,3744,4111
E02006110,7892,3798,4094
E02006111,10451,5068,5383
E02006112,7437,3586,3851
E02006113,7327,3413,3914
E02006114,6728,3204,3524
E02006115,7218,3464,3754
E02006116,7856,3857,3999
E02006117,5546,2637,2909
W02000001,8632,4288,4344
W02000002,6512,3205,3307
W02000003,10277,5119,5158
W02000004,7391,3628,3763
W02000005,8803,4250,4553
W02000006,6650,3214,3436
W02000007,7206,3606,3600
W02000008,6483,3138,3345
W02000009,7797,3826,3971
W02000010,9810,4893,4917
W02000011,7765,3755,4010
W02000012,8351,4114,4237
W02000013,6590,3266,3324
W02000014,6936,3411,3525
W02000015,8083,3912,4171
W02000016,6364,3129,3235
W02000017,7671,3735,3936
W02000018,6479,3192,3287
W02000019,7037,3462,3575
W02000020,6870,3323,3547
W02000021,7953,3948,4005
W02000022,6168,3030,3138
W02000023,5922,2957,2965
W02000024,5707,2849,2858
W02000025,6654,3278,3376
W02000026,7514,3652,3862
W02000027,8850,4297,4553
W02000028,6968,3233,3735
W02000029,6358,3040,3318
W02000030,6118,2781,3337
W02000031,8460,4058,4402
W02000032,7815,3730,4085
W02000033,6698,3379,3319
W02000034,7830,3830,4000
W02000035,8851,4337,4514
W02000036,10577,5024,5553
W02000037,6962,3384,3578
W02000038,6072,2939,3133
W02000039,7990,3900,4090
W02000040,6881,3467,3414
W02000041,8798,4350,4448
W02000042,5716,2746,2970
W02000043,5358,2556,2802
W02000044,5197,2470,2727
W02000045,8603,4407,4196
W02000047,5383,2591,2792
W02000049,6496,3180,3316
W02000050,6402,3094,3308
W02000051,5325,2574,2751
W02000052,5287,2664,2623
W02000053,6417,3161,3256
W02000054,6033,3036,2997
W02000055,5461,2661,2800
W02000056,5227,2627,2600
W02000057,6212,3115,3097
W02000419,10617,5105,5512
W02000058,5173,2535,2638
W02000059,6565,3299,3266
W02000060,10652,5238,5414
W02000061,6584,3226,3358
W02000062,6369,3141,3228
W02000063,8381,4175,4206
W02000064,6104,3025,3079
W02000065,7501,3680,3821
W02000066,9659,4804,4855
W02000067,6330,3150,3180
W02000068,5605,2858,2747
W02000069,6062,2959,3103
W02000070,10560,5165,5395
W02000071,7386,3604,3782
W02000072,11106,5532,5574
W02000073,10058,4880,5178
W02000074,9336,4576,4760
W02000075,5571,2741,2830
W02000076,7430,3665,3765
W02000077,6074,2994,3080
W02000080,7918,3903,4015
W02000081,5904,2911,2993
W02000082,7454,3663,3791
W02000083,8683,4324,4359
W02000084,5109,2508,2601
W02000085,9162,4548,4614
W02000086,5115,2449,2666
W02000087,7401,3644,3757
W02000088,8296,4351,3945
W02000089,8372,4288,4084
W02000090,5861,2935,2926
W02000091,6163,3097,3066
W02000092,7046,3453,3593
W02000093,6645,3309,3336
W02000094,9110,4539,4571
W02000095,6494,3221,3273
W02000096,6647,3270,3377
W02000420,13464,6639,6825
W02000097,9114,4593,4521
W02000098,6299,3107,3192
W02000099,6664,3273,3391
W02000100,6206,3084,3122
W02000101,5485,2716,2769
W02000102,6306,3182,3124
W02000103,5720,2858,2862
W02000104,6180,3062,3118
W02000105,5177,2498,2679
W02000106,6628,3337,3291
W02000107,9945,4958,4987
W02000108,7062,3468,3594
W02000109,5309,2587,2722
W02000110,7035,3484,3551
W02000111,8430,4156,4274
W02000113,8250,3966,4284
W02000114,6942,3400,3542
W02000414,6014,2981,3033
W02000416,10210,4973,5237
W02000116,7660,3794,3866
W02000117,9998,5266,4732
W02000118,7761,3882,3879
W02000120,7344,3619,3725
W02000122,6722,3347,3375
W02000123,8345,4161,4184
W02000124,8866,4316,4550
W02000125,7504,3664,3840
W02000421,11722,5744,5978
W02000126,8190,4098,4092
W02000127,9751,4722,5029
W02000128,7534,3846,3688
W02000129,6741,3291,3450
W02000130,6952,3374,3578
W02000131,6958,3291,3667
W02000132,6438,3093,3345
W02000133,8023,3894,4129
W02000134,8531,4114,4417
W02000135,6923,3402,3521
W02000136,8540,4219,4321
W02000137,6984,3400,3584
W02000138,9753,4841,4912
W02000139,7694,3746,3948
W02000140,7021,3438,3583
W02000141,6406,3054,3352
W02000142,5658,2812,2846
W02000143,5820,2898,2922
W02000144,7713,3822,3891
W02000145,7148,3513,3635
W02000146,6606,3271,3335
W02000147,8261,3879,4382
W02000148,5142,2493,2649
W02000149,6181,2982,3199
W02000151,7407,3623,3784
W02000152,8105,3934,4171
W02000153,7739,3846,3893
W02000154,7586,3707,3879
W02000156,8159,4044,4115
W02000157,8989,4373,4616
W02000158,5664,2821,2843
W02000159,6064,2916,3148
W02000160,7500,3694,3806
W02000161,5651,2688,2963
W02000162,8547,4164,4383
W02000163,5457,2618,2839
W02000164,6948,3390,3558
W02000165,6761,3309,3452
W02000166,8713,4234,4479
W02000167,9747,4804,4943
W02000418,12211,6002,6209
W02000168,6281,3052,3229
W02000169,9353,4543,4810
W02000170,9111,4431,4680
W02000171,7907,3847,4060
W02000172,9824,4832,4992
W02000173,7392,3620,3772
W02000174,9134,4449,4685
W02000175,7817,3869,3948
W02000176,8872,4300,4572
W02000177,7041,3428,3613
W02000178,8866,4250,4616
W02000179,6778,3271,3507
W02000180,8086,3900,4186
W02000181,6857,3293,3564
W02000182,7972,3901,4071
W02000183,9241,4670,4571
W02000184,6963,3374,3589
W02000185,5218,2513,2705
W02000186,8696,4085,4611
W02000187,5714,2802,2912
W02000188,7187,3617,3570
W02000189,7955,3875,4080
W02000190,5702,2820,2882
W02000191,9962,5223,4739
W02000192,9006,5329,3677
W02000193,9507,5157,4350
W02000194,6346,3060,3286
W02000195,5927,2814,3113
W02000196,6448,3059,3389
W02000197,6384,3156,3228
W02000198,7476,3547,3929
W02000200,5227,2578,2649
W02000201,5419,2672,2747
W02000202,11601,5700,5901
W02000203,6774,3326,3448
W02000204,6952,3373,3579
W02000205,5961,2903,3058
W02000206,6785,3347,3438
W02000207,5200,2511,2689
W02000208,9053,4404,4649
W02000209,5283,2626,2657
W02000210,6493,3196,3297
W02000211,7951,3882,4069
W02000212,7690,3763,3927
W02000213,6819,3305,3514
W02000214,9808,4674,5134
W02000215,9264,4551,4713
W02000216,7073,3539,3534
W02000217,6384,3117,3267
W02000417,10075,4983,5092
W02000218,6995,3439,3556
W02000219,7415,3618,3797
W02000220,7954,3872,4082
W02000221,7784,3869,3915
W02000222,6202,3068,3134
W02000223,5406,2654,2752
W02000224,6014,2959,3055
W02000225,8886,4378,4508
W02000226,10054,5050,5004
W02000227,7059,3412,3647
W02000228,6961,4066,2895
W02000229,6135,2991,3144
W02000230,5453,2655,2798
W02000231,8169,4083,4086
W02000232,6005,2924,3081
W02000233,6226,3043,3183
W02000234,10455,5078,5377
W02000235,9009,4261,4748
W02000236,6996,3369,3627
W02000237,5281,2613,2668
W02000238,6180,3004,3176
W02000239,6679,3272,3407
W02000240,8714,4161,4553
W02000241,9858,4868,4990
W02000242,7799,3722,4077
W02000243,9153,4284,4869
W02000244,10031,4799,5232
W02000245,8543,4211,4332
W02000246,5477,2623,2854
W02000247,8936,4265,4671
W02000248,10843,5304,5539
W02000249,9010,4309,4701
W02000250,11356,5983,5373
W02000251,8476,4104,4372
W02000367,6068,2925,3143
W02000368,5946,2845,3101
W02000369,7968,3838,4130
W02000370,6509,3030,3479
W02000371,9110,4391,4719
W02000372,7613,3740,3873
W02000373,6541,3063,3478
W02000374,5683,2705,2978
W02000375,7062,3338,3724
W02000376,6780,3309,3471
W02000377,7125,3380,3745
W02000378,7384,3595,3789
W02000379,6270,2827,3443
W02000380,7108,3431,3677
W02000381,6271,3054,3217
W02000382,5738,2689,3049
W02000383,7219,3480,3739
W02000384,5753,2864,2889
W02000385,6818,3332,3486
W02000386,7748,3705,4043
W02000387,5962,2852,3110
W02000388,5888,2799,3089
W02000389,8344,4001,4343
W02000390,6335,2945,3390
W02000391,8790,4058,4732
W02000392,8997,4309,4688
W02000393,6342,3059,3283
W02000394,8922,4416,4506
W02000395,6322,3084,3238
W02000396,8079,4147,3932
W02000397,6639,3147,3492
W02000398,11199,5814,5385
W02000399,10087,5571,4516
W02000400,6531,3265,3266
W02000401,5947,2893,3054
W02000402,10371,5592,4779
W02000403,7213,3489,3724
W02000404,6048,2972,3076
W02000405,7507,3484,4023
W02000406,8357,4114,4243
W02000407,6406,2977,3429
W02000408,7240,3950,3290
W02000409,5886,2778,3108
W02000410,8423,4367,4056
W02000411,6454,3106,3348
W02000412,6816,3409,3407
W02000422,6043,3342,2701
W02000423,8228,4412,3816
W02000252,8947,4344,4603
W02000253,6279,3039,3240
W02000254,7728,3740,3988
W02000255,6202,2997,3205
W02000256,9865,4845,5020
W02000257,7374,3510,3864
W02000258,5727,2801,2926
W02000259,5789,2809,2980
W02000260,5878,2877,3001
W02000261,7694,3752,3942
W02000262,5232,2529,2703
W02000263,6390,3146,3244
W02000264,6006,2942,3064
W02000265,9192,4478,4714
W02000266,7523,3671,3852
W02000267,6549,3256,3293
W02000268,9156,4507,4649
W02000269,8503,4199,4304
W02000270,6609,3205,3404
W02000271,5639,2747,2892
W02000272,9983,4879,5104
W02000273,9915,5114,4801
W02000274,9810,4792,5018
W02000275,5927,2870,3057
W02000276,5766,2790,2976
W02000277,7000,3424,3576
W02000278,9402,4614,4788
W02000279,7703,3756,3947
W02000280,8012,3934,4078
W02000281,7610,3728,3882
W02000282,11000,5340,5660
W02000284,9748,4805,4943
W02000285,8363,4083,4280
W02000286,6574,3241,3333
W02000287,8141,4039,4102
W02000288,8340,4094,4246
W02000289,8241,4063,4178
W02000415,9395,4466,4929
W02000290,8845,4314,4531
W02000291,7573,3746,3827
W02000292,5704,2817,2887
W02000293,6196,3064,3132
W02000294,5715,2823,2892
W02000295,9429,4673,4756
W02000296,7742,3766,3976
W02000297,7817,3830,3987
W02000298,7319,3557,3762
W02000299,6509,3201,3308
W02000300,8552,4230,4322
W02000301,7790,3818,3972
W02000302,9690,4712,4978
W02000303,6998,3476,3522
W02000304,5567,2731,2836
W02000305,6464,3167,3297
W02000306,5229,2521,2708
W02000307,6799,3377,3422
W02000308,9292,4577,4715
W02000309,6859,3343,3516
W02000310,5455,2696,2759
W02000311,9505,4558,4947
W02000312,7500,3663,3837
W02000313,10257,5041,5216
W02000314,7100,3483,3617
W02000315,5530,2741,2789
W02000316,7125,3469,3656
W02000317,7671,3689,3982
W02000318,9443,4677,4766
W02000319,7978,3848,4130
W02000320,8569,4263,4306
W02000321,9119,4485,4634
W02000322,7279,3670,3609
W02000323,6055,2978,3077
W02000324,7064,3425,3639
W02000325,7210,3545,3665
W02000326,9008,4406,4602
W02000327,5986,2918,3068
W02000328,7217,3570,3647
W02000329,7505,3704,3801
W02000330,7259,3448,3811
W02000331,6767,3222,3545
W02000332,6822,3303,3519
W02000333,6558,3168,3390
W02000334,6791,3382,3409
W02000335,6833,3313,3520
W02000336,8148,3893,4255
W02000337,7506,3633,3873
W02000338,7665,3735,3930
W02000339,10508,5100,5408
W02000340,7220,3574,3646
W02000341,8387,4309,4078
W02000342,9673,4761,4912
W02000343,8534,4127,4407
W02000344,7565,3824,3741
W02000345,8164,4024,4140
W02000346,7953,3942,4011
W02000347,8061,3914,4147
W02000348,7997,3850,4147
W02000349,7606,3644,3962
W02000350,7386,3630,3756
W02000351,6072,2980,3092
W02000352,6598,3203,3395
W02000353,7066,3514,3552
W02000354,5982,2827,3155
W02000355,8434,4159,4275
W02000356,5389,2593,2796
W02000357,7899,3977,3922
W02000358,5951,2911,3040
W02000359,9855,4986,4869
W02000360,6141,3204,2937
W02000361,10686,5121,5565
W02000362,5986,2894,3092
W02000363,5657,2715,2942
W02000364,7318,3691,3627
W02000365,7485,3519,3966
W02000366,8167,4048,4119
E01012334,2466,1220,1246
E01012335,1383,682,701
E01012366,2008,972,1036
E01033481,1364,680,684
E01033482,1621,810,811
E01012323,1563,799,764
E01012324,1399,671,728
E01032545,1259,631,628
E01032546,1776,886,890
E01012328,1571,768,803
E01012329,1770,855,915
E01012330,1145,549,596
E01012331,1255,609,646
E01012349,1532,762,770
E01012350,1517,747,770
E01012351,1438,718,720
E01012352,1579,774,805
E01012325,1456,709,747
E01012326,1129,550,579
E01012332,1427,656,771
E01012333,1451,691,760
E01012309,1858,916,942
E01012310,1960,961,999
E01012311,1567,731,836
E01012312,1351,649,702
E01012313,1402,662,740
E01012314,1364,652,712
E01012362,1376,677,699
E01012363,1334,647,687
E01012364,1485,690,795
E01012365,1255,587,668
E01012353,1612,822,790
E01012354,1608,870,738
E01012355,1491,756,735
E01033483,1040,570,470
E01033484,1167,595,572
E01012307,1897,969,928
E01012327,1575,697,878
E01012342,1778,829,949
E01012343,2004,984,1020
E01012315,1648,781,867
E01012316,2515,1256,1259
E01012360,1742,820,922
E01012336,1745,815,930
E01012337,1733,831,902
E01012347,1722,829,893
E01012348,1986,952,1034
E01012361,1909,897,1012
E01012304,1210,588,622
E01012305,1231,624,607
E01012306,1591,764,827
E01012340,2422,1197,1225
E01012341,1759,832,927
E01012317,1370,675,695
E01012318,2335,1149,1186
E01012319,2811,1357,1454
E01012356,1600,790,810
E01012357,1447,742,705
E01012358,1679,835,844
E01012359,1586,707,879
E01012338,1908,918,990
E01012339,1732,843,889
E01012344,1337,649,688
E01012345,1480,718,762
E01012346,1833,911,922
E01020613,1392,688,704
E01020614,1429,678,751
E01020622,1657,829,828
E01020623,1503,756,747
E01020606,1509,751,758
E01020615,1778,844,934
E01020616,1688,807,881
E01020617,1812,884,928
E01020596,1679,787,892
E01020597,1495,733,762
E01020598,1770,871,899
E01020611,1346,635,711
E01020612,1626,798,828
E01020592,1514,684,830
E01020593,1227,594,633
E01020599,1701,845,856
E01020601,1550,745,805
E01020602,1829,833,996
E01020618,1558,775,783
E01020594,1641,819,822
E01020595,1728,809,919
E01020600,1515,753,762
E01020603,1843,917,926
E01020605,1757,847,910
E01020590,1369,657,712
E01020591,1481,676,805
E01020608,1786,836,950
E01020609,1403,667,736
E01020610,1498,728,770
E01020604,1420,712,708
E01020607,1614,817,797
E01020619,1540,735,805
E01020620,1603,796,807
E01020621,1856,936,920
E01020634,1563,756,807
E01020635,1379,689,690
E01020636,1698,851,847
E01020654,1746,869,877
E01020676,1514,753,761
E01020627,1538,766,772
E01020628,1648,820,828
E01020629,1507,716,791
E01020655,2008,988,1020
E01020656,1458,695,763
E01020657,1544,772,772
E01020661,1880,911,969
E01020662,1792,903,889
E01020663,1847,921,926
E01020674,1586,771,815
E01020678,1369,663,706
E01020626,1541,750,791
E01020638,1562,769,793
E01020639,1500,724,776
E01020653,1549,736,813
E01020677,1534,741,793
E01020647,2142,1036,1106
E01020648,1879,897,982
E01020649,1547,765,782
E01020673,1626,816,810
E01020675,1700,829,871
E01020624,1562,767,795
E01020625,1609,779,830
E01020670,1559,717,842
E01020671,1346,676,670
E01020672,1671,857,814
E01020632,1818,921,897
E01020640,2354,1212,1142
E01020641,2196,1101,1095
E01020642,1395,666,729
E01020643,2157,1065,1092
E01020667,1537,749,788
E01020650,2183,1058,1125
E01020651,1736,820,916
E01020652,2006,974,1032
E01020668,1493,726,767
E01020669,1474,694,780
E01020630,1388,643,745
E01020631,1649,779,870
E01020637,1657,819,838
E01020644,2457,1234,1223
E01020645,1489,720,769
E01020633,1564,774,790
E01020664,1410,692,718
E01020665,1356,647,709
E01020666,1459,726,733
E01020646,1586,782,804
E01020658,1811,822,989
E01020659,1576,768,808
E01020660,1597,782,815
E01020709,2464,1531,933
E01020717,1614,777,837
E01020718,1323,631,692
E01020719,1236,596,640
E01020721,1182,601,581
E01020708,1160,560,600
E01020710,1581,782,799
E01020711,1747,806,941
E01020720,1414,629,785
E01020679,1600,792,808
E01020680,1635,824,811
E01020681,1467,709,758
E01020714,1551,756,795
E01020716,1709,793,916
E01020725,1534,746,788
E01020726,1229,593,636
E01020727,1087,506,581
E01020729,2118,1017,1101
E01020730,1685,810,875
E01020731,1455,744,711
E01020682,1884,894,990
E01020683,1653,795,858
E01020690,1290,618,672
E01020691,1332,641,691
E01020692,1390,691,699
E01020693,1332,675,657
E01020722,2008,1001,1007
E01020723,1731,880,851
E01020724,1613,764,849
E01020703,2073,1059,1014
E01033164,2284,1155,1129
E01033195,1387,695,692
E01033197,2010,1216,794
E01033221,4494,2229,2265
E01020684,2317,1145,1172
E01020702,2331,1138,1193
E01020704,1898,977,921
E01020712,1610,815,795
E01020713,2028,1043,985
E01020705,1450,713,737
E01020706,1840,901,939
E01020715,2393,1180,1213
E01020685,1657,803,854
E01020686,1572,792,780
E01020687,1427,688,739
E01020688,1530,708,822
E01020689,1477,719,758
E01020694,1451,706,745
E01020696,1276,622,654
E01020697,1576,777,799
E01020732,1796,845,951
E01020695,1782,898,884
E01020698,1600,789,811
E01020699,1172,594,578
E01020700,1575,777,798
E01020701,1345,646,699
E01020750,1247,617,630
E01020781,1126,534,592
E01020786,1606,829,777
E01020787,1833,881,952
E01033163,1978,975,1003
E01033202,1166,576,590
E01020740,1414,711,703
E01020741,1245,665,580
E01020742,1681,825,856
E01020782,1196,567,629
E01020783,1347,650,697
E01020784,1462,732,730
E01020743,1418,673,745
E01020747,1298,584,714
E01020748,1285,619,666
E01020749,1388,640,748
E01020773,1389,680,709
E01020775,1712,771,941
E01020776,1855,893,962
E01033161,1549,802,747
E01033198,1470,757,713
E01033205,1497,764,733
E01033206,1535,765,770
E01020751,1862,931,931
E01020752,1199,614,585
E01020754,1323,667,656
E01020756,1348,676,672
E01020745,1347,621,726
E01020753,1961,923,1038
E01020757,1145,555,590
E01020758,1441,685,756
E01020759,1115,531,584
E01020765,1713,884,829
E01020760,1634,812,822
E01020761,1291,639,652
E01020762,1434,710,724
E01020763,1831,921,910
E01020764,1370,658,712
E01020766,1452,681,771
E01020767,1961,948,1013
E01020768,1591,809,782
E01020733,1251,585,666
E01020734,1225,554,671
E01020735,1416,685,731
E01020770,1228,577,651
E01020771,1050,516,534
E01020780,1167,565,602
E01020746,1179,575,604
E01020769,1268,630,638
E01020777,1472,698,774
E01020778,1196,606,590
E01020779,1657,823,834
E01020736,1204,590,614
E01020737,1395,652,743
E01020738,1013,495,518
E01020739,1325,638,687
E01020744,1007,512,495
E01020788,1538,770,768
E01020789,1436,706,730
E01020790,1328,664,664
E01020791,1299,652,647
E01020792,1484,723,761
E01020772,2001,995,1006
E01020793,1707,833,874
E01020794,1780,877,903
E01020795,1790,835,955
E01020817,1279,646,633
E01020818,1477,734,743
E01020819,1078,528,550
E01020837,1734,857,877
E01020843,1613,805,808
E01020809,1435,691,744
E01020810,1310,637,673
E01020811,1278,611,667
E01020812,1523,747,776
E01020827,1824,900,924
E01020806,1437,695,742
E01020807,1323,660,663
E01020820,1516,720,796
E01020842,2013,956,1057
E01020797,2501,1238,1263
E01020798,1484,684,800
E01020799,1470,717,753
E01020808,1421,712,709
E01020821,1872,926,946
E01020822,1834,922,912
E01020823,1769,872,897
E01020835,1664,812,852
E01020836,1967,967,1000
E01020803,1975,991,984
E01020805,1981,928,1053
E01033203,2805,1389,1416
E01020796,1275,609,666
E01020828,1651,820,831
E01020829,2443,1221,1222
E01020830,1510,721,789
E01020801,1548,756,792
E01020802,2105,1021,1084
E01020838,1730,885,845
E01020839,1637,789,848
E01020840,1580,783,797
E01020841,1763,833,930
E01020813,1245,629,616
E01020814,1465,717,748
E01020815,1218,597,621
E01020848,1142,550,592
E01020850,1926,984,942
E01020851,1421,700,721
E01020816,1529,732,797
E01020844,1584,788,796
E01020847,1568,739,829
E01020849,1286,611,675
E01020825,1569,762,807
E01020831,1439,642,797
E01020833,1236,608,628
E01020834,1283,587,696
E01020824,1544,706,838
E01020826,1510,729,781
E01020832,1392,669,723
E01020845,1351,632,719
E01020846,1237,611,626
E01020856,1531,767,764
E01020858,1062,532,530
E01020859,1228,573,655
E01020860,1056,522,534
E01020861,1169,555,614
E01020862,2391,1164,1227
E01020864,2068,1059,1009
E01020867,2254,1090,1164
E01020857,1522,744,778
E01020863,1390,699,691
E01020865,1328,652,676
E01020866,1001,500,501
E01020852,1676,823,853
E01020853,1528,697,831
E01020854,2632,1505,1127
E01020855,1204,560,644
E01020889,1481,732,749
E01020890,1777,902,875
E01020891,1612,805,807
E01020905,1530,731,799
E01020906,1663,797,866
E01020876,1738,848,890
E01020878,1721,849,872
E01020887,1883,970,913
E01020892,1104,543,561
E01020894,1251,617,634
E01020898,1531,698,833
E01020877,1562,764,798
E01020879,2146,1037,1109
E01020893,1695,819,876
E01020899,1292,651,641
E01020903,1164,589,575
E01020904,1755,860,895
E01020873,1453,701,752
E01020875,1301,647,654
E01020900,1409,705,704
E01020901,1414,697,717
E01020902,1448,703,745
E01020868,1785,855,930
E01020869,1396,689,707
E01020874,1468,752,716
E01020880,1561,781,780
E01020881,1356,645,711
E01020870,1360,652,708
E01020871,1411,663,748
E01020872,1808,825,983
E01020883,1711,825,886
E01020886,1259,595,664
E01020882,1460,744,716
E01020888,1957,974,983
E01020895,1485,705,780
E01020896,1380,663,717
E01020897,2473,1190,1283
E01020884,1417,637,780
E01020885,1143,558,585
E01020907,1608,758,850
E01020908,1404,664,740
E01020909,1685,780,905
E01011954,2171,1019,1152
E01011969,1373,686,687
E01011970,1156,578,578
E01011971,1452,698,754
E01033465,1754,852,902
E01033467,1178,528,650
E01011952,1670,766,904
E01011953,1886,924,962
E01011991,1830,918,912
E01011992,1582,791,791
E01011993,1775,889,886
E01011994,1573,782,791
E01011955,1366,677,689
E01011957,1317,666,651
E01032540,999,470,529
E01032541,2171,1022,1149
E01033466,1982,938,1044
E01011973,1320,683,637
E01011974,1687,897,790
E01011975,1324,637,687
E01011976,1026,537,489
E01011965,1649,796,853
E01011966,1367,679,688
E01011983,1716,826,890
E01012002,1378,659,719
E01011951,1391,702,689
E01011964,1489,755,734
E01011967,1497,733,764
E01011999,2191,1097,1094
E01012000,1359,706,653
E01011950,1452,730,722
E01011986,1274,608,666
E01011987,1402,662,740
E01012001,1951,927,1024
E01011949,1942,937,1005
E01011980,1701,832,869
E01011981,1666,772,894
E01011984,1250,590,660
E01011985,1169,572,597
E01011988,1914,899,1015
E01011989,1877,881,996
E01011990,1724,824,900
E01011995,1429,695,734
E01011996,1518,756,762
E01011997,2041,986,1055
E01011998,1470,705,765
E01011961,1442,694,748
E01011962,1456,668,788
E01011977,1748,844,904
E01011978,1557,758,799
E01011979,1547,723,824
E01011959,2061,1006,1055
E01011960,1394,688,706
E01011963,1418,706,712
E01011968,2132,1010,1122
E01011982,1300,639,661
E01012003,1541,725,816
E01012005,2023,1003,1020
E01012068,2369,1321,1048
E01012092,2191,1216,975
E01012093,1975,1066,909
E01012094,2574,1381,1193
E01033468,2537,1416,1121
E01012058,1625,818,807
E01012059,1497,710,787
E01012060,1683,761,922
E01012061,1463,689,774
E01012036,1534,820,714
E01012037,1540,814,726
E01012038,1506,777,729
E01012039,1510,901,609
E01012040,1466,739,727
E01012041,1028,542,486
E01012074,1550,732,818
E01012075,1605,694,911
E01012076,1551,654,897
E01012077,1363,631,732
E01012088,1447,663,784
E01012078,1453,724,729
E01012079,1443,700,743
E01012080,1269,626,643
E01012081,1754,872,882
E01012026,1594,791,803
E01012027,1754,833,921
E01033469,1998,982,1016
E01012015,1501,727,774
E01012016,1698,818,880
E01012017,1573,802,771
E01012089,1549,745,804
E01012090,1546,784,762
E01012091,1748,824,924
E01012011,1861,854,1007
E01012012,1795,879,916
E01012013,1307,628,679
E01012014,1552,735,817
E01012053,1686,833,853
E01012054,1760,865,895
E01012055,1941,979,962
E01012056,2304,1175,1129
E01012057,2020,985,1035
E01012082,1578,729,849
E01012083,1555,717,838
E01012084,1650,720,930
E01012085,1471,670,801
E01012018,1676,856,820
E01012019,1296,582,714
E01012020,1577,751,826
E01012021,1383,644,739
E01012007,1485,712,773
E01012008,1421,670,751
E01012009,1757,869,888
E01012010,1364,676,688
E01012046,1730,820,910
E01012047,1610,771,839
E01012048,1734,838,896
E01012049,1414,696,718
E01012050,1478,705,773
E01012051,1364,658,706
E01012052,1327,649,678
E01012022,1518,747,771
E01012023,1372,626,746
E01012024,1525,731,794
E01012025,1297,639,658
E01012065,1662,796,866
E01012066,2041,1024,1017
E01012067,1602,765,837
E01012042,1457,706,751
E01012043,1452,712,740
E01012044,1574,745,829
E01012045,1471,688,783
E01032552,1647,775,872
E01032553,1243,589,654
E01012030,1528,694,834
E01012031,1559,750,809
E01012032,1735,870,865
E01012033,1303,600,703
E01012034,1501,726,775
E01012035,1341,650,691
E01012062,1477,703,774
E01012063,1413,646,767
E01012064,1838,918,920
E01012071,1472,734,738
E01012073,1424,701,723
E01032593,1970,958,1012
E01027356,1719,833,886
E01027357,1350,641,709
E01027366,1525,726,799
E01027367,1960,1035,925
E01027358,2000,930,1070
E01027359,2317,1108,1209
E01033715,1037,499,538
E01033717,1412,669,743
E01027361,2109,1048,1061
E01027362,1259,611,648
E01027363,1197,568,629
E01027364,2054,1002,1052
E01027370,1837,887,950
E01027371,1834,905,929
E01027372,2118,1018,1100
E01027365,2193,1076,1117
E01027368,1766,863,903
E01027369,1547,762,785
E01027373,2003,1007,996
E01027376,1741,822,919
E01027377,1672,801,871
E01027385,1333,611,722
E01027387,1803,839,964
E01027388,1446,688,758
E01027389,1625,799,826
E01027378,1064,519,545
E01027379,1374,664,710
E01027380,1413,715,698
E01027382,1687,817,870
E01027386,1359,649,710
E01027374,2053,1010,1043
E01027375,1773,883,890
E01027381,1848,932,916
E01027383,1346,655,691
E01027384,1447,721,726
E01027390,1983,940,1043
E01027392,1703,797,906
E01027393,1539,735,804
E01027416,1558,745,813
E01027424,2060,999,1061
E01027414,1469,753,716
E01027415,1665,781,884
E01027431,1707,835,872
E01027441,2011,989,1022
E01027442,1579,806,773
E01027391,1503,700,803
E01027422,1845,915,930
E01027423,1515,748,767
E01027429,1849,852,997
E01027430,1629,784,845
E01027425,2288,1104,1184
E01027426,1542,730,812
E01027427,1657,842,815
E01027428,1543,757,786
E01027437,1817,906,911
E01027438,1488,734,754
E01027439,1954,959,995
E01027440,1418,701,717
E01027400,1360,665,695
E01027401,1500,757,743
E01027402,1334,657,677
E01027403,1186,567,619
E01027398,2301,1090,1211
E01027409,1531,722,809
E01027411,1358,600,758
E01027412,1571,757,814
E01027413,1872,908,964
E01027395,1491,704,787
E01027396,1392,655,737
E01027397,1404,649,755
E01027399,1508,737,771
E01027404,1540,759,781
E01027405,1448,688,760
E01027417,1525,711,814
E01027418,1841,894,947
E01027419,1557,754,803
E01027420,1412,665,747
E01027421,1470,691,779
E01027394,1153,578,575
E01027406,1284,627,657
E01027407,1277,634,643
E01027408,1289,615,674
E01027410,1614,777,837
E01027432,1549,785,764
E01027433,1678,826,852
E01027434,1400,701,699
E01027435,1431,699,732
E01027436,1559,773,786
E01027443,1483,693,790
E01027444,2468,1760,708
E01027445,1617,813,804
E01027446,1367,672,695
E01027451,1858,919,939
E01027474,1884,914,970
E01027475,1415,687,728
E01027457,1590,807,783
E01027462,1881,909,972
E01027463,1709,870,839
E01027447,1777,867,910
E01027448,1939,946,993
E01027450,1645,804,841
E01027473,1754,871,883
E01027452,1429,688,741
E01027453,1427,641,786
E01027461,1341,619,722
E01033718,2084,969,1115
E01027455,1520,769,751
E01027456,1341,673,668
E01027458,1603,765,838
E01027460,1682,828,854
E01027464,1353,630,723
E01027465,1493,713,780
E01027466,1215,552,663
E01033714,2455,1191,1264
E01027449,1563,773,790
E01027468,1268,636,632
E01027469,1464,743,721
E01027471,1673,831,842
E01027472,1740,929,811
E01027479,2312,1144,1168
E01027480,1219,601,618
E01027503,1762,891,871
E01027511,1105,557,548
E01027484,2270,1117,1153
E01027485,1492,728,764
E01027486,1153,578,575
E01027487,1146,552,594
E01027512,1041,544,497
E01027483,1388,673,715
E01027496,1222,580,642
E01027508,1086,517,569
E01027513,1924,926,998
E01027476,2311,1119,1192
E01027489,1605,784,821
E01027490,1840,844,996
E01027491,1608,775,833
E01027492,1873,902,971
E01027493,1622,745,877
E01027494,2238,1055,1183
E01027497,2688,1322,1366
E01027498,2653,1278,1375
E01027499,1487,729,758
E01027500,1689,791,898
E01027501,1093,519,574
E01027502,1243,603,640
E01027481,1647,769,878
E01027482,1519,738,781
E01027504,1991,953,1038
E01027506,1148,568,580
E01027507,1386,691,695
E01027509,1361,647,714
E01027477,1223,615,608
E01027478,1077,518,559
E01027488,2184,1076,1108
E01027495,1080,538,542
E01027505,1408,700,708
E01027510,1164,584,580
E01027541,1792,872,920
E01027542,1811,831,980
E01027543,1344,660,684
E01027544,1361,671,690
E01027528,1279,662,617
E01027529,1153,606,547
E01027539,1725,842,883
E01027545,2049,969,1080
E01027546,1734,849,885
E01027533,1709,850,859
E01027540,1899,896,1003
E01027549,1573,801,772
E01033716,2374,1185,1189
E01027524,1469,691,778
E01027525,1708,834,874
E01027526,1271,612,659
E01027527,1317,614,703
E01027536,1462,718,744
E01027532,1890,939,951
E01027537,1377,664,713
E01027538,1800,874,926
E01027530,1442,679,763
E01027531,1700,836,864
E01027534,1909,908,1001
E01027535,1434,668,766
E01027553,1643,786,857
E01027554,1336,658,678
E01027515,1433,692,741
E01027517,1923,943,980
E01027518,1469,706,763
E01027519,1452,694,758
E01027550,1288,625,663
E01027551,1445,724,721
E01027552,1265,640,625
E01027514,1597,746,851
E01027516,1264,605,659
E01027520,1512,749,763
E01027521,1708,858,850
E01027522,1285,585,700
E01027523,1152,559,593
E01012100,1603,871,732
E01012101,1511,753,758
E01012102,2212,1081,1131
E01012184,1484,754,730
E01012105,1375,682,693
E01012142,1694,821,873
E01012143,1278,607,671
E01012144,1387,681,706
E01012106,1369,685,684
E01012107,1404,669,735
E01032560,1069,529,540
E01032561,1538,705,833
E01012176,1432,691,741
E01012177,1486,733,753
E01012178,1424,664,760
E01012179,1482,690,792
E01012180,1792,897,895
E01012185,1465,686,779
E01012186,1642,804,838
E01012127,1042,479,563
E01012128,1119,519,600
E01012129,2185,1048,1137
E01012130,1284,611,673
E01012131,1415,656,759
E01012138,2691,1349,1342
E01012139,1942,970,972
E01012140,1329,630,699
E01012141,1099,547,552
E01012154,1271,611,660
E01012155,1472,695,777
E01012156,1738,835,903
E01012157,1634,779,855
E01012158,1412,672,740
E01012159,1611,855,756
E01012160,1434,660,774
E01012161,1501,685,816
E01012113,1429,643,786
E01012114,1396,678,718
E01012175,1426,688,738
E01033471,2263,1054,1209
E01012095,1353,675,678
E01012097,1180,587,593
E01012098,1302,629,673
E01012099,1559,778,781
E01012108,1462,683,779
E01012109,1396,667,729
E01012110,1393,711,682
E01012111,1288,601,687
E01012171,1435,669,766
E01012172,1383,676,707
E01012162,1464,724,740
E01012163,2181,1104,1077
E01012164,1594,763,831
E01012165,2215,1031,1184
E01012096,1606,831,775
E01012136,1426,712,714
E01033473,2145,1026,1119
E01012112,1466,741,725
E01012145,1472,710,762
E01012147,1595,785,810
E01012149,1203,597,606
E01012132,2022,1011,1011
E01012134,1447,723,724
E01012137,1364,696,668
E01012181,1686,859,827
E01012117,1420,674,746
E01012118,1358,643,715
E01012119,2129,1022,1107
E01012121,1354,675,679
E01032548,1566,752,814
E01032549,1664,791,873
E01033472,2528,1245,1283
E01012120,1361,646,715
E01012124,1433,722,711
E01012182,1423,694,729
E01012183,1541,754,787
E01012148,1411,709,702
E01012150,1532,693,839
E01012151,1471,692,779
E01012152,1563,780,783
E01032594,1376,645,731
E01012146,1249,629,620
E01012167,1478,698,780
E01012168,1920,910,1010
E01012170,1377,645,732
E01012173,1163,567,596
E01012174,1110,515,595
E01033470,1773,898,875
E01012242,1519,758,761
E01012243,1606,746,860
E01012244,1445,700,745
E01012246,1451,736,715
E01012296,1367,666,701
E01012297,2644,1296,1348
E01012197,2029,943,1086
E01012256,1321,646,675
E01012257,1433,699,734
E01012275,1544,737,807
E01012276,1603,744,859
E01012277,1665,792,873
E01012196,1670,804,866
E01012198,1475,720,755
E01012214,1654,796,858
E01012215,1307,625,682
E01012216,1302,625,677
E01012245,1605,756,849
E01012278,1335,674,661
E01012279,1776,867,909
E01012280,1569,773,796
E01012281,1309,627,682
E01012255,1423,696,727
E01012269,1673,822,851
E01012294,1209,594,615
E01012295,1210,588,622
E01033476,1639,806,833
E01033480,1639,804,835
E01012210,1584,783,801
E01012211,1840,891,949
E01012212,1469,737,732
E01012213,1393,616,777
E01012192,1583,787,796
E01012193,1556,781,775
E01012260,1653,806,847
E01012261,1509,774,735
E01012247,1277,599,678
E01012249,1580,767,813
E01012271,1496,704,792
E01012272,1065,524,541
E01012273,1582,768,814
E01012274,1341,641,700
E01012248,1428,679,749
E01012250,1461,710,751
E01032542,1120,530,590
E01032543,2213,1025,1188
E01032544,2033,973,1060
E01012194,1539,762,777
E01012195,1563,741,822
E01012258,2054,1425,629
E01012259,1776,876,900
E01012268,1662,858,804
E01012187,1390,697,693
E01012188,1205,596,609
E01012189,1398,676,722
E01012205,1402,672,730
E01012219,1775,878,897
E01012251,1665,827,838
E01012252,1550,719,831
E01012253,1310,641,669
E01012254,1439,726,713
E01012204,1303,609,694
E01012206,1460,679,781
E01012207,1932,958,974
E01012208,1648,799,849
E01012262,2224,1133,1091
E01012264,2384,1198,1186
E01012266,2435,1180,1255
E01012267,1672,820,852
E01033477,2518,1421,1097
E01012190,1493,730,763
E01012191,1658,731,927
E01012224,1781,848,933
E01012225,1531,727,804
E01012226,1381,676,705
E01012209,1709,827,882
E01012217,1546,781,765
E01012218,1579,765,814
E01012223,1564,753,811
E01012286,1443,690,753
E01012287,2332,1180,1152
E01012288,1473,711,762
E01012289,1283,634,649
E01012238,1545,745,800
E01012239,1994,1002,992
E01012240,1786,863,923
E01012241,1489,722,767
E01012290,1759,845,914
E01012291,1816,893,923
E01012292,2316,1133,1183
E01012282,1299,616,683
E01012283,1328,633,695
E01012284,1553,702,851
E01012285,1325,641,684
E01012199,1446,701,745
E01012200,2005,971,1034
E01012201,1803,876,927
E01012202,1508,709,799
E01012203,1797,898,899
E01012270,1369,658,711
E01012228,1421,716,705
E01012230,1588,802,786
E01012233,1437,708,729
E01012236,1351,684,667
E01012237,1363,693,670
E01012227,1559,748,811
E01012231,2022,992,1030
E01012232,1431,713,718
E01012234,1694,827,867
E01033474,1645,789,856
E01033475,1840,925,915
E01033478,1891,957,934
E01033479,1803,907,896
E01012235,1361,817,544
E01012298,1393,705,688
E01012299,1481,773,708
E01012300,1516,663,853
E01012301,1368,684,684
E01012302,1245,610,635
E01012303,1381,682,699
E01008246,1458,712,746
E01008247,1616,757,859
E01008248,1752,888,864
E01008249,1554,739,815
E01008250,1473,704,769
E01008195,2065,1000,1065
E01008197,1486,735,751
E01008198,1431,676,755
E01008199,1379,635,744
E01008200,1336,649,687
E01008245,1437,697,740
E01008214,1680,769,911
E01008215,1598,829,769
E01008243,1525,720,805
E01008244,2064,1018,1046
E01008178,1710,818,892
E01008180,1519,709,810
E01008182,1641,805,836
E01008277,1531,747,784
E01008280,1855,884,971
E01008177,1468,669,799
E01008179,1224,593,631
E01008181,1477,703,774
E01008276,1459,688,771
E01008279,1471,718,753
E01008209,2088,1028,1060
E01008210,1399,676,723
E01008258,2320,1177,1143
E01008259,1919,1050,869
E01008167,1668,864,804
E01008169,1646,869,777
E01008170,2008,1029,979
E01008171,1479,908,571
E01008257,1442,689,753
E01008262,1783,903,880
E01008263,1532,732,800
E01008264,1419,707,712
E01008265,1479,732,747
E01008266,1366,661,705
E01008251,1756,906,850
E01008252,1765,884,881
E01008253,1713,875,838
E01008254,1352,679,673
E01008255,1741,858,883
E01008165,1399,695,704
E01008201,1596,756,840
E01008202,1869,885,984
E01008204,1550,749,801
E01008212,1381,698,683
E01008213,1483,707,776
E01008216,1556,757,799
E01008228,1193,565,628
E01008206,1748,851,897
E01008207,1457,720,737
E01008208,1650,791,859
E01008211,1710,834,876
E01008283,1311,658,653
E01008284,1471,742,729
E01008286,1492,709,783
E01008287,2071,1019,1052
E01008231,1590,757,833
E01008240,1514,721,793
E01008241,1637,766,871
E01008242,1670,791,879
E01008281,1501,699,802
E01008282,1487,719,768
E01008219,1735,830,905
E01008235,1466,709,757
E01008236,1513,714,799
E01008237,1554,762,792
E01008238,1555,765,790
E01008267,1538,764,774
E01008269,1489,715,774
E01008270,1330,651,679
E01008271,1410,701,709
E01008275,1505,728,777
E01008229,1380,678,702
E01008230,1399,666,733
E01008232,1388,675,713
E01008233,1374,688,686
E01008285,1439,687,752
E01008256,1771,845,926
E01008260,1554,761,793
E01008261,1460,688,772
E01008268,1477,713,764
E01008272,1417,669,748
E01008273,1473,735,738
E01008274,1454,679,775
E01008193,1283,588,695
E01008194,1390,680,710
E01008234,2123,1056,1067
E01008239,1524,746,778
E01008218,1639,802,837
E01008220,1284,635,649
E01008221,1735,835,900
E01008225,1691,832,859
E01008227,1706,795,911
E01008184,1409,679,730
E01008185,1411,660,751
E01008188,1458,696,762
E01008278,1424,707,717
E01008189,1381,679,702
E01008190,1295,611,684
E01008191,1484,728,756
E01008192,1433,709,724
E01008217,1563,727,836
E01008183,1478,690,788
E01008186,1965,1000,965
E01008187,1674,805,869
E01008196,1928,924,1004
E01008222,1521,715,806
E01008223,1782,835,947
E01008224,1852,899,953
E01008226,1498,734,764
E01008172,1703,814,889
E01008173,1606,769,837
E01008174,2087,989,1098
E01008175,1475,708,767
E01008176,1496,765,731
E01008162,2377,1248,1129
E01008164,1313,684,629
E01008166,1559,946,613
E01008168,2238,1093,1145
E01008163,2000,1018,982
E01008203,1779,918,861
E01008205,1549,754,795
E01008294,1517,731,786
E01008306,1636,803,833
E01008307,1029,455,574
E01008308,1395,686,709
E01008311,1677,850,827
E01008312,1264,598,666
E01008313,1217,606,611
E01008309,1829,884,945
E01008352,1484,728,756
E01008357,1637,797,840
E01008358,1477,676,801
E01033550,2056,1027,1029
E01033551,1754,870,884
E01008336,1366,658,708
E01008337,1445,719,726
E01008338,1259,613,646
E01008339,1457,722,735
E01008340,1488,728,760
E01008341,1423,672,751
E01008342,1388,669,719
E01008293,1447,747,700
E01008456,1498,707,791
E01008457,1565,749,816
E01008458,1661,788,873
E01008459,1982,925,1057
E01008460,1550,738,812
E01008351,1469,701,768
E01008354,1708,852,856
E01008418,2011,1016,995
E01008420,1347,663,684
E01008422,1646,810,836
E01008424,1743,896,847
E01008353,1533,712,821
E01008355,1554,733,821
E01008356,1523,852,671
E01008378,1452,691,761
E01008419,1521,741,780
E01008421,1521,729,792
E01008423,1388,679,709
E01008317,1529,748,781
E01008319,1870,949,921
E01008320,1462,720,742
E01008321,1756,833,923
E01008322,1530,787,743
E01008323,1670,796,874
E01008295,1588,737,851
E01008374,1580,781,799
E01008375,1514,746,768
E01008376,1197,588,609
E01008377,2215,1088,1127
E01008379,1527,759,768
E01008380,1702,878,824
E01008296,1409,659,750
E01008297,1397,696,701
E01008298,1507,734,773
E01008299,1342,648,694
E01008314,1495,741,754
E01008315,1556,745,811
E01008316,1609,815,794
E01008318,1405,697,708
E01008363,1595,767,828
E01008365,1679,856,823
E01008366,2081,1072,1009
E01008369,1997,1125,872
E01008371,1365,662,703
E01008372,1935,1063,872
E01008373,2348,1210,1138
E01008400,1317,614,703
E01008401,1514,733,781
E01008402,1476,726,750
E01008403,1457,705,752
E01008404,1647,790,857
E01008405,1417,698,719
E01008443,1433,698,735
E01008324,1350,646,704
E01008325,1420,667,753
E01008326,1488,702,786
E01008327,1295,635,660
E01008328,1267,610,657
E01008329,1462,704,758
E01008330,1385,618,767
E01008300,1672,802,870
E01008450,1480,640,840
E01008451,1788,822,966
E01008452,1428,717,711
E01008367,2192,1191,1001
E01008368,1816,965,851
E01008370,1716,870,846
E01008409,1710,885,825
E01008411,1777,920,857
E01008303,1977,1023,954
E01008359,1607,862,745
E01008360,1668,879,789
E01008361,1593,873,720
E01008362,1795,952,843
E01008364,1696,902,794
E01008343,1547,756,791
E01008344,1602,773,829
E01008345,1591,745,846
E01008346,1626,779,847
E01008347,1430,681,749
E01008348,1177,536,641
E01008349,1565,818,747
E01008350,1301,615,686
E01008430,1354,652,702
E01008431,1353,682,671
E01008433,1383,686,697
E01008434,1477,732,745
E01008435,1474,684,790
E01008436,1489,774,715
E01008381,1376,680,696
E01008382,1339,622,717
E01008383,1494,707,787
E01008384,1399,671,728
E01008385,1398,696,702
E01008386,1364,664,700
E01008387,1364,655,709
E01008396,2991,1647,1344
E01008398,1695,986,709
E01008449,1783,1052,731
E01008453,1669,833,836
E01008455,1646,880,766
E01033556,2512,1436,1076
E01008406,1557,831,726
E01008407,2794,1453,1341
E01008410,1720,878,842
E01008412,1657,878,779
E01008413,1473,812,661
E01033548,1117,628,489
E01033553,2608,1353,1255
E01008394,1439,694,745
E01008395,1522,749,773
E01008397,1794,1016,778
E01008399,1896,927,969
E01008439,1828,935,893
E01033543,1302,826,476
E01033545,1187,743,444
E01033554,1313,775,538
E01008415,1214,581,633
E01008416,1690,828,862
E01033547,2127,1040,1087
E01008301,1776,936,840
E01008302,1642,790,852
E01008304,1900,1010,890
E01008305,2176,1030,1146
E01008391,1485,706,779
E01008392,1551,784,767
E01008432,1355,673,682
E01008288,1321,655,666
E01008289,1590,714,876
E01008290,1277,633,644
E01008291,2133,1040,1093
E01008292,1342,664,678
E01008388,1801,870,931
E01008389,1739,783,956
E01008426,1654,765,889
E01008429,1420,645,775
E01008331,1882,952,930
E01008332,2271,1208,1063
E01008333,1851,1041,810
E01008334,2040,1064,976
E01008335,2079,1097,982
E01008437,1219,654,565
E01008438,1648,907,741
E01008390,1792,885,907
E01008425,1795,994,801
E01008427,1172,582,590
E01008428,1295,634,661
E01008441,1649,783,866
E01008442,1374,668,706
E01008444,1545,747,798
E01008445,1930,924,1006
E01008446,1417,678,739
E01008447,1317,619,698
E01008448,1482,732,750
E01008547,1384,702,682
E01008548,1297,636,661
E01008549,1486,706,780
E01008551,1458,702,756
E01008478,1565,749,816
E01008480,1555,738,817
E01008504,1528,781,747
E01008578,1396,684,712
E01008583,1464,717,747
E01008520,1373,674,699
E01008523,1317,652,665
E01008546,1477,724,753
E01008550,1622,788,834
E01008577,1365,655,710
E01008579,1497,673,824
E01008580,1389,660,729
E01008581,1367,631,736
E01008582,1349,670,679
E01008517,1593,772,821
E01008519,1361,612,749
E01008521,1486,669,817
E01008522,1597,771,826
E01008584,1544,811,733
E01008585,1615,777,838
E01008587,1390,695,695
E01008588,1574,782,792
E01008589,1446,709,737
E01008518,1639,789,850
E01008564,1452,712,740
E01008565,2026,950,1076
E01008567,1414,662,752
E01008475,1656,813,843
E01008476,1703,820,883
E01008477,1642,760,882
E01008479,1356,644,712
E01008552,1630,784,846
E01008553,1832,865,967
E01008554,1690,822,868
E01008555,1629,774,855
E01008586,1553,748,805
E01008495,1723,842,881
E01008496,1497,739,758
E01008497,1451,701,750
E01008498,1509,711,798
E01008568,1479,708,771
E01008569,1462,676,786
E01008570,1337,643,694
E01032647,1724,860,864
E01032648,1530,721,809
E01008500,1601,785,816
E01008505,1668,828,840
E01008506,1390,653,737
E01008507,1502,741,761
E01008493,1503,722,781
E01008494,1519,698,821
E01008556,1984,934,1050
E01008557,1630,804,826
E01008470,1409,655,754
E01008499,1683,809,874
E01008502,1630,776,854
E01008516,1317,633,684
E01008488,1423,682,741
E01008489,1728,770,958
E01008490,1552,760,792
E01008491,1578,752,826
E01008558,1527,712,815
E01008560,1700,832,868
E01008561,1582,773,809
E01008562,1495,712,783
E01008525,1558,747,811
E01008527,1495,731,764
E01008559,1524,707,817
E01008563,1448,715,733
E01008469,1473,734,739
E01008472,1494,711,783
E01008473,1289,629,660
E01008501,2091,1025,1066
E01008503,1638,779,859
E01008471,1629,769,860
E01008474,1454,707,747
E01008513,2235,1059,1176
E01008514,1807,841,966
E01032649,1095,532,563
E01032650,1038,511,527
E01008486,1420,678,742
E01008487,1429,695,734
E01008526,1464,685,779
E01008530,1605,742,863
E01008461,1428,639,789
E01008466,1326,647,679
E01008467,1409,675,734
E01008468,1436,661,775
E01008483,1561,789,772
E01008524,1681,848,833
E01008528,1427,707,720
E01008529,1625,781,844
E01008481,1480,667,813
E01008482,1679,774,905
E01008484,1342,650,692
E01008485,1550,735,815
E01008492,1724,836,888
E01008462,1253,604,649
E01008463,1334,641,693
E01008464,1383,647,736
E01008465,1427,687,740
E01008531,1439,720,719
E01008532,1526,734,792
E01008534,1372,685,687
E01008538,1251,625,626
E01008508,1567,768,799
E01008509,1627,794,833
E01008510,1561,759,802
E01008512,1552,731,821
E01008539,1428,711,717
E01008540,1637,779,858
E01008541,1579,797,782
E01008544,1625,899,726
E01008545,1290,669,621
E01008511,1684,805,879
E01008542,1579,735,844
E01008543,2222,1080,1142
E01008571,1796,861,935
E01008572,1651,890,761
E01008573,1604,814,790
E01008574,1593,762,831
E01008576,2079,1001,1078
E01008533,1489,675,814
E01008535,1473,676,797
E01008536,1433,734,699
E01008537,1310,652,658
E01008575,1333,627,706
E01008595,1562,758,804
E01008596,1485,711,774
E01008597,2354,1212,1142
E01008598,1572,814,758
E01008599,1473,688,785
E01008664,1481,798,683
E01008665,1434,742,692
E01008666,1394,718,676
E01008667,1572,802,770
E01008668,1515,768,747
E01008673,1199,586,613
E01008675,1423,712,711
E01008676,1242,605,637
E01008677,1422,761,661
E01008678,1266,642,624
E01008647,1460,701,759
E01008648,1383,673,710
E01008649,1645,749,896
E01008651,1917,873,1044
E01008679,1303,617,686
E01008680,1425,694,731
E01008682,1242,580,662
E01008683,1442,725,717
E01008635,1370,627,743
E01008650,1419,688,731
E01008674,1266,614,652
E01008681,1402,659,743
E01008600,1318,650,668
E01008604,1630,795,835
E01008660,1414,721,693
E01008661,1133,558,575
E01008633,1423,680,743
E01008634,1318,605,713
E01008636,1442,695,747
E01008637,1454,723,731
E01008639,1944,931,1013
E01008652,1103,558,545
E01008653,1273,578,695
E01008654,1234,634,600
E01008655,1470,730,740
E01008657,1363,651,712
E01008638,1405,701,704
E01008640,1976,955,1021
E01008641,1511,758,753
E01008642,1438,681,757
E01008590,1501,736,765
E01008591,1411,702,709
E01008592,1457,721,736
E01008594,1783,848,935
E01008601,1537,696,841
E01008669,1377,661,716
E01008671,1219,645,574
E01008672,1316,661,655
E01008622,1605,762,843
E01008625,1470,695,775
E01033074,2119,973,1146
E01008602,1466,708,758
E01008603,1294,670,624
E01008608,1141,507,634
E01008670,1518,692,826
E01008643,1430,684,746
E01008644,1503,739,764
E01008645,1454,696,758
E01008646,1406,652,754
E01008656,1420,661,759
E01008658,1443,674,769
E01008593,1262,578,684
E01008605,1163,548,615
E01008606,1413,685,728
E01008607,1380,618,762
E01008609,1461,669,792
E01008631,1472,698,774
E01008632,1236,573,663
E01008659,1483,720,763
E01008662,1247,597,650
E01008663,1399,661,738
E01008624,1417,673,744
E01008684,1215,574,641
E01008685,1858,896,962
E01008686,1705,803,902
E01008687,1707,807,900
E01008688,1417,647,770
E01008689,1539,739,800
E01008690,1430,704,726
E01008691,1262,636,626
E01008692,1367,659,708
E01008627,1316,645,671
E01008628,1445,674,771
E01008629,1417,695,722
E01008630,1445,672,773
E01008610,1407,667,740
E01008611,1475,731,744
E01008612,1468,721,747
E01008613,1549,782,767
E01008616,1570,750,820
E01008618,1274,613,661
E01008619,1566,726,840
E01008621,1419,678,741
E01008614,1636,779,857
E01008615,1389,628,761
E01008617,1482,741,741
E01008620,1449,669,780
E01008713,1604,814,790
E01008722,1479,694,785
E01008724,1206,565,641
E01008726,1499,716,783
E01008723,1406,678,728
E01008725,1407,677,730
E01008727,1539,720,819
E01008728,1453,696,757
E01008792,1328,632,696
E01008698,1466,693,773
E01008837,1292,590,702
E01008838,1590,743,847
E01008839,1368,639,729
E01008840,1462,707,755
E01008841,1205,562,643
E01008712,1650,789,861
E01008817,1158,522,636
E01008819,1408,661,747
E01008821,1392,621,771
E01008822,1621,770,851
E01008842,1445,710,735
E01008708,1480,715,765
E01008709,1412,671,741
E01008711,1463,703,760
E01008820,1153,572,581
E01033075,2077,1011,1066
E01008786,1431,683,748
E01008787,1632,833,799
E01008788,1510,737,773
E01008789,1396,710,686
E01008790,1522,768,754
E01008791,1786,949,837
E01008855,1486,764,722
E01008856,1385,675,710
E01008876,1523,763,760
E01008877,1457,706,751
E01008693,1260,620,640
E01008694,1430,673,757
E01008695,1534,741,793
E01008696,1312,672,640
E01008697,1312,601,711
E01008699,1412,664,748
E01008853,1371,641,730
E01008854,1521,783,738
E01008857,1390,657,733
E01008858,1368,594,774
E01008859,1382,645,737
E01008860,1394,672,722
E01008878,1578,745,833
E01008873,1299,636,663
E01008874,1803,854,949
E01008875,1571,767,804
E01008879,1443,707,736
E01008880,1159,570,589
E01008701,1829,898,931
E01008704,1531,749,782
E01008706,1648,837,811
E01008707,1615,797,818
E01008756,1513,710,803
E01008762,1518,686,832
E01008812,1723,770,953
E01033076,1548,750,798
E01008700,1257,616,641
E01008703,2180,1234,946
E01008705,1129,570,559
E01008831,2242,1292,950
E01008834,1836,1023,813
E01008810,1652,823,829
E01008811,1651,809,842
E01008813,1601,768,833
E01008814,1553,754,799
E01008757,1478,710,768
E01008758,1445,690,755
E01008759,1491,752,739
E01008761,1444,674,770
E01008702,1107,526,581
E01008735,2007,1023,984
E01008736,1232,613,619
E01008737,1388,710,678
E01008738,1316,678,638
E01008836,1515,851,664
E01008845,1423,733,690
E01008846,1183,526,657
E01008847,1376,667,709
E01008850,1723,845,878
E01008851,1592,755,837
E01008760,1495,731,764
E01008830,1523,797,726
E01008832,1570,743,827
E01008833,1470,725,745
E01008843,1282,648,634
E01008844,1432,686,746
E01008848,1343,659,684
E01008849,1257,577,680
E01008852,1245,620,625
E01008867,1662,873,789
E01008868,1219,608,611
E01008869,1315,637,678
E01008870,1443,735,708
E01008871,1466,689,777
E01008872,1477,722,755
E01008729,1072,489,583
E01008730,1661,771,890
E01008731,1277,610,667
E01008732,2119,994,1125
E01008733,1641,792,849
E01008734,1414,696,718
E01008740,1454,715,739
E01008781,1554,769,785
E01008782,1459,709,750
E01008783,1410,693,717
E01008784,1584,781,803
E01008785,1439,686,753
E01008835,1568,810,758
E01008823,1407,678,729
E01008824,1507,720,787
E01008825,1533,755,778
E01008826,1446,673,773
E01008827,1245,587,658
E01008828,1585,732,853
E01008829,1370,668,702
E01008739,1585,756,829
E01008741,1451,720,731
E01008779,1446,675,771
E01008780,1925,959,966
E01008799,1665,819,846
E01008861,1523,746,777
E01008862,1441,717,724
E01008863,1621,801,820
E01008864,1289,642,647
E01008865,1379,664,715
E01008866,1410,664,746
E01008773,1402,653,749
E01008776,1243,554,689
E01008777,1348,619,729
E01008778,1379,629,750
E01008809,1541,721,820
E01008803,1433,681,752
E01008804,1633,778,855
E01008805,1426,690,736
E01033077,1798,865,933
E01008763,1505,709,796
E01008764,1496,720,776
E01008766,2280,1104,1176
E01008768,1437,706,731
E01008769,1717,796,921
E01008772,1366,672,694
E01008774,1304,621,683
E01008775,1407,690,717
E01008802,1422,679,743
E01008808,1442,717,725
E01008793,1701,791,910
E01008795,1797,892,905
E01008797,1997,986,1011
E01008800,1436,708,728
E01008801,1597,795,802
E01008765,1531,739,792
E01008767,1492,698,794
E01008770,1404,685,719
E01008771,1521,747,774
E01008720,1389,682,707
E01008721,1620,799,821
E01008796,1596,770,826
E01032483,1702,841,861
E01032484,1290,637,653
E01008750,1906,944,962
E01008751,1038,503,535
E01008752,1634,786,848
E01008753,1213,588,625
E01008755,1338,634,704
E01008714,1284,595,689
E01008715,1303,654,649
E01008716,1345,661,684
E01008717,1635,772,863
E01008749,1422,700,722
E01008754,1417,654,763
E01008718,1390,700,690
E01008719,1228,583,645
E01008742,1692,819,873
E01008747,1410,656,754
E01008748,1345,658,687
E01008743,1688,798,890
E01008744,1623,809,814
E01008745,1645,799,846
E01008746,1643,785,858
E01012607,1504,727,777
E01012608,1672,816,856
E01012633,1592,770,822
E01012634,1386,699,687
E01012635,1641,825,816
E01012636,1503,722,781
E01012581,1243,628,615
E01012582,1639,808,831
E01012583,1642,803,839
E01012587,1988,988,1000
E01012588,2105,1035,1070
E01012574,1447,729,718
E01012577,1914,953,961
E01012578,1976,979,997
E01012605,1895,942,953
E01012606,1681,856,825
E01012579,1650,812,838
E01012580,2159,1118,1041
E01012642,1742,873,869
E01012645,1992,958,1034
E01012585,1633,799,834
E01012586,1627,866,761
E01012656,1668,872,796
E01012657,2031,1061,970
E01012658,1825,918,907
E01012629,1145,599,546
E01012631,1292,652,640
E01012643,1635,805,830
E01012644,2539,1325,1214
E01012655,1854,1070,784
E01012571,1474,756,718
E01012572,1552,788,764
E01012573,1800,924,876
E01012575,1284,622,662
E01012630,2271,1172,1099
E01012576,1626,888,738
E01012637,1583,764,819
E01012638,1662,845,817
E01012639,1803,905,898
E01012640,1751,887,864
E01012641,1712,812,900
E01012595,1903,927,976
E01012596,1776,865,911
E01012622,1651,836,815
E01012623,1533,775,758
E01012624,1570,799,771
E01012625,1633,821,812
E01012584,1473,739,734
E01012609,1577,779,798
E01012610,1274,622,652
E01012611,1051,516,535
E01012612,1399,675,724
E01012613,1347,675,672
E01012600,1442,715,727
E01012601,1531,747,784
E01012602,1601,786,815
E01012603,1580,775,805
E01012604,1686,777,909
E01012632,2090,1039,1051
E01012594,1473,697,776
E01012618,1465,711,754
E01012619,1400,692,708
E01012620,1388,680,708
E01012621,1490,709,781
E01012593,1775,886,889
E01012597,1767,907,860
E01012598,2992,1511,1481
E01012599,1169,596,573
E01012589,1422,684,738
E01012590,1356,635,721
E01012591,1561,742,819
E01012648,1178,591,587
E01012652,1539,755,784
E01012617,1393,675,718
E01012646,1669,815,854
E01012647,1342,652,690
E01012650,1379,686,693
E01012649,1462,712,750
E01012651,1693,824,869
E01012653,1294,644,650
E01012654,1657,860,797
E01012614,1745,878,867
E01012615,1495,730,765
E01012616,1782,895,887
E01012659,1411,683,728
E01012660,1170,599,571
E01012661,1498,769,729
E01012592,1924,950,974
E01012628,1165,591,574
E01032485,1766,874,892
E01032486,1414,675,739
E01012663,1602,765,837
E01012664,1639,739,900
E01012665,1642,773,869
E01012716,1479,715,764
E01012719,1446,668,778
E01012662,1459,643,816
E01012703,1499,714,785
E01012704,1993,990,1003
E01012706,1645,789,856
E01012717,1660,819,841
E01012666,1458,724,734
E01012667,1563,752,811
E01012668,1570,758,812
E01012669,1784,883,901
E01012718,1621,764,857
E01012690,1727,834,893
E01012691,1868,887,981
E01012692,1720,813,907
E01012705,1624,779,845
E01012723,1435,666,769
E01012693,1550,741,809
E01012711,1384,684,700
E01012747,1515,734,781
E01012750,1740,859,881
E01012681,1550,989,561
E01012683,1445,826,619
E01012748,1656,837,819
E01012749,1755,926,829
E01012707,1228,593,635
E01012720,1601,743,858
E01012721,1679,819,860
E01012724,1262,648,614
E01012678,1386,786,600
E01012679,1448,715,733
E01012680,1593,780,813
E01012682,1433,721,712
E01012684,1457,710,747
E01012676,1370,636,734
E01012677,1381,656,725
E01012708,1359,638,721
E01012709,1612,739,873
E01012710,1262,586,676
E01012722,1284,648,636
E01012673,1367,744,623
E01012675,1553,793,760
E01012735,1322,690,632
E01012736,1382,754,628
E01012737,1457,855,602
E01012670,1248,613,635
E01012733,1027,540,487
E01012734,1430,700,730
E01012738,1272,646,626
E01012739,1383,674,709
E01012742,1142,547,595
E01012712,1698,831,867
E01012713,1918,916,1002
E01012715,1555,742,813
E01012740,1502,738,764
E01012741,1362,659,703
E01012671,1385,734,651
E01012672,1282,704,578
E01012674,1645,893,752
E01012751,1465,816,649
E01012686,1472,705,767
E01012687,1425,700,725
E01012688,1231,565,666
E01012689,1293,641,652
E01012714,1681,787,894
E01012695,1395,686,709
E01012743,1707,843,864
E01012744,1609,738,871
E01012745,1682,852,830
E01012746,1810,875,935
E01012685,1489,721,768
E01012694,1380,670,710
E01012696,1563,739,824
E01012697,1377,656,721
E01012698,1520,739,781
E01012726,1805,853,952
E01012728,1554,775,779
E01012752,1367,651,716
E01012753,1189,582,607
E01012754,1197,597,600
E01012755,1475,746,729
E01012701,1453,695,758
E01012729,1600,758,842
E01012730,1640,781,859
E01012731,1602,736,866
E01012732,1688,774,914
E01012699,1725,831,894
E01012700,1825,880,945
E01012702,1454,664,790
E01012725,1468,672,796
E01012727,1610,785,825
E01018393,2047,1028,1019
E01018411,2320,1169,1151
E01018412,1526,744,782
E01018413,1277,622,655
E01018414,1372,684,688
E01018415,1642,745,897
E01018416,1314,648,666
E01018424,1696,839,857
E01018425,1625,799,826
E01018426,1602,814,788
E01018427,1325,634,691
E01018419,1361,696,665
E01018420,1902,940,962
E01018421,1342,669,673
E01018422,1286,632,654
E01018423,1456,691,765
E01018395,1603,822,781
E01018396,1482,710,772
E01018400,2157,1055,1102
E01018401,1576,804,772
E01018398,1459,695,764
E01018399,1501,745,756
E01018402,1910,964,946
E01018403,1953,967,986
E01018397,1831,881,950
E01018408,1784,878,906
E01018409,1847,901,946
E01018410,1567,766,801
E01018404,1490,731,759
E01018405,1397,698,699
E01018406,1444,726,718
E01018407,1481,699,782
E01018436,1416,679,737
E01018437,1579,749,830
E01018438,1414,687,727
E01018439,1339,638,701
E01018440,1780,888,892
E01018441,1690,845,845
E01018442,1829,886,943
E01018443,1493,760,733
E01018432,1495,759,736
E01018433,1253,590,663
E01018434,1335,639,696
E01018435,1353,661,692
E01018394,2053,1031,1022
E01018417,1629,793,836
E01018418,1510,749,761
E01018428,1399,692,707
E01018429,1492,733,759
E01018430,1388,694,694
E01018431,1163,594,569
E01018387,1684,807,877
E01018388,1568,773,795
E01018389,1607,741,866
E01018390,1666,815,851
E01018386,1418,715,703
E01018391,1933,931,1002
E01018392,1899,936,963
E01018472,1386,685,701
E01018473,1671,873,798
E01018474,1870,947,923
E01018475,1873,974,899
E01018463,1482,721,761
E01018476,1428,648,780
E01018477,1533,744,789
E01018478,1467,717,750
E01018479,1603,797,806
E01018459,1410,660,750
E01018460,1400,675,725
E01018461,1401,684,717
E01018466,2304,1154,1150
E01018467,2192,1134,1058
E01018482,1401,689,712
E01018483,1370,683,687
E01018484,2402,1114,1288
E01018485,1540,773,767
E01018499,1544,764,780
E01018500,1254,621,633
E01018501,1579,771,808
E01018502,2059,1000,1059
E01018462,1473,727,746
E01018464,1390,712,678
E01018496,1687,842,845
E01018497,1174,588,586
E01018498,1570,737,833
E01018465,2843,1421,1422
E01018468,1623,790,833
E01018469,1621,766,855
E01018470,1482,715,767
E01018471,1493,727,766
E01018486,1474,792,682
E01018487,1650,832,818
E01018488,1518,771,747
E01018489,1366,726,640
E01018510,1616,806,810
E01018511,1445,693,752
E01018512,1690,791,899
E01018513,1623,817,806
E01018445,1927,962,965
E01018446,1336,654,682
E01018447,1739,901,838
E01018448,1735,882,853
E01018490,1448,699,749
E01018491,1428,699,729
E01018492,1066,524,542
E01018505,1086,546,540
E01018506,1421,709,712
E01018507,1404,716,688
E01018451,1324,605,719
E01018454,1522,766,756
E01018455,1325,635,690
E01018456,1294,593,701
E01018457,1433,699,734
E01018444,2157,1072,1085
E01018480,2172,1090,1082
E01018515,2325,1173,1152
E01018516,1460,733,727
E01033375,1342,660,682
E01033376,1178,589,589
E01033378,1401,701,700
E01018493,1236,595,641
E01018494,1345,670,675
E01018495,1241,619,622
E01018508,1180,581,599
E01018509,1102,497,605
E01018452,1139,551,588
E01018503,1630,767,863
E01018504,1765,845,920
E01033372,1259,605,654
E01033373,1273,627,646
E01018449,1725,843,882
E01018450,2221,1084,1137
E01018458,2136,1038,1098
E01018481,1985,1018,967
E01018514,1976,982,994
E01018585,1382,672,710
E01018586,1536,771,765
E01018587,1526,737,789
E01018661,1244,625,619
E01018657,1104,531,573
E01018662,1190,571,619
E01018663,1529,720,809
E01018664,1462,727,735
E01018665,1117,533,584
E01018655,1514,718,796
E01018656,1551,727,824
E01018658,1296,654,642
E01018659,1248,618,630
E01018660,1005,498,507
E01018582,1753,876,877
E01018592,1714,828,886
E01018593,1674,834,840
E01018594,1662,830,832
E01018595,1520,744,776
E01018596,1918,927,991
E01018583,1822,915,907
E01018584,1885,950,935
E01018612,1206,593,613
E01018613,1483,723,760
E01018600,1609,791,818
E01018601,1717,787,930
E01018602,1710,859,851
E01018652,1569,767,802
E01018598,1581,796,785
E01018599,1145,552,593
E01018648,2172,1070,1102
E01018649,1362,656,706
E01018650,1688,802,886
E01018651,1582,621,961
E01018654,2277,1143,1134
E01018588,1543,749,794
E01018589,1608,800,808
E01018590,1840,912,928
E01018653,1999,952,1047
E01018605,1137,545,592
E01018609,1688,795,893
E01018610,1910,906,1004
E01018611,1683,842,841
E01018666,1783,880,903
E01018667,1615,749,866
E01018668,1730,791,939
E01018603,1280,629,651
E01018604,1340,622,718
E01018606,1472,681,791
E01018607,1299,643,656
E01018608,1382,694,688
E01018572,1797,812,985
E01018573,1544,766,778
E01018574,1935,931,1004
E01018580,1531,751,780
E01018581,1219,593,626
E01018575,1101,553,548
E01018576,1748,863,885
E01018577,2435,1196,1239
E01018578,1214,595,619
E01018579,1095,534,561
E01018641,1280,641,639
E01018642,1382,655,727
E01018643,1925,972,953
E01018644,1374,693,681
E01018614,1899,928,971
E01018618,1467,710,757
E01018619,1426,691,735
E01018620,1432,702,730
E01018621,1320,618,702
E01018626,2149,1049,1100
E01018628,1590,786,804
E01018629,1858,880,978
E01018630,1280,613,667
E01018631,1380,721,659
E01018615,1178,604,574
E01018616,1320,638,682
E01018617,1437,708,729
E01018632,1584,789,795
E01018633,1501,719,782
E01018622,1325,640,685
E01018623,1489,738,751
E01018624,1824,960,864
E01018625,1425,654,771
E01018627,1579,818,761
E01018635,1225,606,619
E01018636,1421,682,739
E01018634,1874,924,950
E01018645,1797,852,945
E01018646,1781,847,934
E01018647,1544,758,786
E01018591,2339,1138,1201
E01018597,2373,1180,1193
E01018669,2588,1261,1327
E01018670,2357,1159,1198
E01018637,1823,839,984
E01018638,1585,753,832
E01018639,1401,688,713
E01018640,1311,653,658
E01018308,1902,992,910
E01018336,1233,602,631
E01018337,1331,661,670
E01018338,1790,874,916
E01018358,1272,600,672
E01018359,1081,542,539
E01018360,2096,1005,1091
E01018366,1515,752,763
E01018367,1984,973,1011
E01018364,1565,745,820
E01018365,1860,876,984
E01018378,1230,577,653
E01018379,1347,639,708
E01018380,1176,565,611
E01018362,1516,711,805
E01018363,1048,510,538
E01018374,1894,913,981
E01018375,1802,881,921
E01018376,1640,759,881
E01018377,1647,833,814
E01018309,1648,778,870
E01018310,1531,711,820
E01018311,1388,671,717
E01018312,1493,717,776
E01018313,1357,658,699
E01018314,1644,768,876
E01018315,1125,551,574
E01018316,1431,696,735
E01018317,1482,748,734
E01018349,1618,781,837
E01018350,1927,934,993
E01018368,1377,645,732
E01018370,1351,665,686
E01018345,1317,625,692
E01018346,1370,673,697
E01018347,1355,685,670
E01018383,1531,752,779
E01018384,1446,691,755
E01018327,1998,1037,961
E01018343,1645,790,855
E01018361,1471,750,721
E01032930,1852,1014,838
E01032931,1085,588,497
E01018326,2012,1046,966
E01018328,1867,789,1078
E01018329,2137,1006,1131
E01018330,1243,547,696
E01018331,1650,750,900
E01018319,2109,1023,1086
E01018344,1936,953,983
E01018381,1196,591,605
E01018382,1532,745,787
E01018323,1383,627,756
E01018324,1317,653,664
E01018325,1467,718,749
E01018385,2028,980,1048
E01018320,1455,688,767
E01018321,1200,584,616
E01018322,1172,570,602
E01018348,2115,1042,1073
E01018332,1063,544,519
E01018333,1503,708,795
E01018334,1511,731,780
E01018340,1428,687,741
E01018341,1108,524,584
E01018342,1568,718,850
E01018351,1448,743,705
E01018352,1790,881,909
E01018353,1575,770,805
E01018354,1606,763,843
E01018335,2115,1049,1066
E01018369,1678,794,884
E01018371,1807,859,948
E01018372,1896,950,946
E01018339,2018,977,1041
E01018355,1210,532,678
E01018356,1474,747,727
E01018357,1291,631,660
E01018373,1980,984,996
E01018534,2521,1217,1304
E01018535,1524,736,788
E01018536,1647,787,860
E01018537,1944,901,1043
E01018518,1507,734,773
E01018569,1283,645,638
E01018570,1200,588,612
E01018571,1342,625,717
E01018546,1479,704,775
E01018547,1384,675,709
E01018548,1577,758,819
E01018549,1412,715,697
E01018532,1855,884,971
E01018533,1506,756,750
E01018544,1491,711,780
E01018545,1920,918,1002
E01018519,1416,695,721
E01018520,1035,491,544
E01018525,1329,577,752
E01018563,2101,1060,1041
E01018564,2247,1106,1141
E01018523,1347,680,667
E01018524,1413,655,758
E01018541,1385,674,711
E01018542,1317,586,731
E01018543,1319,597,722
E01018528,1176,582,594
E01018529,1507,745,762
E01018530,1517,772,745
E01018531,1566,750,816
E01018560,1169,576,593
E01018561,1236,630,606
E01018562,1454,727,727
E01018522,1382,677,705
E01018538,1199,564,635
E01018539,1088,504,584
E01018540,1444,720,724
E01018521,1213,598,615
E01018550,1074,508,566
E01018551,1504,777,727
E01018552,1554,761,793
E01018553,1510,727,783
E01018556,1435,684,751
E01018557,1455,662,793
E01018558,1293,647,646
E01018559,1168,600,568
E01018565,1568,756,812
E01018566,1332,641,691
E01018567,1424,709,715
E01018568,1567,780,787
E01018526,1624,778,846
E01018527,1727,858,869
E01018554,2347,1175,1172
E01018555,1172,609,563
E01018685,1216,570,646
E01018686,1414,664,750
E01018687,1365,652,713
E01018688,1560,747,813
E01018689,1450,683,767
E01018690,2072,1019,1053
E01018675,2092,1072,1020
E01018708,2121,1092,1029
E01018721,2201,1100,1101
E01018671,1258,631,627
E01018672,1606,766,840
E01018673,1192,564,628
E01018674,1558,741,817
E01018684,2255,1116,1139
E01018695,1684,802,882
E01018696,1473,739,734
E01018697,1815,870,945
E01018698,1987,965,1022
E01018704,1184,603,581
E01018705,1530,777,753
E01018706,1398,693,705
E01018718,1633,819,814
E01018722,2264,1111,1153
E01018713,2713,1319,1394
E01018714,1828,902,926
E01018715,1729,868,861
E01018726,1503,746,757
E01018727,1652,776,876
E01018728,1563,761,802
E01018729,1673,818,855
E01018709,1492,756,736
E01018710,1487,693,794
E01018711,1526,754,772
E01018712,1564,819,745
E01018699,1629,798,831
E01018701,1462,726,736
E01018716,1544,803,741
E01018717,1763,855,908
E01018719,1550,769,781
E01018720,1565,760,805
E01018691,1582,757,825
E01018693,1589,758,831
E01018694,1584,770,814
E01018700,2041,1032,1009
E01018702,1286,608,678
E01018703,1811,899,912
E01018676,1451,709,742
E01018677,1430,692,738
E01018678,1314,637,677
E01018679,1727,826,901
E01018692,1975,1014,961
E01018680,1622,833,789
E01018681,1451,727,724
E01018682,1075,524,551
E01018683,1498,717,781
E01018733,1475,712,763
E01018734,1273,618,655
E01018748,1390,641,749
E01018749,2509,1240,1269
E01018736,1629,803,826
E01018737,1338,659,679
E01018743,1463,713,750
E01018744,1707,834,873
E01018732,1425,656,769
E01018745,1556,781,775
E01018746,1632,802,830
E01018747,1511,748,763
E01018730,1463,699,764
E01018738,1474,670,804
E01018739,1443,659,784
E01018741,1263,641,622
E01018731,1600,765,835
E01018735,1301,621,680
E01018740,1537,719,818
E01018742,1492,769,723
E01018707,1731,856,875
E01018723,1124,543,581
E01018724,1490,725,765
E01018725,1310,656,654
E01012392,2350,1141,1209
E01012393,2028,1000,1028
E01012395,1445,711,734
E01012411,1314,668,646
E01012374,2733,1364,1369
E01012375,1583,800,783
E01012376,2593,1334,1259
E01012421,1339,672,667
E01012423,1418,705,713
E01012368,1938,915,1023
E01012410,1265,628,637
E01012412,1449,746,703
E01012413,1485,717,768
E01012414,1232,615,617
E01012377,1794,918,876
E01012390,1597,749,848
E01012419,1143,519,624
E01012420,1481,710,771
E01012422,1480,683,797
E01012369,1517,752,765
E01012394,1485,682,803
E01012425,1613,770,843
E01012426,1345,646,699
E01012427,1765,845,920
E01012378,1498,722,776
E01012379,1481,714,767
E01012380,1391,644,747
E01012388,1814,872,942
E01012442,1621,720,901
E01012367,1591,778,813
E01012370,1743,847,896
E01012424,1877,927,950
E01012441,2301,1137,1164
E01012389,1785,861,924
E01012391,2130,1035,1095
E01012401,1841,906,935
E01012443,1597,775,822
E01012385,1441,719,722
E01012386,1945,973,972
E01012387,1115,543,572
E01012434,1577,773,804
E01012435,2114,1081,1033
E01012381,1351,716,635
E01012382,1497,724,773
E01012384,1588,787,801
E01012444,1139,550,589
E01012445,1276,641,635
E01012398,1239,607,632
E01012400,1240,568,672
E01012402,1586,738,848
E01012404,1403,688,715
E01012405,1992,983,1009
E01012416,1792,881,911
E01012417,1294,641,653
E01012428,2200,1086,1114
E01012429,1387,673,714
E01012430,1755,889,866
E01012431,2064,1077,987
E01012383,1702,833,869
E01012396,1531,769,762
E01012397,1505,709,796
E01012399,1408,682,726
E01012403,1624,790,834
E01012408,2046,964,1082
E01012432,1409,687,722
E01012433,1620,770,850
E01012436,1334,631,703
E01012438,1189,554,635
E01012440,1373,685,688
E01012406,1596,777,819
E01012407,1594,766,828
E01012409,1434,699,735
E01012437,1354,634,720
E01012439,1522,692,830
E01012371,1244,595,649
E01012372,1139,570,569
E01012373,1290,644,646
E01012415,1399,691,708
E01012418,1376,660,716
E01012471,2289,1660,629
E01012472,1823,858,965
E01012476,1544,757,787
E01012477,1559,767,792
E01012473,1558,730,828
E01012474,1427,636,791
E01012475,1490,742,748
E01012554,1960,972,988
E01012467,1224,607,617
E01012468,2435,1196,1239
E01012469,1546,746,800
E01012470,1143,546,597
E01012460,1420,698,722
E01012462,1289,644,645
E01012463,1128,573,555
E01012464,1399,702,697
E01012459,1361,678,683
E01012461,1308,649,659
E01012465,1289,648,641
E01012466,1507,752,755
E01012526,1700,828,872
E01012534,1520,722,798
E01012535,1655,794,861
E01012537,1496,707,789
E01012539,1549,753,796
E01012538,1427,695,732
E01012540,1366,670,696
E01012541,1303,616,687
E01012542,1356,670,686
E01012543,1647,803,844
E01012544,1404,686,718
E01012521,1571,742,829
E01012522,1359,673,686
E01012533,1445,697,748
E01012536,1436,719,717
E01012545,1592,769,823
E01012546,1598,789,809
E01012561,1589,771,818
E01012562,1726,877,849
E01012567,1875,957,918
E01012568,2500,1248,1252
E01012563,1729,855,874
E01012564,1402,706,696
E01012565,2494,1206,1288
E01012566,2156,1066,1090
E01012569,1925,982,943
E01012570,1204,593,611
E01012481,1594,777,817
E01012482,1601,766,835
E01012520,1506,769,737
E01012523,1442,717,725
E01012524,1523,752,771
E01012525,1517,755,762
E01012478,1446,705,741
E01012547,1716,835,881
E01012548,1793,892,901
E01012549,1393,669,724
E01012550,1583,779,804
E01012453,1715,858,857
E01012454,2034,1047,987
E01012455,1934,941,993
E01012457,1662,825,837
E01012551,1560,780,780
E01012552,1357,644,713
E01012553,1354,692,662
E01012555,1402,695,707
E01012556,1483,742,741
E01012491,1422,705,717
E01012492,1444,718,726
E01012493,1819,878,941
E01012494,1654,822,832
E01012500,1354,661,693
E01012495,1713,882,831
E01012496,1400,674,726
E01012497,1271,593,678
E01012498,1523,729,794
E01012499,1908,946,962
E01012501,1419,708,711
E01012479,1618,829,789
E01012480,1960,1040,920
E01012510,1751,923,828
E01012511,1670,827,843
E01033299,2010,1006,1004
E01033303,1165,593,572
E01012458,2367,1204,1163
E01012483,1621,792,829
E01012509,1791,875,916
E01012512,1558,769,789
E01033300,1082,649,433
E01033302,1545,811,734
E01012527,1491,722,769
E01012528,1241,576,665
E01012529,1426,684,742
E01012530,1442,698,744
E01012531,1513,703,810
E01012532,1430,675,755
E01012504,1785,908,877
E01012505,1400,701,699
E01012506,1544,768,776
E01012507,1845,942,903
E01012508,1560,770,790
E01012513,1980,959,1021
E01012514,1864,887,977
E01012515,1471,712,759
E01012516,1342,656,686
E01012517,2216,1092,1124
E01012518,2003,995,1008
E01012519,1474,730,744
E01012485,1568,765,803
E01012486,1483,730,753
E01012487,1537,743,794
E01012489,1898,901,997
E01012490,1466,705,761
E01012450,1403,658,745
E01012451,1558,752,806
E01012557,1574,777,797
E01012558,1787,906,881
E01012559,1554,766,788
E01012560,1476,709,767
E01012448,1579,916,663
E01012488,1735,849,886
E01012502,1633,811,822
E01012503,1451,717,734
E01012446,1429,713,716
E01012447,1494,733,761
E01012449,1403,674,729
E01012452,1770,868,902
E01019126,1703,796,907
E01019127,1565,743,822
E01019132,1803,908,895
E01019134,1523,718,805
E01019135,1593,761,832
E01019136,1620,794,826
E01019137,1095,512,583
E01019083,1832,926,906
E01019107,1608,813,795
E01019130,1683,838,845
E01019131,1940,980,960
E01019081,1884,942,942
E01019082,1496,721,775
E01019102,1728,858,870
E01019128,1631,833,798
E01019133,1546,774,772
E01019093,1561,779,782
E01019094,1703,829,874
E01019096,2274,1141,1133
E01019114,1472,703,769
E01019115,1609,826,783
E01019095,1536,738,798
E01019097,1803,863,940
E01019098,1644,793,851
E01019099,1707,859,848
E01019084,1508,740,768
E01019085,1550,774,776
E01019086,1120,557,563
E01019088,1714,816,898
E01019091,1858,917,941
E01019078,1546,781,765
E01019079,1469,710,759
E01019080,1809,870,939
E01019087,1625,788,837
E01019090,1572,796,776
E01019116,1252,643,609
E01019118,1369,722,647
E01019122,1415,716,699
E01019123,1577,771,806
E01019124,2083,1020,1063
E01019125,1536,751,785
E01019111,1537,765,772
E01019112,1693,844,849
E01019113,1749,804,945
E01019120,1783,891,892
E01019121,1989,1023,966
E01019108,1487,678,809
E01019109,1818,881,937
E01019110,1673,777,896
E01019117,1309,662,647
E01019119,1509,730,779
E01019089,1594,764,830
E01019100,1660,802,858
E01019101,1507,743,764
E01019129,1694,841,853
E01019092,1615,812,803
E01019103,1291,607,684
E01019104,1357,653,704
E01019105,1127,568,559
E01019106,1468,706,762
E01019144,1458,731,727
E01019145,2004,992,1012
E01019146,1370,689,681
E01019147,1575,773,802
E01019148,1404,701,703
E01019149,1505,748,757
E01019150,1539,760,779
E01019151,1487,718,769
E01019152,1216,597,619
E01019153,1074,528,546
E01019154,1253,605,648
E01019155,1379,638,741
E01019162,1472,727,745
E01019163,1315,667,648
E01019156,1423,727,696
E01019159,1052,531,521
E01019164,1451,708,743
E01019165,1408,734,674
E01019166,1371,682,689
E01019167,1483,704,779
E01019168,1395,687,708
E01019169,1349,662,687
E01019170,1282,630,652
E01019171,1320,677,643
E01019161,1752,849,903
E01019176,1704,838,866
E01019177,1400,699,701
E01019178,1509,741,768
E01019179,1229,605,624
E01019140,1051,516,535
E01019160,1380,665,715
E01019172,1383,690,693
E01019173,1320,662,658
E01019174,1163,570,593
E01019175,1436,706,730
E01019141,1228,631,597
E01019142,1431,695,736
E01019143,1612,812,800
E01019157,1444,734,710
E01019158,1193,579,614
E01019180,1859,893,966
E01019182,1383,666,717
E01019184,1335,671,664
E01033160,2102,1026,1076
E01019138,1262,639,623
E01019139,1354,753,601
E01019185,1410,709,701
E01019186,1280,609,671
E01019187,1282,611,671
E01019226,1159,579,580
E01019227,1411,710,701
E01019228,1553,805,748
E01019229,1933,967,966
E01019200,1551,773,778
E01019201,1430,658,772
E01019202,1646,797,849
E01019225,2002,1011,991
E01019188,1488,724,764
E01019189,1545,779,766
E01019190,1565,768,797
E01019191,1551,739,812
E01019244,1460,682,778
E01019196,1793,868,925
E01019238,1311,619,692
E01019240,1768,911,857
E01019241,1612,790,822
E01019243,1533,704,829
E01019251,1740,826,914
E01019192,1456,706,750
E01019195,1426,664,762
E01019203,2117,1041,1076
E01019254,1356,670,686
E01019255,1366,675,691
E01019204,1276,689,587
E01019206,1470,817,653
E01019234,1547,747,800
E01019235,1487,717,770
E01019237,1485,705,780
E01019242,1329,609,720
E01019219,2157,1054,1103
E01019224,2064,1024,1040
E01019239,1560,751,809
E01019249,1439,691,748
E01019250,1362,660,702
E01019205,1714,815,899
E01019207,1394,682,712
E01019215,1500,750,750
E01019218,1575,744,831
E01019233,1332,648,684
E01019193,1516,704,812
E01019194,2093,1026,1067
E01019230,1542,737,805
E01019231,1472,740,732
E01019232,1479,723,756
E01019252,1392,661,731
E01019209,1444,734,710
E01019211,1781,907,874
E01019216,1583,760,823
E01019217,1725,874,851
E01019220,1558,788,770
E01019236,1607,783,824
E01019197,1989,924,1065
E01019198,1350,665,685
E01019199,1062,493,569
E01019221,1964,943,1021
E01019222,1655,778,877
E01019245,1561,769,792
E01019208,1526,735,791
E01019210,1467,694,773
E01019246,1267,621,646
E01019247,1508,731,777
E01019248,1140,534,606
E01019212,1533,750,783
E01019213,2737,1374,1363
E01019214,1781,850,931
E01019223,1536,749,787
E01019253,1793,862,931
E01019268,1130,548,582
E01019269,1566,761,805
E01019270,1362,670,692
E01019297,1448,709,739
E01019260,1507,763,744
E01019280,1561,850,711
E01019281,1237,614,623
E01019282,1307,672,635
E01019261,1756,895,861
E01019262,1746,868,878
E01019284,1255,586,669
E01019285,1571,767,804
E01019286,1319,638,681
E01019287,1208,611,597
E01019288,1477,765,712
E01019256,1500,742,758
E01019263,1138,584,554
E01019264,1701,853,848
E01019265,1281,667,614
E01019266,1471,748,723
E01019267,1345,633,712
E01019276,1025,533,492
E01019277,1212,603,609
E01019278,1346,664,682
E01019291,1317,659,658
E01019292,1120,551,569
E01019294,1446,691,755
E01019295,1567,747,820
E01019296,1485,729,756
E01019301,1438,724,714
E01019302,1025,515,510
E01019271,1363,661,702
E01019272,1485,709,776
E01019273,1608,825,783
E01019274,1542,779,763
E01019275,2196,1093,1103
E01019257,1498,744,754
E01019258,1526,785,741
E01019279,1396,734,662
E01019300,1801,936,865
E01019303,1523,752,771
E01019304,1300,668,632
E01019259,1300,642,658
E01019283,1849,1182,667
E01019289,1386,664,722
E01019290,1095,546,549
E01019293,1369,679,690
E01019298,1514,761,753
E01019299,1985,956,1029
E01019305,2088,1013,1075
E01019314,1273,644,629
E01019320,1471,756,715
E01019321,1562,788,774
E01019315,1699,843,856
E01019316,1494,775,719
E01019322,1388,683,705
E01019338,1497,759,738
E01019327,1342,633,709
E01019332,1398,635,763
E01019333,1134,569,565
E01019335,1522,787,735
E01019336,1723,860,863
E01019312,1447,700,747
E01019326,1540,736,804
E01019328,1342,631,711
E01019329,1140,560,580
E01019330,1455,693,762
E01019331,1529,779,750
E01019334,1362,662,700
E01019308,1432,719,713
E01019311,1438,691,747
E01019313,1374,685,689
E01019339,1422,725,697
E01019306,1293,620,673
E01019307,1755,856,899
E01019310,1396,712,684
E01019319,1563,791,772
E01019323,1202,600,602
E01019324,1300,652,648
E01019337,1394,711,683
E01019309,2293,1155,1138
E01019317,1319,660,659
E01019318,1261,606,655
E01019325,1364,666,698
E01019340,1352,678,674
E01019374,1533,746,787
E01019375,1445,722,723
E01019376,1442,733,709
E01019395,2074,948,1126
E01019387,2116,1033,1083
E01019396,2061,1022,1039
E01019397,1975,993,982
E01019398,1192,585,607
E01019399,1057,505,552
E01019346,1915,943,972
E01019359,2056,984,1072
E01019365,2201,1113,1088
E01019370,2219,1049,1170
E01019360,2083,1047,1036
E01019363,1926,959,967
E01019364,1935,947,988
E01019371,2203,1058,1145
E01019358,1832,862,970
E01019362,1966,940,1026
E01019366,1882,927,955
E01019394,2313,1181,1132
E01019361,1850,885,965
E01019367,2468,1220,1248
E01019368,2110,1023,1087
E01019369,1855,862,993
E01019356,1435,706,729
E01019381,2114,1068,1046
E01019386,1727,870,857
E01019344,1031,514,517
E01019345,1174,577,597
E01019350,1617,802,815
E01019351,1753,892,861
E01019372,1057,478,579
E01019373,1447,650,797
E01019384,2601,1395,1206
E01019385,1140,541,599
E01019348,1227,612,615
E01019352,2235,1083,1152
E01019377,1748,845,903
E01019383,1975,945,1030
E01019341,1531,730,801
E01019342,1063,491,572
E01019343,1524,730,794
E01019347,1756,853,903
E01019382,2199,1066,1133
E01019388,1924,919,1005
E01019389,2268,1108,1160
E01019390,1997,972,1025
E01019392,1833,897,936
E01019349,1831,869,962
E01019353,1496,700,796
E01019354,1320,601,719
E01019355,1298,605,693
E01019357,1869,925,944
E01019378,1601,769,832
E01019379,1428,683,745
E01019380,1074,546,528
E01019391,1717,845,872
E01019393,1939,948,991
E01004768,1601,805,796
E01004803,1635,816,819
E01004804,1452,727,725
E01004807,1451,725,726
E01004808,1643,809,834
E01004788,1392,661,731
E01004790,1432,701,731
E01004805,1633,804,829
E01004806,1515,739,776
E01004810,1597,769,828
E01004769,1534,750,784
E01004770,1465,703,762
E01004771,1641,813,828
E01004773,1962,1018,944
E01004809,1763,820,943
E01004777,1601,755,846
E01004881,1437,650,787
E01004888,1322,675,647
E01004889,1433,667,766
E01004890,1402,669,733
E01004766,1592,795,797
E01004767,1678,815,863
E01004772,1731,821,910
E01004774,1675,809,866
E01004824,1731,896,835
E01004784,1261,628,633
E01004785,1423,680,743
E01004786,1453,687,766
E01004789,1406,686,720
E01004791,1234,570,664
E01004792,1465,711,754
E01004779,1557,769,788
E01004781,1816,897,919
E01004882,1362,672,690
E01004883,1431,718,713
E01004884,1470,734,736
E01004864,1550,758,792
E01004867,1517,784,733
E01004921,1561,753,808
E01004924,1538,764,774
E01004925,1516,721,795
E01004778,1186,600,586
E01004780,1987,981,1006
E01004782,1118,524,594
E01004783,1490,749,741
E01004802,1809,882,927
E01004926,1302,570,732
E01004927,2056,1001,1055
E01004929,1975,978,997
E01004820,1601,808,793
E01004825,1641,864,777
E01004826,1586,773,813
E01004865,1345,646,699
E01004866,1741,851,890
E01004840,1652,823,829
E01004841,1720,844,876
E01004842,1702,806,896
E01004919,1505,745,760
E01004920,1584,734,850
E01004787,1608,780,828
E01004793,1617,770,847
E01004794,1775,840,935
E01004795,1498,751,747
E01004797,1371,634,737
E01004775,1512,756,756
E01004885,1366,669,697
E01004886,1383,671,712
E01004887,1415,695,720
E01004868,1679,836,843
E01004869,1674,822,852
E01004870,1889,1029,860
E01004871,1629,857,772
E01004922,1742,866,876
E01004822,1679,822,857
E01004823,1732,865,867
E01004848,1693,923,770
E01033217,1037,565,472
E01033220,1294,728,566
E01004818,1589,837,752
E01004819,1513,777,736
E01004928,1408,683,725
E01004930,1517,736,781
E01004931,1584,767,817
E01004932,1534,755,779
E01004834,1614,870,744
E01004838,1672,817,855
E01004843,1517,715,802
E01004845,1714,852,862
E01004923,1584,814,770
E01004796,1494,741,753
E01004798,1652,790,862
E01004799,1317,649,668
E01004800,1303,644,659
E01004801,1635,756,879
E01004917,2044,978,1066
E01004835,1488,768,720
E01004836,1491,712,779
E01004837,1632,813,819
E01004844,1581,781,800
E01004897,1085,554,531
E01004827,1615,820,795
E01004849,1731,878,853
E01004850,1743,956,787
E01004851,1552,790,762
E01004853,1599,831,768
E01004811,1557,773,784
E01004812,1848,958,890
E01004813,1392,701,691
E01004815,1578,801,777
E01004817,1562,823,739
E01004828,1800,910,890
E01004829,1371,693,678
E01004832,1532,761,771
E01004854,1531,783,748
E01004878,1475,774,701
E01004911,1566,780,786
E01004912,1448,700,748
E01004913,1960,982,978
E01004914,1194,576,618
E01004915,1340,675,665
E01004916,1460,671,789
E01004918,1303,664,639
E01004846,1272,630,642
E01004847,2004,959,1045
E01004852,1612,808,804
E01004877,1792,899,893
E01004879,1460,683,777
E01004830,1551,761,790
E01004831,1630,814,816
E01004833,1530,736,794
E01004839,1978,960,1018
E01004814,1456,732,724
E01004855,1483,709,774
E01004856,1422,732,690
E01004857,1506,742,764
E01004891,1594,783,811
E01004893,1532,780,752
E01004894,1840,904,936
E01004901,1812,919,893
E01033218,1581,784,797
E01033219,1496,755,741
E01004816,1588,776,812
E01004872,1560,754,806
E01004873,1762,854,908
E01004875,1590,778,812
E01004880,1333,669,664
E01004892,1531,720,811
E01004896,1360,664,696
E01004899,1539,757,782
E01004900,1599,784,815
E01004776,1802,890,912
E01004895,1325,621,704
E01004936,2029,1004,1025
E01004938,1493,734,759
E01004939,1519,760,759
E01004858,1600,802,798
E01004859,1463,664,799
E01004860,1487,713,774
E01004902,1679,835,844
E01004906,1684,847,837
E01004861,1663,806,857
E01004862,1374,655,719
E01004863,1536,748,788
E01004874,1804,879,925
E01004876,1866,910,956
E01004903,1470,713,757
E01004904,1623,810,813
E01004905,1601,785,816
E01004907,1301,616,685
E01004908,1347,649,698
E01004909,1411,682,729
E01004910,2096,1040,1056
E01004933,1329,673,656
E01004934,1518,762,756
E01004935,1770,839,931
E01004937,1524,758,766
E01004940,1463,708,755
E01005014,1462,735,727
E01005015,1523,710,813
E01005016,1517,745,772
E01005017,1733,859,874
E01005018,1503,733,770
E01005021,1229,728,501
E01005019,1502,709,793
E01005023,1309,605,704
E01005046,1435,695,740
E01005048,1687,821,866
E01005020,1465,731,734
E01005022,1597,796,801
E01005047,1475,702,773
E01005049,1695,843,852
E01005051,1574,739,835
E01004976,1547,738,809
E01004977,1721,816,905
E01004978,1688,843,845
E01004981,1455,698,757
E01004982,1449,727,722
E01004961,1545,735,810
E01004965,1227,605,622
E01004966,1777,845,932
E01004967,1284,634,650
E01004963,1472,721,751
E01004968,1576,771,805
E01005050,2041,1003,1038
E01005052,1464,730,734
E01005053,1530,759,771
E01004954,1464,713,751
E01004955,1348,683,665
E01004956,1534,766,768
E01004957,1748,831,917
E01004960,1514,742,772
E01004958,1400,738,662
E01004959,1658,816,842
E01004979,1544,808,736
E01004980,1286,650,636
E01005024,1447,709,738
E01005026,1629,815,814
E01004947,1420,686,734
E01004948,1864,922,942
E01004962,1670,828,842
E01004964,1833,894,939
E01004949,1470,730,740
E01004950,1510,726,784
E01004951,1579,761,818
E01004952,1379,674,705
E01004953,1492,711,781
E01005025,1489,759,730
E01005027,1771,908,863
E01005028,1863,938,925
E01005029,1851,887,964
E01005000,1555,772,783
E01005001,1339,661,678
E01005005,1404,674,730
E01005006,1519,728,791
E01005030,1590,786,804
E01005054,1498,728,770
E01005059,1707,840,867
E01005060,1669,806,863
E01004997,1556,763,793
E01004998,1464,700,764
E01004999,1480,738,742
E01005002,1590,755,835
E01005003,1462,727,735
E01004991,1414,704,710
E01004992,1481,728,753
E01004993,1411,657,754
E01004994,1307,652,655
E01004990,1517,767,750
E01004996,1444,703,741
E01005004,1458,718,740
E01005008,1866,911,955
E01005009,1481,729,752
E01004945,1558,751,807
E01005055,1493,739,754
E01005056,1256,634,622
E01005057,1560,752,808
E01005058,1333,665,668
E01004995,1543,751,792
E01005010,1621,769,852
E01005012,1711,845,866
E01005013,2378,1183,1195
E01004984,1367,645,722
E01004985,1439,712,727
E01004989,1457,726,731
E01005007,1470,661,809
E01005011,1385,681,704
E01004983,1291,628,663
E01004986,1638,768,870
E01004987,1201,559,642
E01004988,1438,665,773
E01004941,1783,844,939
E01004942,1521,704,817
E01004943,1631,803,828
E01004944,1615,786,829
E01004946,1624,743,881
E01004969,1472,765,707
E01004970,1572,770,802
E01004971,1519,776,743
E01005034,1457,695,762
E01004972,1485,709,776
E01004973,1525,762,763
E01004975,1521,717,804
E01005039,1486,714,772
E01005045,1599,784,815
E01004974,1427,718,709
E01005033,1528,767,761
E01005036,1816,938,878
E01005037,1422,712,710
E01005031,1463,693,770
E01005032,1256,539,717
E01005035,1402,675,727
E01005038,1347,654,693
E01005040,1812,918,894
E01005041,1614,799,815
E01005042,1902,920,982
E01005043,1872,896,976
E01005044,1793,935,858
E01005098,1522,712,810
E01005099,1819,811,1008
E01005100,1588,722,866
E01005102,1358,647,711
E01005103,1640,771,869
E01005101,1704,792,912
E01005135,1621,772,849
E01005136,1506,709,797
E01005138,1755,879,876
E01005140,2804,1394,1410
E01005139,1726,847,879
E01005141,1738,832,906
E01005251,1594,760,834
E01005252,1834,862,972
E01033685,1561,781,780
E01033687,1417,749,668
E01005104,1789,892,897
E01005160,1769,892,877
E01005161,1554,750,804
E01005162,1710,856,854
E01005163,1651,857,794
E01005247,1454,690,764
E01005248,1369,633,736
E01005249,1846,930,916
E01005250,1781,805,976
E01005253,1585,755,830
E01005254,1598,796,802
E01005164,1571,876,695
E01005205,1987,960,1027
E01005206,1693,886,807
E01005207,1915,951,964
E01005223,1234,620,614
E01005224,1819,897,922
E01005225,1847,924,923
E01005226,1599,761,838
E01005229,1539,745,794
E01005145,2711,1452,1259
E01005146,2361,1162,1199
E01005149,1743,914,829
E01005165,2109,1108,1001
E01005166,1862,957,905
E01005167,1985,1025,960
E01005202,1778,852,926
E01005203,1905,997,908
E01005227,1685,834,851
E01005228,1691,819,872
E01033678,1574,794,780
E01033679,1409,739,670
E01005256,1995,993,1002
E01005257,1798,846,952
E01005258,1707,844,863
E01005259,1602,739,863
E01005260,1499,754,745
E01005093,1724,826,898
E01005094,1463,689,774
E01005097,1731,804,927
E01005255,1609,826,783
E01005261,1642,761,881
E01005129,1461,760,701
E01005132,1480,706,774
E01005133,1275,685,590
E01033663,1183,735,448
E01033684,1203,721,482
E01033688,1505,740,765
E01005092,1629,810,819
E01005105,1960,1000,960
E01005106,1877,931,946
E01005107,1803,911,892
E01033668,1136,582,554
E01033669,1397,692,705
E01005108,2630,1259,1371
E01005189,1691,819,872
E01005190,2017,1014,1003
E01033666,2664,1323,1341
E01005061,1648,853,795
E01005062,2893,1449,1444
E01005063,1486,740,746
E01005065,2231,1178,1053
E01005066,1700,952,748
E01005208,2338,1252,1086
E01005209,2699,1353,1346
E01005210,3244,1572,1672
E01005214,2279,1303,976
E01005067,1362,678,684
E01005186,2376,1177,1199
E01005232,1867,966,901
E01005235,1760,857,903
E01005239,1762,874,888
E01005187,1926,968,958
E01005188,1714,840,874
E01005191,1657,842,815
E01005192,1584,814,770
E01005193,1798,892,906
E01005230,2069,1127,942
E01005231,2626,1303,1323
E01005236,2061,1126,935
E01005237,1994,1091,903
E01033652,1618,805,813
E01033657,1557,773,784
E01005195,1986,924,1062
E01005196,2376,1152,1224
E01005197,1566,828,738
E01005198,1570,771,799
E01005201,2016,1021,995
E01005240,2655,1334,1321
E01005243,2463,1146,1317
E01005245,2410,1181,1229
E01005246,2139,938,1201
E01005241,2428,1243,1185
E01005242,2603,1370,1233
E01005244,2938,1557,1381
E01005285,1299,675,624
E01005288,1728,1007,721
E01005280,1919,966,953
E01005281,2239,1062,1177
E01005284,3436,1642,1794
E01005286,2170,1219,951
E01005287,2131,1097,1034
E01005194,2589,1397,1192
E01005199,2273,1151,1122
E01005200,1831,919,912
E01005233,2403,1272,1131
E01005234,2046,1054,992
E01005238,2109,1073,1036
E01005297,2449,1223,1226
E01005298,1835,922,913
E01005302,1846,985,861
E01033680,1211,686,525
E01033686,1265,671,594
E01005150,1870,1047,823
E01005151,1485,747,738
E01005152,1453,721,732
E01005159,1585,780,805
E01005296,1704,866,838
E01005299,1591,785,806
E01005178,1968,1002,966
E01005179,2235,1138,1097
E01005180,1847,899,948
E01005181,2140,1066,1074
E01005182,1610,760,850
E01005183,1779,827,952
E01005219,2073,1112,961
E01005220,1849,943,906
E01005221,2248,1199,1049
E01005222,2102,1029,1073
E01005184,2121,1017,1104
E01005185,4024,1957,2067
E01005271,2101,1072,1029
E01005282,1852,941,911
E01005283,1481,745,736
E01005154,1581,760,821
E01005156,1496,729,767
E01005158,1511,725,786
E01005300,1561,737,824
E01005301,1601,788,813
E01005118,1507,712,795
E01005120,1849,890,959
E01005215,2004,998,1006
E01005216,1526,738,788
E01005217,1905,923,982
E01005218,1683,887,796
E01005270,1747,840,907
E01005272,1802,813,989
E01005273,1558,815,743
E01005278,1839,892,947
E01005279,2036,999,1037
E01005305,1795,974,821
E01005309,2297,1107,1190
E01005310,1860,842,1018
E01005311,1769,903,866
E01005312,1811,923,888
E01005082,1548,720,828
E01005153,1663,781,882
E01005155,1411,676,735
E01005157,1591,749,842
E01005274,1766,877,889
E01005275,1695,879,816
E01005276,1602,816,786
E01005277,1729,919,810
E01005076,1483,767,716
E01005081,1770,824,946
E01005083,1710,910,800
E01033670,1252,632,620
E01033671,1709,887,822
E01005125,1596,771,825
E01005304,1810,983,827
E01005306,1546,792,754
E01005307,1971,1044,927
E01005308,1697,833,864
E01005119,1531,727,804
E01005121,1594,745,849
E01005122,1681,787,894
E01005123,1701,809,892
E01005124,1734,781,953
E01005077,1558,730,828
E01005078,1453,745,708
E01005079,1565,748,817
E01005084,2018,973,1045
E01005172,1600,787,813
E01005173,1547,790,757
E01005174,1570,753,817
E01005175,1605,801,804
E01005176,1806,903,903
E01005177,1339,629,710
E01005115,1874,935,939
E01005262,1841,897,944
E01005264,1535,720,815
E01005265,1684,813,871
E01005266,1957,940,1017
E01005126,2034,1004,1030
E01005168,1388,679,709
E01005169,1367,662,705
E01005170,1531,761,770
E01005171,1697,854,843
E01005263,1633,843,790
E01005267,1551,760,791
E01005268,2018,979,1039
E01005269,1484,715,769
E01005069,1447,696,751
E01005111,1405,644,761
E01005113,1573,797,776
E01005114,1768,845,923
E01005116,1964,924,1040
E01005071,1592,771,821
E01005072,1703,837,866
E01005073,1492,754,738
E01005112,1660,807,853
E01005117,2059,1041,1018
E01005085,1567,751,816
E01005086,1811,885,926
E01005089,1920,891,1029
E01005289,1450,710,740
E01005295,2459,1213,1246
E01005087,2083,970,1113
E01005088,1708,768,940
E01005090,1597,746,851
E01005091,2159,1037,1122
E01005291,1454,676,778
E01005068,1578,745,833
E01005070,1682,808,874
E01005074,1522,736,786
E01005075,1390,647,743
E01005319,2131,1010,1121
E01005290,1544,763,781
E01005292,1479,692,787
E01005293,1229,592,637
E01005294,1496,739,757
E01005317,1647,804,843
E01005313,1496,717,779
E01005314,1575,747,828
E01005315,1503,720,783
E01005316,1606,796,810
E01005318,1874,889,985
E01005130,1481,779,702
E01033651,1152,657,495
E01033658,1303,712,591
E01033664,1119,602,517
E01033667,1006,589,417
E01005128,1710,898,812
E01033653,1670,964,706
E01033654,2956,1502,1454
E01033659,1336,782,554
E01033661,1155,710,445
E01005143,2602,1368,1234
E01033655,1197,683,514
E01033665,1212,704,508
E01033676,1668,824,844
E01005212,2110,1074,1036
E01033656,3490,1873,1617
E01033662,1335,828,507
E01005142,1912,948,964
E01005147,2538,1236,1302
E01033674,2206,1535,671
E01033675,2064,993,1071
E01005213,2189,1192,997
E01033660,1168,679,489
E01033672,1291,690,601
E01033673,1101,658,443
E01033677,1170,694,476
E01033681,1373,796,577
E01033682,1261,741,520
E01033683,1259,756,503
E01005357,1424,698,726
E01005358,1643,762,881
E01005359,1594,791,803
E01005360,1402,669,733
E01005441,1592,756,836
E01005442,1408,681,727
E01005444,1504,702,802
E01005445,1537,742,795
E01005361,1696,824,872
E01005443,1396,680,716
E01005446,1393,680,713
E01005447,1630,762,868
E01005390,1515,734,781
E01005394,1540,741,799
E01005395,1439,711,728
E01005396,1482,733,749
E01005355,1511,737,774
E01005356,1335,638,697
E01005399,1589,796,793
E01005403,1679,852,827
E01005410,1550,784,766
E01005411,1548,736,812
E01005414,1295,669,626
E01005415,1148,548,600
E01005452,1372,678,694
E01005453,1320,643,677
E01032558,1447,667,780
E01032559,2800,1376,1424
E01005391,1593,806,787
E01005392,1481,706,775
E01005393,1271,607,664
E01005401,1652,804,848
E01005397,1459,709,750
E01005398,1548,724,824
E01005400,1503,741,762
E01005402,1533,737,796
E01005335,1289,630,659
E01005337,1963,978,985
E01005339,1463,738,725
E01005340,1435,673,762
E01005421,1709,801,908
E01005422,1503,691,812
E01032920,1870,962,908
E01005448,1472,733,739
E01005449,1218,573,645
E01005454,1449,712,737
E01005455,1586,822,764
E01005456,1589,780,809
E01005407,1706,866,840
E01005412,1690,853,837
E01005416,1385,695,690
E01005417,1463,698,765
E01005348,1654,814,840
E01005350,2011,1091,920
E01005432,1499,737,762
E01005433,1515,700,815
E01005329,1526,774,752
E01005330,1562,778,784
E01005333,1274,655,619
E01005336,1576,787,789
E01005349,2424,1205,1219
E01005351,1986,976,1010
E01005352,1449,734,715
E01005353,1913,1014,899
E01005354,1764,885,879
E01005327,1932,917,1015
E01005328,1369,703,666
E01005331,1544,775,769
E01005334,1514,749,765
E01005338,1791,848,943
E01005387,1431,714,717
E01005388,1354,640,714
E01005389,1661,818,843
E01005418,1510,752,758
E01005428,1736,892,844
E01005431,1720,829,891
E01005450,1670,811,859
E01005451,1336,670,666
E01005408,1771,878,893
E01005409,1658,804,854
E01032922,2477,1205,1272
E01005406,1414,702,712
E01005413,1665,815,850
E01005419,1502,706,796
E01005420,1678,782,896
E01005321,1609,815,794
E01005326,3008,1448,1560
E01005427,2021,989,1032
E01005429,1818,915,903
E01005430,2394,1180,1214
E01005320,1913,956,957
E01005434,1340,739,601
E01005437,1908,950,958
E01005459,1358,636,722
E01005383,1968,942,1026
E01005386,1388,656,732
E01032556,1439,724,715
E01032557,1654,759,895
E01005342,1336,642,694
E01005343,1393,660,733
E01005344,1499,709,790
E01005381,1511,729,782
E01005332,2295,1093,1202
E01005341,1459,747,712
E01005345,1506,760,746
E01005346,1433,705,728
E01005347,1345,679,666
E01005322,1267,598,669
E01005323,1397,705,692
E01005324,1469,668,801
E01005325,1001,473,528
E01005438,2331,1188,1143
E01005377,1327,629,698
E01005379,1272,547,725
E01005380,1509,707,802
E01005382,1453,718,735
E01005439,1519,737,782
E01005362,1462,715,747
E01005364,1674,817,857
E01005368,1542,731,811
E01005376,1288,604,684
E01005378,1494,733,761
E01005363,1539,757,782
E01005369,1494,698,796
E01005370,1437,692,745
E01005371,1331,652,679
E01005365,1456,729,727
E01005366,1514,686,828
E01005367,1474,716,758
E01005440,1334,638,696
E01005372,1191,578,613
E01005373,1201,581,620
E01005374,1443,701,742
E01005375,1469,718,751
E01005435,1913,981,932
E01005436,1699,807,892
E01005460,2356,1163,1193
E01005461,2385,1177,1208
E01005462,1856,948,908
E01005463,1122,582,540
E01032921,2578,1359,1219
E01005518,1425,722,703
E01005520,1758,850,908
E01005522,1344,631,713
E01005523,1936,956,980
E01005519,1558,790,768
E01005594,1455,713,742
E01005597,1600,771,829
E01005598,1562,769,793
E01005516,1413,674,739
E01005517,1506,718,788
E01005521,1427,676,751
E01005596,1925,970,955
E01005578,1444,720,724
E01005579,1674,818,856
E01005586,1523,747,776
E01005593,1546,733,813
E01005595,1420,679,741
E01005489,1189,572,617
E01005490,1513,925,588
E01005491,1469,711,758
E01005493,1608,774,834
E01005494,1750,830,920
E01005495,1660,762,898
E01005488,1593,788,805
E01005492,1557,760,797
E01005499,1483,741,742
E01005571,1565,766,799
E01005570,1275,608,667
E01005572,1647,808,839
E01005573,1502,746,756
E01005574,1677,845,832
E01005587,1467,709,758
E01005588,1377,627,750
E01005580,1580,771,809
E01005581,1588,793,795
E01005583,1689,844,845
E01005585,1419,733,686
E01033258,2981,1527,1454
E01005496,1354,673,681
E01005589,1522,749,773
E01005590,1652,806,846
E01005591,1426,641,785
E01005592,1610,763,847
E01005472,1547,744,803
E01005473,1513,753,760
E01005482,2056,1203,853
E01005483,1882,1006,876
E01005484,2119,1122,997
E01005486,1606,787,819
E01005487,1717,838,879
E01005474,1290,618,672
E01005575,1636,799,837
E01005576,1517,762,755
E01005577,1482,715,767
E01005469,1804,881,923
E01005563,1811,898,913
E01005565,1564,768,796
E01005566,2148,989,1159
E01005568,1674,855,819
E01005569,1635,808,827
E01005556,1539,777,762
E01005559,1586,780,806
E01005560,1551,746,805
E01005567,1459,711,748
E01005555,1366,695,671
E01005557,1212,584,628
E01005558,1644,809,835
E01005561,1362,652,710
E01005562,1525,738,787
E01005470,1772,890,882
E01005471,1606,772,834
E01005475,1665,837,828
E01005485,2151,1094,1057
E01005564,1938,965,973
E01005464,1752,856,896
E01005465,1716,835,881
E01005466,2313,1146,1167
E01005467,1722,789,933
E01005468,1544,757,787
E01005476,1637,824,813
E01005477,1676,802,874
E01005478,1591,750,841
E01005479,1761,840,921
E01005480,1624,755,869
E01005481,1727,785,942
E01005497,1577,760,817
E01005501,1567,775,792
E01005502,1534,733,801
E01005504,1508,720,788
E01005505,1707,798,909
E01005509,1790,936,854
E01005510,1148,560,588
E01005511,1246,619,627
E01005512,1545,788,757
E01005513,1336,615,721
E01005514,1510,739,771
E01005515,1705,766,939
E01005498,1464,704,760
E01005500,1608,765,843
E01005503,1310,669,641
E01005506,1592,786,806
E01005507,1574,734,840
E01005508,1866,914,952
E01005524,1489,723,766
E01005525,1602,800,802
E01005526,1584,773,811
E01005528,1499,730,769
E01005536,1603,753,850
E01005543,1321,628,693
E01005527,1498,708,790
E01005529,1610,744,866
E01005551,1726,804,922
E01005552,1990,946,1044
E01005553,1831,874,957
E01005554,1343,659,684
E01005534,1493,743,750
E01005535,1580,805,775
E01005537,1363,714,649
E01005538,1509,710,799
E01005540,1334,654,680
E01005541,1621,801,820
E01005542,1326,638,688
E01005533,1640,800,840
E01005539,1354,693,661
E01005546,1237,596,641
E01005547,1450,708,742
E01005548,1284,656,628
E01005530,1437,688,749
E01005531,1165,560,605
E01005532,1435,669,766
E01005544,1470,713,757
E01005545,1227,594,633
E01005549,1562,746,816
E01005550,1420,687,733
E01005659,1444,715,729
E01005660,1470,701,769
E01005663,1376,681,695
E01005664,1487,696,791
E01005665,1470,682,788
E01005703,1544,789,755
E01005704,1405,688,717
E01005706,1494,686,808
E01005708,1491,722,769
E01005702,2127,1027,1100
E01005705,1868,892,976
E01005707,1718,865,853
E01005661,1789,868,921
E01005662,1519,704,815
E01005709,1391,661,730
E01005710,1509,708,801
E01005670,1663,785,878
E01005672,1369,652,717
E01005676,1276,620,656
E01005677,1540,750,790
E01005686,1439,713,726
E01005688,1591,807,784
E01005691,1472,748,724
E01005692,1306,640,666
E01005711,1505,751,754
E01005712,1620,794,826
E01005713,1415,653,762
E01005714,1438,681,757
E01005715,1652,822,830
E01005718,1680,849,831
E01005673,1437,711,726
E01005675,2564,1720,844
E01005678,1519,741,778
E01005679,1594,769,825
E01005687,1752,860,892
E01005689,1438,679,759
E01005690,1555,757,798
E01005693,1402,659,743
E01005646,1577,770,807
E01005649,1717,856,861
E01005650,1582,839,743
E01005651,2121,1010,1111
E01005647,1621,739,882
E01005648,1817,924,893
E01005652,1398,660,738
E01005653,1518,696,822
E01005671,1503,736,767
E01005674,1446,694,752
E01005694,1741,836,905
E01005696,1521,734,787
E01005698,1657,799,858
E01005700,1538,746,792
E01005716,1770,893,877
E01005717,1568,778,790
E01005734,1357,644,713
E01005735,1393,701,692
E01005736,1420,711,709
E01005737,1507,746,761
E01005739,1531,736,795
E01005695,1578,783,795
E01005697,1563,766,797
E01005738,1766,876,890
E01005740,1556,755,801
E01005741,1642,785,857
E01005742,1587,759,828
E01005625,1329,626,703
E01005627,1178,569,609
E01005699,1494,734,760
E01005701,1593,777,816
E01005609,1787,874,913
E01005611,1942,992,950
E01005612,2038,1043,995
E01005613,2280,1211,1069
E01005614,1940,957,983
E01005615,1958,998,960
E01005624,1669,791,878
E01005680,1425,735,690
E01005683,1600,741,859
E01032919,3668,1949,1719
E01005622,1452,684,768
E01005623,1261,635,626
E01005626,1311,640,671
E01005628,1616,835,781
E01005725,1378,648,730
E01005726,1500,714,786
E01005727,1337,664,673
E01005728,1353,663,690
E01005733,1370,657,713
E01005631,1509,842,667
E01005632,2112,1043,1069
E01005633,1393,679,714
E01005634,1472,722,750
E01005635,1577,788,789
E01005636,1553,771,782
E01005637,1314,646,668
E01005629,1311,637,674
E01005630,1495,699,796
E01005719,1741,878,863
E01005720,2384,1177,1207
E01005722,1778,845,933
E01005723,1469,685,784
E01005724,1479,715,764
E01005610,1261,622,639
E01032684,1809,1012,797
E01032687,1285,740,545
E01032906,1243,764,479
E01032907,1185,678,507
E01032909,1325,732,593
E01032911,1154,619,535
E01033330,1396,837,559
E01005654,1420,727,693
E01005656,1497,735,762
E01005657,1446,751,695
E01005721,1436,775,661
E01005655,1368,717,651
E01005658,1415,662,753
E01005681,1580,839,741
E01005682,1515,904,611
E01005729,1308,690,618
E01005730,1646,798,848
E01005731,1594,774,820
E01005732,1142,557,585
E01005599,1610,847,763
E01005600,1467,732,735
E01005601,1574,766,808
E01005602,1352,671,681
E01005603,1580,767,813
E01005604,1523,726,797
E01005605,1383,700,683
E01005638,1558,765,793
E01005667,1828,889,939
E01032685,1494,859,635
E01032686,1396,826,570
E01032912,1481,755,726
E01032914,1602,895,707
E01032915,1547,751,796
E01032917,1056,626,430
E01005639,1566,736,830
E01005640,1456,703,753
E01005641,1423,686,737
E01005642,1227,602,625
E01005643,1404,666,738
E01005644,1583,790,793
E01005645,1445,716,729
E01005616,1461,710,751
E01005617,1536,735,801
E01005618,1485,680,805
E01005619,1298,654,644
E01005620,2531,1277,1254
E01005621,1652,837,815
E01005886,1496,717,779
E01005888,1522,707,815
E01005889,1472,680,792
E01005891,1293,634,659
E01005894,1405,689,716
E01005887,1498,703,795
E01005890,1478,706,772
E01005893,1697,864,833
E01005896,1666,852,814
E01005919,1602,728,874
E01005862,1561,773,788
E01005892,1311,661,650
E01005895,1150,535,615
E01005920,1562,769,793
E01005921,1392,652,740
E01005922,1406,669,737
E01005753,1671,756,915
E01005754,1791,931,860
E01005755,1635,802,833
E01005756,1589,789,800
E01005745,1433,726,707
E01005746,1418,706,712
E01005747,1454,727,727
E01005748,1536,774,762
E01005863,1744,871,873
E01005864,1481,748,733
E01005866,1713,915,798
E01005869,1508,715,793
E01005914,1426,731,695
E01005915,1489,740,749
E01005916,1565,787,778
E01005917,1619,798,821
E01005859,1459,728,731
E01005865,1471,733,738
E01005867,1458,698,760
E01005868,1498,745,753
E01005743,1353,667,686
E01005744,1438,687,751
E01005749,1647,807,840
E01005750,1697,820,877
E01005751,1314,661,653
E01005897,1495,739,756
E01005898,1603,770,833
E01005900,1549,751,798
E01005903,1438,716,722
E01005904,1462,713,749
E01005853,1570,754,816
E01005856,1619,795,824
E01005860,1488,692,796
E01005861,1548,738,810
E01005752,1477,734,743
E01005899,1616,752,864
E01005901,1398,695,703
E01005902,1618,767,851
E01005905,1436,701,735
E01005852,1552,747,805
E01005854,1626,789,837
E01005855,1504,769,735
E01005857,1549,767,782
E01005858,1575,752,823
E01005757,1607,818,789
E01005758,1851,1008,843
E01005766,1452,760,692
E01005918,1511,861,650
E01005870,1399,694,705
E01005871,1337,654,683
E01005873,1489,729,760
E01005875,1559,756,803
E01005764,1642,796,846
E01005816,1600,763,837
E01005817,1345,654,691
E01005822,1507,798,709
E01005880,1488,718,770
E01005881,1278,634,644
E01005883,1536,767,769
E01005908,1494,722,772
E01005765,1393,657,736
E01005818,1422,672,750
E01005819,1547,786,761
E01005820,1455,672,783
E01005821,1489,736,753
E01005823,1632,811,821
E01005825,1516,759,757
E01005872,1712,843,869
E01005874,1672,874,798
E01005876,1481,746,735
E01005877,1402,686,716
E01005878,1435,675,760
E01005879,1308,621,687
E01005882,1380,660,720
E01005884,1494,712,782
E01005885,1386,630,756
E01005832,1472,744,728
E01005833,1046,507,539
E01005835,1397,695,702
E01005837,1588,772,816
E01005843,1510,768,742
E01005769,1335,603,732
E01005778,1469,706,763
E01005779,1419,684,735
E01005780,1466,720,746
E01005781,1533,724,809
E01005759,1679,845,834
E01005760,1857,928,929
E01005797,1370,684,686
E01005800,1627,776,851
E01005804,1201,549,652
E01005824,1474,734,740
E01005826,1450,658,792
E01005827,1406,695,711
E01005828,1288,624,664
E01005829,1283,608,675
E01005768,1632,782,850
E01005770,1429,682,747
E01005771,1383,662,721
E01005775,1566,738,828
E01005761,1404,736,668
E01005762,1588,736,852
E01005763,1696,828,868
E01005799,1804,885,919
E01005798,1587,761,826
E01005801,1497,755,742
E01005802,1535,778,757
E01005803,1488,730,758
E01005830,1476,718,758
E01005831,1546,754,792
E01005767,1492,729,763
E01005772,1466,726,740
E01005773,1523,708,815
E01005774,1400,671,729
E01005776,1571,775,796
E01005909,1552,748,804
E01005910,1533,711,822
E01005911,1353,635,718
E01005912,1366,691,675
E01005782,1218,574,644
E01005783,1541,727,814
E01005784,1427,693,734
E01005785,1535,768,767
E01005786,1589,809,780
E01005834,1505,734,771
E01005836,1837,894,943
E01005838,1707,811,896
E01005840,1532,749,783
E01005927,1352,654,698
E01005928,1572,756,816
E01005929,1376,679,697
E01005930,1560,753,807
E01005806,1215,581,634
E01005813,1441,699,742
E01005814,1329,664,665
E01005815,1470,700,770
E01005777,1486,701,785
E01005787,1299,664,635
E01005788,1528,735,793
E01005790,1223,588,635
E01005805,1573,749,824
E01005807,1576,776,800
E01005839,1316,663,653
E01005841,1538,737,801
E01005844,1490,714,776
E01005845,1621,796,825
E01005849,1571,779,792
E01005851,1524,755,769
E01005808,1366,663,703
E01005809,1263,631,632
E01005810,1573,735,838
E01005811,1402,687,715
E01005812,1289,627,662
E01005842,1620,806,814
E01005906,1462,690,772
E01005907,1293,632,661
E01005913,1441,703,738
E01005789,1560,771,789
E01005791,1543,744,799
E01005793,1423,673,750
E01005795,1292,631,661
E01005796,1260,621,639
E01005846,1659,837,822
E01005847,1553,765,788
E01005848,1839,899,940
E01005850,1759,852,907
E01005792,1464,721,743
E01005794,1241,597,644
E01005923,1549,756,793
E01005931,1445,681,764
E01005924,1343,646,697
E01005925,1418,655,763
E01005926,1265,621,644
E01005932,1385,677,708
E01006053,1864,907,957
E01006054,1623,776,847
E01006055,1387,670,717
E01006057,1533,741,792
E01006058,1911,976,935
E01006059,1413,689,724
E01005938,1638,825,813
E01005939,1305,633,672
E01005940,1494,737,757
E01005955,1710,849,861
E01006056,1190,586,604
E01006061,2383,1172,1211
E01006062,2114,1047,1067
E01006063,1463,723,740
E01005936,1487,751,736
E01005937,1516,722,794
E01005945,1974,936,1038
E01005946,1653,824,829
E01005947,1581,788,793
E01005954,1499,726,773
E01005956,1422,681,741
E01005957,1459,739,720
E01005958,1456,693,763
E01005959,1705,818,887
E01005933,1467,721,746
E01005934,1479,708,771
E01005935,1475,695,780
E01005949,1557,759,798
E01005960,1637,816,821
E01005941,1650,883,767
E01005942,1649,817,832
E01005943,1793,890,903
E01005944,1467,763,704
E01006060,1396,718,678
E01006064,1578,784,794
E01006065,1357,627,730
E01006066,1403,677,726
E01006067,1842,928,914
E01006068,1594,787,807
E01006069,1667,769,898
E01006073,1752,822,930
E01005993,1411,681,730
E01005995,1421,696,725
E01005996,1939,947,992
E01005997,1459,717,742
E01006000,1543,759,784
E01005994,1449,689,760
E01005999,1857,901,956
E01006002,1368,638,730
E01006004,1544,746,798
E01006005,1351,626,725
E01006007,1508,735,773
E01005998,1703,834,869
E01006001,1559,771,788
E01006003,1450,715,735
E01006006,1472,727,745
E01005948,1769,993,776
E01005950,1923,926,997
E01005951,1585,766,819
E01005952,2163,1247,916
E01005953,2043,1005,1038
E01005961,1423,692,731
E01005962,1457,706,751
E01005968,1446,693,753
E01005969,1381,679,702
E01006022,1619,825,794
E01006023,1545,822,723
E01006070,1437,706,731
E01006071,1586,814,772
E01006072,1685,848,837
E01006009,1364,673,691
E01006017,1416,727,689
E01006018,1366,675,691
E01006021,1365,657,708
E01006008,1455,715,740
E01006010,1381,655,726
E01006012,1839,893,946
E01006015,1419,695,724
E01006016,1754,926,828
E01006011,1634,808,826
E01006013,1281,624,657
E01006014,1302,633,669
E01006019,1509,763,746
E01006020,1563,748,815
E01005963,1222,597,625
E01005964,1538,730,808
E01005965,1430,695,735
E01005966,1355,682,673
E01005967,1381,693,688
E01006031,1496,715,781
E01006032,1330,650,680
E01006033,1360,691,669
E01006034,2143,1047,1096
E01006035,1976,999,977
E01006036,1953,970,983
E01005970,1464,747,717
E01005972,1680,822,858
E01005974,1563,763,800
E01005975,1562,738,824
E01006024,1809,898,911
E01006026,1569,762,807
E01006037,1498,727,771
E01006038,1638,777,861
E01006047,1341,657,684
E01006048,1498,726,772
E01006049,1537,766,771
E01006051,1645,817,828
E01005985,1533,736,797
E01005987,1547,738,809
E01005988,1601,773,828
E01005990,1344,662,682
E01005991,1466,720,746
E01005971,1406,703,703
E01005986,1246,594,652
E01005989,1220,576,644
E01005992,1317,608,709
E01005973,1426,714,712
E01005976,1523,723,800
E01005977,1497,706,791
E01005978,1377,660,717
E01006025,1418,661,757
E01006027,1409,700,709
E01006050,1707,824,883
E01006052,1537,768,769
E01006028,1762,872,890
E01006029,1837,882,955
E01006030,1836,904,932
E01006039,1406,672,734
E01006040,1699,859,840
E01006041,1597,803,794
E01005979,1612,791,821
E01005980,1485,698,787
E01005981,1529,682,847
E01005982,1347,644,703
E01005983,1616,783,833
E01005984,1517,787,730
E01006042,1638,784,854
E01006043,1466,686,780
E01006044,1383,676,707
E01006045,1264,614,650
E01006046,1481,709,772
E01006109,1448,856,592
E01006110,1775,826,949
E01006111,1720,818,902
E01006112,1713,839,874
E01006185,1968,1015,953
E01006188,1553,781,772
E01006116,1350,650,700
E01006117,1672,826,846
E01006118,1453,689,764
E01006119,1608,785,823
E01006121,1549,739,810
E01006141,1604,820,784
E01006186,1903,970,933
E01006187,2535,1268,1267
E01006189,2235,1110,1125
E01006113,1524,750,774
E01006114,1662,809,853
E01006115,1584,765,819
E01006145,1797,873,924
E01006146,1894,930,964
E01006122,1553,760,793
E01006123,1695,814,881
E01006124,1473,721,752
E01006128,1767,893,874
E01006131,1566,786,780
E01006155,1606,793,813
E01006157,1557,757,800
E01006159,1804,824,980
E01006182,1532,699,833
E01006183,1650,824,826
E01006125,1484,723,761
E01006126,1665,787,878
E01006127,1616,797,819
E01006130,1777,879,898
E01006132,1566,755,811
E01006156,1593,739,854
E01006158,1648,811,837
E01006179,1732,901,831
E01006184,1676,810,866
E01006198,1554,721,833
E01006199,1570,745,825
E01006200,1445,667,778
E01006201,1495,754,741
E01006202,1358,707,651
E01006120,1430,698,732
E01006129,1367,637,730
E01006133,1454,700,754
E01006197,1530,738,792
E01006203,1415,685,730
E01006142,1659,804,855
E01006143,1659,839,820
E01006144,1444,707,737
E01006180,1838,915,923
E01006181,1666,831,835
E01006147,1415,723,692
E01006149,1485,721,764
E01006150,1542,772,770
E01006154,1501,766,735
E01006165,1918,930,988
E01006166,1567,770,797
E01006169,1634,800,834
E01006170,1550,744,806
E01006171,1796,862,934
E01006098,1289,634,655
E01006099,1352,678,674
E01006164,1650,810,840
E01006174,1738,877,861
E01006178,1821,914,907
E01006097,1768,895,873
E01006160,1753,887,866
E01006161,1958,969,989
E01006162,1615,801,814
E01006163,1788,890,898
E01006148,1632,806,826
E01006151,1508,749,759
E01006152,1636,795,841
E01006153,1568,741,827
E01006172,1530,743,787
E01006104,1689,832,857
E01006105,1933,929,1004
E01006106,1485,687,798
E01006107,1618,765,853
E01006108,1670,763,907
E01006102,1368,635,733
E01006173,1516,737,779
E01006175,1613,750,863
E01006176,1789,884,905
E01006177,1645,798,847
E01006091,2287,1133,1154
E01006092,1355,632,723
E01006095,1629,827,802
E01006167,1633,782,851
E01006168,1919,893,1026
E01006090,1964,1015,949
E01006094,1486,719,767
E01006096,1532,749,783
E01006100,1517,766,751
E01006103,1618,818,800
E01006101,1522,773,749
E01006190,1693,831,862
E01006195,1771,888,883
E01006196,1784,903,881
E01006210,1656,850,806
E01006204,1610,750,860
E01006206,1884,895,989
E01006207,1617,780,837
E01006208,1627,758,869
E01006211,1530,732,798
E01006093,1596,786,810
E01006191,1658,800,858
E01006192,1534,735,799
E01006205,1388,697,691
E01006209,1577,777,800
E01006078,1851,937,914
E01006080,1808,885,923
E01006089,1497,763,734
E01006193,1519,757,762
E01006194,2333,1162,1171
E01006074,1574,733,841
E01006075,1940,960,980
E01006076,1623,782,841
E01006079,1995,1017,978
E01006087,1513,754,759
E01006083,1397,687,710
E01006084,1708,838,870
E01006088,1575,771,804
E01006139,1717,830,887
E01006140,1685,828,857
E01006077,1591,812,779
E01006081,1391,689,702
E01006082,1607,780,827
E01006085,1574,719,855
E01006086,1668,802,866
E01006134,1527,755,772
E01006135,1636,764,872
E01006136,1551,732,819
E01006137,1433,693,740
E01006138,1747,823,924
E01006315,1237,608,629
E01006316,1486,743,743
E01006317,1523,745,778
E01006319,1439,706,733
E01006229,1527,746,781
E01006230,1417,696,721
E01006233,1497,737,760
E01006237,1576,791,785
E01006238,1530,727,803
E01006259,1321,666,655
E01006312,1481,738,743
E01006313,1067,528,539
E01006314,1679,814,865
E01006318,1446,729,717
E01006320,1378,702,676
E01006321,1710,858,852
E01006231,1477,738,739
E01006232,1855,874,981
E01006234,1230,621,609
E01006235,1524,746,778
E01006253,1544,747,797
E01006254,1657,782,875
E01006255,1505,744,761
E01006256,1439,747,692
E01006260,1530,735,795
E01006370,1598,878,720
E01006372,1675,795,880
E01006373,1503,745,758
E01006374,1549,747,802
E01006390,1539,762,777
E01006236,1480,734,746
E01006388,1691,856,835
E01006389,1400,687,713
E01006391,1587,799,788
E01006257,1307,655,652
E01006258,1684,812,872
E01006369,1696,900,796
E01006371,1543,782,761
E01006375,1602,813,789
E01006306,1546,827,719
E01006307,1432,736,696
E01006386,1534,824,710
E01006387,1319,650,669
E01006392,1499,766,733
E01006350,1823,902,921
E01006351,2092,1015,1077
E01006357,1727,810,917
E01006360,1675,834,841
E01006361,1616,825,791
E01006356,1472,735,737
E01006396,1472,713,759
E01006397,1135,560,575
E01006398,1086,547,539
E01006399,1538,766,772
E01006305,1783,874,909
E01006308,1640,796,844
E01006309,1602,839,763
E01006310,1513,764,749
E01006311,1593,783,810
E01006269,1605,810,795
E01006271,1785,880,905
E01006272,1653,816,837
E01006273,1533,723,810
E01006276,2274,1129,1145
E01006353,1543,794,749
E01006354,1584,805,779
E01006355,1531,746,785
E01006358,1750,868,882
E01006359,1514,752,762
E01006349,1762,886,876
E01006352,1666,843,823
E01006404,1660,811,849
E01006405,1381,651,730
E01006411,1630,848,782
E01006270,1495,740,755
E01006274,1511,719,792
E01006275,1529,744,785
E01006277,1802,905,897
E01006286,1509,753,756
E01006239,1965,1023,942
E01006240,1601,793,808
E01006241,2001,1016,985
E01006287,1217,590,627
E01006289,1746,902,844
E01006362,1782,899,883
E01006363,1542,741,801
E01006364,1811,856,955
E01006365,2206,1070,1136
E01006366,1681,867,814
E01006367,1577,777,800
E01006368,1641,789,852
E01006278,1574,757,817
E01006279,1593,781,812
E01006280,1428,688,740
E01006281,1764,889,875
E01006285,1838,906,932
E01006406,1460,721,739
E01006407,1507,755,752
E01006408,1544,764,780
E01006409,1388,679,709
E01006410,1403,717,686
E01006393,1490,760,730
E01006394,1561,755,806
E01006395,2502,1263,1239
E01006400,1345,642,703
E01006401,1463,718,745
E01006402,1198,597,601
E01006403,1705,859,846
E01006290,1375,686,689
E01006291,1470,740,730
E01006292,1568,761,807
E01006293,1579,791,788
E01006242,1643,816,827
E01006243,2045,1044,1001
E01006244,1564,769,795
E01006245,2417,1222,1195
E01006213,1627,815,812
E01006215,1675,842,833
E01006217,2334,1146,1188
E01006218,2055,1027,1028
E01006219,1297,637,660
E01006288,1803,864,939
E01006294,1963,973,990
E01006295,1593,810,783
E01006377,1624,787,837
E01006378,1334,679,655
E01006212,1395,713,682
E01006214,1375,672,703
E01006216,2191,1111,1080
E01006322,1539,782,757
E01006329,1290,765,525
E01006282,1701,860,841
E01006283,1535,788,747
E01006284,1520,764,756
E01006336,1630,765,865
E01006337,1507,731,776
E01006376,1642,835,807
E01006381,1920,985,935
E01006382,1410,719,691
E01006383,1660,834,826
E01006384,1394,711,683
E01006250,1532,773,759
E01006251,1462,727,735
E01006379,1551,756,795
E01006380,1655,781,874
E01006385,1489,728,761
E01006328,1432,754,678
E01006333,1810,892,918
E01006334,1716,861,855
E01006338,1588,795,793
E01006248,1564,831,733
E01006249,1578,776,802
E01006330,1629,811,818
E01006331,1596,796,800
E01006332,2077,1024,1053
E01006262,1531,780,751
E01006263,1547,777,770
E01006266,1392,685,707
E01006267,1637,803,834
E01006268,1762,877,885
E01006323,1502,739,763
E01006324,1325,653,672
E01006325,1608,811,797
E01006326,1439,725,714
E01006327,1482,718,764
E01006246,1566,788,778
E01006247,1330,651,679
E01006252,1464,698,766
E01006297,1631,757,874
E01006335,1672,829,843
E01006220,1845,900,945
E01006221,1645,819,826
E01006222,1577,786,791
E01006224,1577,805,772
E01006226,1754,904,850
E01006223,1610,812,798
E01006225,1514,736,778
E01006261,1536,733,803
E01006264,1356,685,671
E01006265,1432,700,732
E01006296,1533,736,797
E01006298,1405,665,740
E01006299,1888,951,937
E01006300,1347,659,688
E01006301,1362,651,711
E01006227,1554,757,797
E01006228,1731,896,835
E01006342,1567,778,789
E01006344,1487,695,792
E01006346,2134,1076,1058
E01006339,1370,662,708
E01006340,1457,721,736
E01006343,1758,860,898
E01006345,1583,766,817
E01006348,1607,793,814
E01006302,1603,814,789
E01006303,1394,695,699
E01006304,1481,725,756
E01006341,1644,820,824
E01006347,1580,760,820
E01024859,1529,751,778
E01024861,1309,628,681
E01024862,1573,782,791
E01024891,1617,757,860
E01024892,1428,658,770
E01024894,1376,670,706
E01024893,1483,722,761
E01024896,1326,644,682
E01024897,1426,690,736
E01024898,1562,783,779
E01024856,1613,819,794
E01024875,1405,744,661
E01024876,1367,702,665
E01024877,1574,849,725
E01024878,1609,822,787
E01024895,1377,727,650
E01024883,1506,698,808
E01024884,1585,747,838
E01024885,1665,844,821
E01024886,1392,706,686
E01024889,1289,637,652
E01024890,1470,710,760
E01024879,1318,624,694
E01024880,1435,695,740
E01024912,1397,675,722
E01024913,1372,696,676
E01024914,1484,736,748
E01024881,1425,713,712
E01024882,1473,701,772
E01024902,1523,725,798
E01024911,1760,880,880
E01024855,1428,683,745
E01024857,1522,724,798
E01024858,1338,671,667
E01024864,1587,777,810
E01024863,1471,721,750
E01024865,1434,720,714
E01024866,1761,842,919
E01024867,1420,681,739
E01024860,1243,632,611
E01024868,1221,612,609
E01024869,1414,698,716
E01024870,1146,558,588
E01024872,1357,633,724
E01024899,1644,798,846
E01024900,1603,778,825
E01024907,1227,612,615
E01024908,1039,499,540
E01024909,1538,806,732
E01024874,1052,526,526
E01024887,1500,747,753
E01024888,1670,841,829
E01024901,1815,878,937
E01024871,1333,653,680
E01024873,1380,677,703
E01024903,1260,600,660
E01024904,1746,817,929
E01024905,1246,618,628
E01024906,1530,764,766
E01024910,1466,693,773
E01024951,1205,606,599
E01024952,1300,663,637
E01024953,1396,698,698
E01024954,1399,702,697
E01024921,2123,1015,1108
E01024978,1341,671,670
E01024979,1382,665,717
E01024980,1388,675,713
E01024946,1241,596,645
E01024947,1348,688,660
E01024955,1475,749,726
E01024956,1444,701,743
E01024957,1441,692,749
E01024958,1371,684,687
E01024948,1456,739,717
E01024949,2295,1128,1167
E01024950,1357,694,663
E01024977,2239,1098,1141
E01024967,1302,634,668
E01024968,1891,936,955
E01024969,1364,631,733
E01024970,1370,697,673
E01024971,1296,619,677
E01024972,1264,629,635
E01024929,1345,665,680
E01024930,1438,733,705
E01024931,1487,705,782
E01024932,1025,512,513
E01024933,1356,663,693
E01024937,1488,722,766
E01024964,1462,721,741
E01024974,1547,758,789
E01024975,3156,2497,659
E01024976,1555,755,800
E01024919,2572,1269,1303
E01024920,1939,960,979
E01024934,1509,716,793
E01024935,1418,672,746
E01024925,1708,814,894
E01024926,1921,926,995
E01024927,1667,804,863
E01024928,1527,735,792
E01024936,1546,798,748
E01024938,1624,827,797
E01024939,1744,857,887
E01024940,1699,904,795
E01024941,1568,783,785
E01024923,1234,628,606
E01024924,1412,725,687
E01024963,1515,733,782
E01024965,1400,691,709
E01024966,1588,783,805
E01024942,1629,795,834
E01024943,2293,1108,1185
E01024944,1786,870,916
E01024945,2889,1425,1464
E01024922,1450,698,752
E01024959,1740,865,875
E01024960,1623,799,824
E01024961,1602,785,817
E01024962,1544,752,792
E01024915,2181,1061,1120
E01024916,1673,831,842
E01024917,1723,861,862
E01024918,1749,845,904
E01024973,2135,1047,1088
E01024993,1479,707,772
E01025026,1328,667,661
E01025027,1778,871,907
E01025028,1368,660,708
E01025031,1205,603,602
E01025007,1288,636,652
E01025008,1151,564,587
E01025009,1451,708,743
E01025011,1471,694,777
E01025012,1975,955,1020
E01025013,1609,755,854
E01025019,1373,655,718
E01024998,1799,822,977
E01025010,1833,1169,664
E01025014,1683,856,827
E01025015,1544,752,792
E01025004,1326,632,694
E01025006,1313,651,662
E01025023,1332,634,698
E01025024,1312,619,693
E01025025,1533,742,791
E01025001,1560,701,859
E01025002,1465,695,770
E01025005,1434,677,757
E01025016,2366,1147,1219
E01025018,1232,586,646
E01024984,1438,692,746
E01024985,1391,676,715
E01024986,1530,790,740
E01024987,1273,665,608
E01024988,1598,804,794
E01024989,1491,731,760
E01024996,1234,611,623
E01024997,1424,686,738
E01024999,1514,724,790
E01025000,1282,628,654
E01025029,1949,969,980
E01025030,1647,793,854
E01024981,1332,656,676
E01024982,1379,650,729
E01024983,1459,703,756
E01024994,1587,766,821
E01024995,1419,668,751
E01025003,1638,785,853
E01025017,1418,619,799
E01024990,1586,745,841
E01024991,1014,454,560
E01024992,1346,606,740
E01025020,1293,615,678
E01025021,1436,711,725
E01025022,1871,876,995
E01025060,1466,720,746
E01025061,1449,681,768
E01025062,1571,787,784
E01025063,1506,761,745
E01025064,1579,770,809
E01025065,1637,826,811
E01025066,1592,779,813
E01025032,1455,690,765
E01025033,2299,1147,1152
E01025034,1683,861,822
E01025048,1583,792,791
E01025049,1612,784,828
E01025050,1530,742,788
E01025053,1552,748,804
E01025070,1162,583,579
E01025071,1381,685,696
E01025072,1381,693,688
E01025073,1289,639,650
E01025074,1412,696,716
E01025051,1384,709,675
E01025052,1482,729,753
E01025057,1591,780,811
E01025058,1381,625,756
E01025059,1480,665,815
E01025067,1525,785,740
E01025068,1512,754,758
E01025069,1481,754,727
E01025044,1236,595,641
E01025045,1281,595,686
E01025046,1230,615,615
E01025081,1651,825,826
E01025041,1708,861,847
E01025042,2197,1096,1101
E01025082,1715,836,879
E01025083,2003,946,1057
E01025084,1634,835,799
E01033231,2869,1422,1447
E01025055,1506,768,738
E01025075,1677,836,841
E01025076,1367,646,721
E01025077,1372,657,715
E01025078,1528,789,739
E01025035,1483,764,719
E01025036,1505,804,701
E01025037,1436,690,746
E01025038,1358,653,705
E01025039,1212,618,594
E01025040,1472,745,727
E01025054,1714,867,847
E01025056,1341,674,667
E01025079,1666,854,812
E01025080,1598,801,797
E01025088,1121,559,562
E01025096,1598,778,820
E01025097,1488,733,755
E01025098,1353,637,716
E01025148,2035,976,1059
E01025168,1094,525,569
E01025169,1266,583,683
E01025130,2123,1027,1096
E01025132,1488,765,723
E01025166,1180,563,617
E01025167,1218,636,582
E01025089,1395,657,738
E01025090,1739,848,891
E01025158,1433,666,767
E01025159,1431,667,764
E01025160,1255,605,650
E01025085,1392,657,735
E01025086,1370,617,753
E01025087,1305,545,760
E01025161,1123,512,611
E01025108,1232,596,636
E01025109,1045,488,557
E01025131,1533,748,785
E01025133,1421,681,740
E01025112,1654,800,854
E01025136,1565,730,835
E01025138,1463,713,750
E01025139,1636,860,776
E01025140,1495,731,764
E01025111,1807,857,950
E01025113,1519,747,772
E01025118,1115,537,578
E01025119,1348,644,704
E01025110,1419,739,680
E01025116,1401,668,733
E01025117,1406,757,649
E01025120,1405,690,715
E01025170,1679,780,899
E01025171,1710,797,913
E01025172,1536,708,828
E01025173,1640,769,871
E01025149,2134,1052,1082
E01025150,1485,686,799
E01025151,1538,757,781
E01025152,1511,726,785
E01025154,1339,630,709
E01025091,1473,712,761
E01025092,1212,548,664
E01025095,1461,857,604
E01025126,1923,955,968
E01025093,1705,820,885
E01025094,1418,772,646
E01025099,1497,794,703
E01033071,1207,648,559
E01033073,1719,857,862
E01025125,1356,576,780
E01025128,1314,643,671
E01025129,1244,596,648
E01025147,1453,713,740
E01025114,1507,726,781
E01025115,1570,745,825
E01025121,1725,837,888
E01025122,1716,822,894
E01025123,2313,1132,1181
E01025124,1510,732,778
E01033072,2414,1188,1226
E01025100,1542,762,780
E01025101,1413,694,719
E01025102,1461,661,800
E01025103,1337,655,682
E01025144,2045,844,1201
E01025146,2041,994,1047
E01025127,1376,667,709
E01025141,1443,700,743
E01025143,1448,675,773
E01025145,1472,655,817
E01025105,6137,2972,3165
E01025106,2458,1170,1288
E01025107,1643,837,806
E01025142,1452,694,758
E01025137,1464,717,747
E01025153,1245,623,622
E01025155,1258,625,633
E01025156,1175,550,625
E01025157,1153,530,623
E01025162,1348,625,723
E01025163,1384,662,722
E01025164,1400,651,749
E01025165,1500,758,742
E01025191,1254,619,635
E01025192,1438,723,715
E01025193,1358,650,708
E01025194,1395,687,708
E01025195,1210,604,606
E01025196,1599,832,767
E01025197,1341,662,679
E01025198,1401,670,731
E01025199,1678,828,850
E01025200,1524,747,777
E01025201,1599,782,817
E01025202,1382,682,700
E01025205,1381,677,704
E01025206,1173,555,618
E01025207,1265,627,638
E01025208,1270,604,666
E01025220,1594,750,844
E01025221,1351,655,696
E01025222,1468,709,759
E01025223,1414,691,723
E01025178,1815,877,938
E01025179,1570,764,806
E01025180,1877,926,951
E01025203,1683,850,833
E01025226,1579,814,765
E01025227,2011,995,1016
E01025228,1590,789,801
E01025174,1461,703,758
E01025175,1580,781,799
E01025176,2002,952,1050
E01025177,1800,879,921
E01025204,1642,800,842
E01025211,1459,716,743
E01025181,1565,717,848
E01025182,1630,821,809
E01025183,1646,817,829
E01025184,1648,818,830
E01025188,2013,1001,1012
E01025189,1679,823,856
E01025210,1803,888,915
E01025217,1536,768,768
E01025218,1261,642,619
E01025219,1160,589,571
E01025224,2165,1071,1094
E01025225,1683,810,873
E01025229,2222,1108,1114
E01025230,1632,825,807
E01025187,1424,692,732
E01025190,1689,809,880
E01025209,1686,826,860
E01025216,2117,1017,1100
E01025185,1929,954,975
E01025186,1509,797,712
E01025212,1402,691,711
E01025213,1122,557,565
E01025214,1379,677,702
E01025215,1388,694,694
E01025278,2543,1259,1284
E01025279,1945,948,997
E01025282,1398,674,724
E01025257,1346,671,675
E01025277,1722,840,882
E01025280,1804,884,920
E01025281,1500,726,774
E01025256,1503,698,805
E01025258,1490,718,772
E01025259,2065,1002,1063
E01025299,1441,699,742
E01025301,1128,556,572
E01025302,1238,602,636
E01025253,1773,891,882
E01025254,1216,593,623
E01025255,1597,803,794
E01025300,1133,538,595
E01025303,1339,652,687
E01025260,1490,723,767
E01025262,1510,753,757
E01025263,1500,692,808
E01025264,1451,709,742
E01025239,1393,659,734
E01025241,1605,783,822
E01025242,1612,774,838
E01025243,1966,1016,950
E01025251,1494,731,763
E01025234,1461,720,741
E01025235,1647,812,835
E01025237,1488,716,772
E01025238,1562,726,836
E01025245,2663,1286,1377
E01025252,1423,675,748
E01025233,1406,688,718
E01025240,1591,781,810
E01025261,1418,679,739
E01025266,1262,620,642
E01025309,1160,586,574
E01025236,1455,689,766
E01025283,1685,825,860
E01025284,1761,880,881
E01025285,1428,726,702
E01025286,1706,861,845
E01025287,1968,997,971
E01025270,1593,809,784
E01025272,1585,799,786
E01025273,1420,720,700
E01025288,1599,862,737
E01025246,1750,911,839
E01025274,1907,1015,892
E01025275,1609,768,841
E01025294,1827,947,880
E01025276,1695,862,833
E01025308,1717,819,898
E01025310,1516,752,764
E01025311,1346,626,720
E01025312,1641,852,789
E01025313,1948,970,978
E01025314,2670,1290,1380
E01025231,1448,680,768
E01025232,1605,857,748
E01025265,1490,739,751
E01025267,1446,702,744
E01025268,1664,841,823
E01025269,1638,787,851
E01025271,1559,754,805
E01025295,2559,1644,915
E01025296,1950,974,976
E01025297,2057,1037,1020
E01025298,1621,805,816
E01025244,1690,879,811
E01025292,3172,1603,1569
E01025293,2030,1055,975
E01025247,1728,892,836
E01025248,1328,623,705
E01025249,1016,512,504
E01025250,1712,866,846
E01025304,1845,922,923
E01025305,1641,816,825
E01025289,1680,883,797
E01025290,1707,911,796
E01025291,1365,694,671
E01025306,1795,1041,754
E01033223,1235,717,518
E01033224,1029,582,447
E01033226,1083,605,478
E01025315,1737,905,832
E01025320,1325,661,664
E01025331,1405,713,692
E01025348,1517,740,777
E01025349,1416,693,723
E01025334,1559,747,812
E01025344,1397,638,759
E01025345,1449,731,718
E01025346,1502,745,757
E01025347,1633,813,820
E01025329,1431,709,722
E01025330,1342,647,695
E01025335,1377,637,740
E01025338,1592,812,780
E01025339,1483,711,772
E01025322,1356,682,674
E01025326,1477,691,786
E01025327,1320,630,690
E01025342,1598,811,787
E01025321,1316,628,688
E01025340,1402,677,725
E01025341,1171,568,603
E01025343,1422,703,719
E01025354,1316,637,679
E01025316,1480,713,767
E01025317,1163,567,596
E01025325,1518,729,789
E01025328,1231,577,654
E01025318,1060,518,542
E01025319,2094,1038,1056
E01025333,1212,591,621
E01025350,1289,615,674
E01025351,2606,1325,1281
E01025323,1132,557,575
E01025324,1501,713,788
E01025332,1049,524,525
E01025336,1121,540,581
E01025337,1551,752,799
E01025352,1492,769,723
E01025353,1090,516,574
E01025355,2248,1097,1151
E01025361,2062,980,1082
E01025362,1971,978,993
E01025393,1430,709,721
E01025363,1363,632,731
E01025364,1310,648,662
E01025366,1557,765,792
E01025395,1565,777,788
E01025396,1375,667,708
E01025397,1688,855,833
E01025398,1406,697,709
E01025367,1776,888,888
E01025368,1596,785,811
E01025369,1230,584,646
E01025381,1473,701,772
E01025382,1722,862,860
E01025383,2310,1166,1144
E01025356,1508,752,756
E01025373,1561,763,798
E01025385,1250,591,659
E01025387,1320,673,647
E01033281,2612,1307,1305
E01025377,1413,709,704
E01025378,1500,756,744
E01025379,1406,628,778
E01025380,1486,726,760
E01025357,1320,640,680
E01025358,2200,1059,1141
E01025365,1496,709,787
E01025384,1247,600,647
E01025359,1634,824,810
E01025360,1952,968,984
E01025375,1672,831,841
E01025376,2242,1085,1157
E01025370,1203,608,595
E01025371,1400,677,723
E01025374,1477,739,738
E01025388,1465,737,728
E01025389,1232,585,647
E01025390,1092,517,575
E01025391,1491,724,767
E01025392,1203,617,586
E01025394,1518,751,767
E01025424,1261,606,655
E01025425,1357,675,682
E01025426,1245,610,635
E01025466,1491,726,765
E01025413,1801,862,939
E01025414,1571,788,783
E01025456,1206,585,621
E01025458,1476,725,751
E01025408,1447,695,752
E01025409,1322,643,679
E01025410,1394,678,716
E01025467,2013,953,1060
E01025403,2021,1009,1012
E01025457,1397,691,706
E01025463,1377,668,709
E01025464,1297,653,644
E01025465,1118,554,564
E01025411,2054,996,1058
E01025448,1608,806,802
E01025449,1002,493,509
E01025450,1036,492,544
E01025412,1478,729,749
E01025427,1438,728,710
E01025428,1554,730,824
E01025429,1347,630,717
E01025404,1209,599,610
E01025405,1211,582,629
E01025406,1223,596,627
E01025407,1950,928,1022
E01025399,1579,737,842
E01025400,1845,865,980
E01025401,1472,733,739
E01025402,1435,710,725
E01025442,1075,544,531
E01025443,1371,661,710
E01025444,1316,644,672
E01025461,1941,973,968
E01025462,1729,881,848
E01025439,1388,647,741
E01025453,1665,818,847
E01025454,1279,645,634
E01025455,1458,706,752
E01025436,2277,1137,1140
E01025437,1790,903,887
E01025438,1319,651,668
E01025440,1412,687,725
E01025441,1408,664,744
E01025417,1424,679,745
E01025418,1399,675,724
E01025419,1598,766,832
E01025420,2756,1413,1343
E01025421,2307,1153,1154
E01025422,1340,634,706
E01025431,1744,871,873
E01025433,1820,893,927
E01025416,1549,771,778
E01025451,1976,975,1001
E01025452,1703,854,849
E01025415,2051,1023,1028
E01025423,1353,646,707
E01025435,1517,730,787
E01025446,1517,724,793
E01025430,1996,975,1021
E01025434,1962,975,987
E01032928,1929,952,977
E01032929,1084,515,569
E01025445,1443,700,743
E01025447,1196,542,654
E01025459,1678,838,840
E01025460,2052,1004,1048
E01025496,1204,611,593
E01025497,1548,751,797
E01025498,1289,622,667
E01025530,1437,729,708
E01025532,1534,785,749
E01025533,1571,766,805
E01025507,1525,759,766
E01025508,1423,710,713
E01025509,1198,574,624
E01025513,2049,1028,1021
E01025531,1110,548,562
E01025474,1126,555,571
E01025495,2057,999,1058
E01025514,2263,1132,1131
E01025515,1602,813,789
E01025483,2208,1077,1131
E01025484,1964,967,997
E01025485,1700,836,864
E01025486,1664,822,842
E01025487,1646,806,840
E01025510,1365,648,717
E01025511,1147,546,601
E01025512,1272,607,665
E01025538,1531,744,787
E01025539,1355,640,715
E01025499,1359,650,709
E01025501,1113,520,593
E01025502,1620,772,848
E01025516,1502,728,774
E01025517,1538,768,770
E01025519,1249,611,638
E01025488,1961,896,1065
E01025489,1337,639,698
E01025490,1804,784,1020
E01025500,1425,675,750
E01025518,1434,668,766
E01025479,1988,968,1020
E01025491,1618,782,836
E01025506,1970,975,995
E01025468,1714,840,874
E01025469,1567,758,809
E01025470,1502,750,752
E01025522,1144,563,581
E01025471,1527,738,789
E01025480,1443,657,786
E01025481,1451,714,737
E01025482,1456,710,746
E01025520,1230,608,622
E01025521,1687,818,869
E01025523,1653,808,845
E01025524,1484,746,738
E01025525,1625,793,832
E01025526,1696,813,883
E01025472,1424,696,728
E01025473,1454,689,765
E01025475,1467,729,738
E01025476,1318,617,701
E01025477,1214,582,632
E01025478,1191,585,606
E01025492,1286,619,667
E01025527,1390,682,708
E01025528,1767,915,852
E01025529,1823,916,907
E01025493,1635,799,836
E01025494,1546,765,781
E01025503,1369,651,718
E01025504,1115,512,603
E01025505,1425,696,729
E01025534,1750,845,905
E01025535,1417,709,708
E01025536,1524,712,812
E01025537,1484,733,751
E01025540,1201,561,640
E01025573,1389,686,703
E01025574,1533,712,821
E01025581,1391,686,705
E01025582,1255,648,607
E01025583,1289,647,642
E01025584,1483,808,675
E01025605,1432,676,756
E01025606,1258,598,660
E01025607,1573,776,797
E01025608,1643,782,861
E01025590,1576,748,828
E01025591,1552,751,801
E01025592,1494,700,794
E01025593,1759,883,876
E01025563,1134,549,585
E01025564,1610,779,831
E01025565,1486,733,753
E01025586,1568,765,803
E01025587,1510,732,778
E01025588,1372,644,728
E01025589,1241,618,623
E01025557,1551,734,817
E01025575,1089,504,585
E01025578,1533,731,802
E01025579,1394,672,722
E01025580,1296,648,648
E01025547,1934,1025,909
E01025549,2148,1048,1100
E01025609,2035,1010,1025
E01025548,1522,739,783
E01025553,2594,1283,1311
E01025558,1707,802,905
E01025559,1834,885,949
E01025560,1311,620,691
E01025554,1514,720,794
E01025556,1516,716,800
E01025570,1262,626,636
E01025571,1413,725,688
E01025572,1350,652,698
E01025604,1504,721,783
E01025561,1471,727,744
E01025562,2110,1014,1096
E01025585,2293,1156,1137
E01025542,1678,800,878
E01025555,1359,662,697
E01025601,1395,647,748
E01025602,1550,764,786
E01025603,1502,711,791
E01025541,1695,820,875
E01025543,1763,830,933
E01025544,1540,743,797
E01025576,2327,1097,1230
E01025577,1432,695,737
E01025550,1486,732,754
E01025552,1283,631,652
E01025594,1517,693,824
E01025595,1442,696,746
E01025596,2057,1020,1037
E01025597,1096,512,584
E01025545,1878,875,1003
E01025546,1485,684,801
E01025551,1292,627,665
E01025567,1520,704,816
E01025598,1452,711,741
E01025566,1986,966,1020
E01025568,1717,822,895
E01025569,1846,873,973
E01025599,991,484,507
E01025600,1531,747,784
E01006448,1677,714,963
E01006492,1358,658,700
E01006493,1115,479,636
E01006494,1429,583,846
E01006495,1872,893,979
E01006454,1222,595,627
E01006456,1595,814,781
E01006457,1188,557,631
E01006458,1413,654,759
E01006490,2757,1296,1461
E01006491,1970,967,1003
E01006415,2101,1008,1093
E01006417,1310,680,630
E01006436,1466,703,763
E01006437,1369,635,734
E01006447,1357,654,703
E01006455,1694,740,954
E01006506,1351,672,679
E01006507,1428,659,769
E01006508,1394,668,726
E01006509,1640,761,879
E01006510,1199,578,621
E01006416,1451,651,800
E01006418,1357,637,720
E01006434,1521,696,825
E01006435,1556,730,826
E01006438,1200,580,620
E01006439,1613,798,815
E01006446,1364,629,735
E01006412,1457,669,788
E01006413,1419,729,690
E01006414,1366,628,738
E01006441,2402,1168,1234
E01006460,1576,742,834
E01006461,1590,763,827
E01006463,1868,947,921
E01006464,1617,807,810
E01006466,1549,714,835
E01006453,1223,557,666
E01006467,1275,572,703
E01006470,1375,655,720
E01033228,1907,869,1038
E01006459,1612,785,827
E01006462,1514,736,778
E01006496,1377,647,730
E01006498,1574,782,792
E01006499,1591,755,836
E01006440,1454,676,778
E01006442,1272,625,647
E01006443,1395,660,735
E01006444,1383,626,757
E01006445,1329,602,727
E01006465,1686,828,858
E01006482,1530,688,842
E01006483,1341,647,694
E01006484,1376,649,727
E01006449,1504,714,790
E01006450,1422,656,766
E01006451,1481,702,779
E01006452,1528,720,808
E01006497,1073,502,571
E01006500,1109,523,586
E01006501,1431,711,720
E01006504,1376,678,698
E01006505,1750,832,918
E01006472,1565,753,812
E01006485,1544,755,789
E01006486,1172,569,603
E01006487,1529,719,810
E01006488,1753,825,928
E01006489,1434,691,743
E01006477,1386,651,735
E01006478,1361,632,729
E01006479,1395,651,744
E01006480,1369,635,734
E01006481,1346,630,716
E01006471,1487,683,804
E01006473,1248,585,663
E01006474,1483,680,803
E01006475,1526,721,805
E01006476,1428,708,720
E01006420,2066,997,1069
E01006424,2070,1009,1061
E01006502,1739,856,883
E01006503,1243,613,630
E01006421,1210,589,621
E01006425,1362,661,701
E01006430,1332,607,725
E01006433,1439,686,753
E01006419,1492,729,763
E01006422,1269,624,645
E01006423,1426,725,701
E01006427,1450,689,761
E01006426,1230,592,638
E01006428,1511,748,763
E01006429,1131,515,616
E01006431,1672,811,861
E01006432,1526,737,789
E01006651,1642,800,842
E01006653,1520,733,787
E01006655,1758,836,922
E01006658,1300,604,696
E01006660,1433,682,751
E01006652,1505,752,753
E01006656,1493,734,759
E01006657,1211,576,635
E01006780,1465,705,760
E01006783,1548,759,789
E01006781,1470,708,762
E01006782,1560,777,783
E01006784,1347,685,662
E01006785,1769,875,894
E01006786,1820,937,883
E01006661,1663,751,912
E01006662,1775,780,995
E01006663,1153,561,592
E01006664,1795,847,948
E01006669,1470,722,748
E01006654,1513,713,800
E01006659,1765,1241,524
E01006734,1412,667,745
E01006735,1309,612,697
E01006736,1460,683,777
E01006737,1435,664,771
E01006787,2330,1673,657
E01006788,1825,902,923
E01006790,1587,747,840
E01006791,1674,884,790
E01006665,1555,768,787
E01006666,1504,723,781
E01006667,1453,700,753
E01006668,1534,726,808
E01006670,1526,728,798
E01006607,1531,718,813
E01006612,1495,728,767
E01006729,1400,641,759
E01032510,1809,879,930
E01032511,1378,676,702
E01006608,1215,604,611
E01006609,1283,609,674
E01006610,1397,647,750
E01006613,1360,655,705
E01006705,1409,724,685
E01006598,1361,617,744
E01006599,1121,489,632
E01006672,1955,911,1044
E01033759,1147,532,615
E01006600,1407,638,769
E01006603,1410,671,739
E01006730,1326,618,708
E01006731,1196,554,642
E01006732,1643,676,967
E01006611,1291,646,645
E01006614,1322,635,687
E01006615,1302,611,691
E01006698,1716,826,890
E01006700,1438,705,733
E01006623,1462,724,738
E01006624,1556,756,800
E01006627,1378,654,724
E01006671,1355,634,721
E01006699,1594,817,777
E01006701,1380,693,687
E01006702,1618,783,835
E01006703,1561,835,726
E01006778,2205,1094,1111
E01006541,1593,786,807
E01006543,1247,598,649
E01006544,1658,742,916
E01006616,1428,696,732
E01006762,1692,789,903
E01006604,1367,642,725
E01006605,1531,740,791
E01006618,1639,765,874
E01006625,1416,675,741
E01006626,1448,676,772
E01006637,1596,701,895
E01006638,1219,532,687
E01006639,1509,687,822
E01006644,2040,987,1053
E01006645,1424,671,753
E01006542,1397,698,699
E01006558,1357,670,687
E01006562,1514,709,805
E01033747,1043,484,559
E01006545,1512,708,804
E01006546,1319,666,653
E01006547,1490,769,721
E01006548,1675,825,850
E01006766,1266,614,652
E01006767,1787,898,889
E01006606,1521,729,792
E01006761,1644,864,780
E01006763,1471,737,734
E01006764,1522,771,751
E01006765,1468,693,775
E01006768,1359,741,618
E01006617,1421,667,754
E01006619,1599,753,846
E01006620,1417,670,747
E01006621,1468,717,751
E01006622,1519,751,768
E01006640,1880,886,994
E01006776,1677,813,864
E01006779,1968,893,1075
E01033764,2202,1130,1072
E01006560,1860,965,895
E01006564,1721,837,884
E01006646,1899,993,906
E01006648,2175,1148,1027
E01006540,1509,776,733
E01006563,1744,857,887
E01006647,1422,652,770
E01006693,1511,783,728
E01006572,1207,528,679
E01006574,1388,661,727
E01006641,1740,816,924
E01006642,1290,572,718
E01006643,1822,831,991
E01006567,1655,862,793
E01006568,1617,745,872
E01006570,1479,722,757
E01006571,1470,689,781
E01006711,1538,761,777
E01006717,1436,719,717
E01006718,1587,796,791
E01006719,1535,744,791
E01032508,1723,837,886
E01032509,1434,671,763
E01006690,1492,782,710
E01006692,2180,1102,1078
E01006695,1821,1045,776
E01006759,1095,571,524
E01006760,1611,999,612
E01006565,1549,705,844
E01006569,1429,672,757
E01006573,1501,715,786
E01006712,1339,615,724
E01006713,1377,645,732
E01006691,1503,787,716
E01006694,1864,949,915
E01006696,1744,856,888
E01006697,1845,958,887
E01006746,1513,735,778
E01006512,1880,1070,810
E01006747,3552,1636,1916
E01006748,1936,1034,902
E01006751,2572,1229,1343
E01033763,1527,823,704
E01006566,1506,730,776
E01006585,1354,654,700
E01006586,1899,935,964
E01006587,1624,828,796
E01006716,1589,773,816
E01006575,1294,607,687
E01006576,1693,803,890
E01006577,1503,727,776
E01006579,1643,796,847
E01006584,1393,689,704
E01006720,2108,1074,1034
E01006725,1537,786,751
E01006726,1565,758,807
E01006727,1441,749,692
E01006728,1623,785,838
E01006752,1012,545,467
E01006578,1380,657,723
E01006580,1335,650,685
E01006581,1559,738,821
E01006773,1379,694,685
E01006774,1445,699,746
E01006514,2108,1177,931
E01006515,1208,595,613
E01006673,1937,1009,928
E01033757,1025,593,432
E01033768,1223,744,479
E01006550,1595,776,819
E01006557,2054,1024,1030
E01006721,1655,805,850
E01006722,1793,937,856
E01006723,1875,966,909
E01006724,1790,910,880
E01006552,2029,1101,928
E01006556,2011,1087,924
E01006674,1885,953,932
E01006679,2232,1104,1128
E01006709,1438,739,699
E01006769,1270,630,640
E01006770,1002,459,543
E01006771,1425,630,795
E01006772,1091,520,571
E01006775,1319,593,726
E01006582,1642,799,843
E01006589,1518,728,790
E01006591,1633,806,827
E01006592,1565,721,844
E01006597,1667,772,895
E01006553,1880,919,961
E01006588,1569,769,800
E01006590,1642,858,784
E01006593,1541,758,783
E01033749,1153,609,544
E01033766,1075,558,517
E01006520,1706,937,769
E01006549,1662,998,664
E01006675,1824,1054,770
E01006677,1040,451,589
E01006518,1696,843,853
E01006630,1338,609,729
E01006632,1842,928,914
E01006676,1753,861,892
E01006678,2127,1122,1005
E01006706,1346,623,723
E01006707,1323,598,725
E01006708,1805,837,968
E01006710,1496,683,813
E01006792,1368,668,700
E01006794,1593,764,829
E01006800,1401,707,694
E01006801,1355,639,716
E01006532,1557,783,774
E01006539,1437,711,726
E01006583,1758,742,1016
E01006594,1410,667,743
E01006796,1591,789,802
E01006522,1731,995,736
E01006524,2431,1121,1310
E01006526,1404,677,727
E01006529,1304,640,664
E01006551,1581,794,787
E01006554,1692,871,821
E01006525,1209,601,608
E01006595,1745,805,940
E01006596,1451,706,745
E01006689,1651,793,858
E01006633,1432,696,736
E01032505,1317,623,694
E01032506,1403,736,667
E01032507,1539,735,804
E01033748,1277,705,572
E01033767,1067,511,556
E01006793,1494,726,768
E01006795,1407,687,720
E01006797,1499,730,769
E01006798,1410,685,725
E01006799,1821,880,941
E01006521,1660,836,824
E01006523,1508,751,757
E01006528,1461,755,706
E01006628,1874,871,1003
E01006629,1255,595,660
E01006527,1454,683,771
E01006680,1569,784,785
E01006682,1310,643,667
E01006683,1510,718,792
E01006686,1433,696,737
E01006534,1542,753,789
E01006535,1639,766,873
E01006536,1848,874,974
E01006681,1585,789,796
E01006530,1431,674,757
E01006531,1458,686,772
E01006533,1408,680,728
E01006537,2257,1093,1164
E01006538,1318,639,679
E01006519,1286,628,658
E01006684,2138,1048,1090
E01006685,1484,689,795
E01006687,1952,1031,921
E01006688,1524,744,780
E01006740,1280,679,601
E01006742,1394,693,701
E01006744,1482,720,762
E01006745,1879,958,921
E01006738,1501,669,832
E01006739,1769,840,929
E01006741,1815,877,938
E01006743,2175,1066,1109
E01006753,1557,716,841
E01006754,1627,778,849
E01006755,1587,721,866
E01006756,1820,835,985
E01006757,1491,695,796
E01006758,1527,701,826
E01006513,2941,1461,1480
E01033758,1730,883,847
E01033760,2115,1042,1073
E01033761,1372,843,529
E01033762,1791,943,848
E01033750,1448,895,553
E01033754,1452,784,668
E01033756,1185,737,448
E01033765,1351,656,695
E01033751,1873,1044,829
E01033752,1196,740,456
E01033753,1051,690,361
E01033755,1082,643,439
E01006946,1397,649,748
E01007028,1355,660,695
E01007029,1248,548,700
E01007030,1539,716,823
E01007036,1212,579,633
E01006947,1427,680,747
E01007031,1446,675,771
E01007032,1324,611,713
E01007033,1491,693,798
E01007035,1454,672,782
E01006944,1672,734,938
E01006948,1315,585,730
E01006949,1456,675,781
E01006951,1489,686,803
E01007034,1356,616,740
E01006945,1605,756,849
E01006950,1516,748,768
E01006968,1772,867,905
E01006969,1467,748,719
E01033094,988,502,486
E01033097,1050,527,523
E01007055,1484,725,759
E01007056,1616,791,825
E01007057,1528,726,802
E01007062,1434,707,727
E01007063,1580,750,830
E01007058,1437,744,693
E01007059,1516,736,780
E01007060,1475,721,754
E01007061,1494,750,744
E01007064,1288,628,660
E01006934,1529,741,788
E01006970,1630,802,828
E01006994,1620,790,830
E01006996,1615,830,785
E01006998,1664,808,856
E01006995,1334,646,688
E01006997,1511,729,782
E01006999,1621,773,848
E01007000,1290,617,673
E01007001,1618,768,850
E01007002,1330,639,691
E01006928,1466,722,744
E01006935,1694,823,871
E01006971,1597,766,831
E01006972,1625,693,932
E01006973,1616,720,896
E01006974,1588,739,849
E01006929,1552,756,796
E01006930,1460,699,761
E01006931,1533,700,833
E01006932,1505,727,778
E01006933,1450,706,744
E01006920,1624,761,863
E01006924,1458,669,789
E01006925,1532,729,803
E01006927,1677,812,865
E01006921,1305,611,694
E01006922,1419,695,724
E01006923,1472,692,780
E01006926,1615,789,826
E01006985,1457,690,767
E01006986,1281,614,667
E01006987,1253,608,645
E01006989,1337,641,696
E01006990,1236,604,632
E01006988,1372,614,758
E01007079,1586,774,812
E01007080,1438,669,769
E01007081,1491,700,791
E01006991,1496,736,760
E01006992,1125,529,596
E01006993,1498,720,778
E01007078,1545,751,794
E01007075,1370,623,747
E01007076,1414,677,737
E01007077,1512,730,782
E01007082,1434,700,734
E01007067,1393,661,732
E01007068,1272,613,659
E01007069,1445,661,784
E01007070,1471,732,739
E01007101,1440,700,740
E01007095,1583,754,829
E01007096,1332,619,713
E01007100,1391,664,727
E01033096,2531,1269,1262
E01007074,1506,704,802
E01007097,1529,742,787
E01007098,1418,695,723
E01007099,1511,674,837
E01007065,1338,664,674
E01007066,1560,751,809
E01007071,1256,607,649
E01007072,1440,676,764
E01007073,1336,645,691
E01007020,1419,682,737
E01007022,1420,715,705
E01007023,1345,623,722
E01007027,2063,1016,1047
E01007037,1506,707,799
E01007038,1488,715,773
E01006936,1502,702,800
E01006937,1306,633,673
E01006938,1237,594,643
E01006939,1479,682,797
E01006940,1434,671,763
E01006943,1229,578,651
E01007083,1187,555,632
E01007085,1353,613,740
E01007086,1274,577,697
E01007091,1285,585,700
E01007092,1106,511,595
E01006979,1453,694,759
E01006980,1473,711,762
E01007024,1174,520,654
E01007026,1145,526,619
E01007089,1378,632,746
E01007021,1304,629,675
E01007025,1339,654,685
E01007105,1628,763,865
E01007106,1477,697,780
E01007107,1357,632,725
E01007108,1571,770,801
E01007039,1268,621,647
E01007040,2225,1247,978
E01007042,1275,604,671
E01007044,1367,643,724
E01007045,1236,602,634
E01007041,1403,668,735
E01007043,1408,682,726
E01007046,1593,775,818
E01007053,1408,671,737
E01007084,1385,673,712
E01006941,1632,746,886
E01006942,1461,713,748
E01006954,1501,730,771
E01007104,1396,671,725
E01007109,1531,690,841
E01007048,1620,762,858
E01007054,1396,681,715
E01007087,1319,616,703
E01007088,1293,606,687
E01007090,1143,535,608
E01006955,1650,804,846
E01006956,1568,792,776
E01006958,1460,749,711
E01007102,1513,739,774
E01007103,1477,713,764
E01006978,1397,667,730
E01006981,1486,701,785
E01006982,1382,634,748
E01006983,1651,786,865
E01006984,1351,625,726
E01006952,1370,690,680
E01006953,1438,707,731
E01006957,1529,813,716
E01006959,1552,745,807
E01006977,1639,789,850
E01006976,1454,711,743
E01007014,1588,770,818
E01007047,1439,700,739
E01033095,1845,893,952
E01007004,1415,674,741
E01007005,1317,632,685
E01007011,1454,704,750
E01007016,1802,844,958
E01007017,1541,736,805
E01007019,1376,629,747
E01007049,1526,751,775
E01007050,1349,640,709
E01007051,1213,573,640
E01007052,1386,657,729
E01006964,1469,704,765
E01007003,1222,604,618
E01007006,1427,643,784
E01007012,1318,638,680
E01007013,1431,688,743
E01006967,1511,746,765
E01007007,1232,649,583
E01007008,1261,623,638
E01007009,1300,712,588
E01007010,1091,543,548
E01006960,1161,574,587
E01006961,1562,772,790
E01006962,1406,638,768
E01006963,1496,733,763
E01006965,1478,694,784
E01006966,1487,717,770
E01006882,1188,572,616
E01006883,1305,615,690
E01006884,1353,651,702
E01006885,1278,608,670
E01006886,1311,618,693
E01006887,1344,635,709
E01006802,1653,815,838
E01006804,1613,812,801
E01006806,1544,803,741
E01006807,1369,652,717
E01006803,1446,743,703
E01006805,1539,777,762
E01006808,1300,658,642
E01006809,1468,711,757
E01006849,1444,692,752
E01006850,1519,761,758
E01006851,1274,623,651
E01006852,1319,665,654
E01006853,1342,690,652
E01006854,1458,707,751
E01006855,1459,699,760
E01006836,1417,704,713
E01006839,1341,659,682
E01006840,1502,760,742
E01006842,1577,738,839
E01006837,1551,769,782
E01006838,1444,705,739
E01006841,1681,824,857
E01006843,1195,580,615
E01006914,1224,622,602
E01006915,1576,776,800
E01006916,1558,785,773
E01006917,1666,796,870
E01006918,1254,617,637
E01006919,1545,737,808
E01006810,1279,639,640
E01006811,1361,674,687
E01006812,1416,668,748
E01006813,1490,722,768
E01006814,1554,787,767
E01006815,1299,597,702
E01006818,1283,621,662
E01006822,1382,669,713
E01006823,1264,601,663
E01006824,1246,620,626
E01006825,1463,718,745
E01006866,1546,732,814
E01006867,2075,1013,1062
E01006868,1497,756,741
E01006869,1474,745,729
E01006819,1507,761,746
E01006820,1455,697,758
E01006821,1417,694,723
E01006871,1547,736,811
E01006832,1646,851,795
E01006834,1236,594,642
E01006877,1424,762,662
E01006880,1440,704,736
E01006881,1441,735,706
E01006863,1631,818,813
E01006864,1866,903,963
E01006865,1738,839,899
E01006845,1508,744,764
E01006870,1370,676,694
E01006872,1443,790,653
E01006873,1293,588,705
E01006874,1204,583,621
E01006856,1346,708,638
E01006857,1424,710,714
E01006858,1486,693,793
E01006859,1644,847,797
E01006860,1391,699,692
E01006861,1595,746,849
E01006862,1320,637,683
E01006831,1464,711,753
E01006833,1615,791,824
E01006835,1409,713,696
E01006876,1477,737,740
E01006878,1346,662,684
E01006879,1512,753,759
E01006904,1686,821,865
E01006816,1694,841,853
E01006817,1330,668,662
E01006875,1292,621,671
E01006899,2046,1003,1043
E01006826,1338,677,661
E01006827,1594,791,803
E01006828,2146,1024,1122
E01006829,1246,599,647
E01006830,1344,648,696
E01006903,1521,755,766
E01006905,1338,659,679
E01006906,1481,711,770
E01006907,1570,757,813
E01006912,1508,744,764
E01006913,1317,627,690
E01032904,1880,948,932
E01032905,1570,772,798
E01006844,1603,762,841
E01006846,1428,693,735
E01006847,1725,841,884
E01006848,1403,703,700
E01006896,1523,755,768
E01006897,1469,719,750
E01006901,1309,658,651
E01006890,1459,725,734
E01006892,1208,598,610
E01006893,1382,679,703
E01006894,1351,662,689
E01006898,1618,764,854
E01006900,2712,1354,1358
E01006908,1339,660,679
E01006909,1325,632,693
E01006910,1711,845,866
E01006911,1508,758,750
E01006888,1217,578,639
E01006889,1444,722,722
E01006891,1391,672,719
E01006895,1401,669,732
E01007229,1665,801,864
E01007230,1239,585,654
E01007231,1578,803,775
E01007237,1516,747,769
E01007238,1549,768,781
E01007218,1492,730,762
E01007232,1522,740,782
E01007233,1848,901,947
E01007234,1577,785,792
E01007236,1402,640,762
E01007307,1753,861,892
E01007308,1489,715,774
E01007312,1491,712,779
E01007313,1553,746,807
E01007315,1543,750,793
E01007211,1183,590,593
E01007235,1525,730,795
E01007310,1388,653,735
E01007311,1473,722,751
E01007314,1489,687,802
E01007316,1535,730,805
E01007215,1596,805,791
E01007216,1550,762,788
E01007219,1558,793,765
E01007220,1259,601,658
E01007275,1562,765,797
E01007203,2022,1000,1022
E01007205,1541,732,809
E01007210,1955,925,1030
E01007309,1546,764,782
E01007212,1468,721,747
E01007213,1553,738,815
E01007214,1507,739,768
E01007217,1582,762,820
E01007276,1550,773,777
E01007272,1487,749,738
E01007273,1310,611,699
E01007274,1368,654,714
E01007277,1459,730,729
E01007278,1476,735,741
E01007204,1656,749,907
E01007206,1868,917,951
E01007207,1351,621,730
E01007209,1293,623,670
E01007269,1816,863,953
E01007270,1689,863,826
E01007271,1670,811,859
E01032903,2451,1137,1314
E01007120,1394,653,741
E01007121,1475,677,798
E01007122,1381,667,714
E01007123,1748,782,966
E01007124,1512,667,845
E01007208,1727,820,907
E01007221,1472,717,755
E01007225,1804,896,908
E01007227,1507,713,794
E01007228,1399,698,701
E01007195,1624,756,868
E01007199,1547,751,796
E01007222,1608,789,819
E01007223,1394,664,730
E01007193,1668,803,865
E01007194,1495,696,799
E01007200,1732,826,906
E01007201,1460,699,761
E01007202,1383,665,718
E01007125,1683,813,870
E01007156,1525,745,780
E01007157,1538,745,793
E01007158,1517,736,781
E01007159,1846,877,969
E01007126,1858,989,869
E01007127,1565,732,833
E01007128,1651,861,790
E01007129,1563,797,766
E01007133,1086,559,527
E01007224,1476,708,768
E01007226,1599,751,848
E01007265,1365,649,716
E01007299,1344,652,692
E01007306,1612,762,850
E01007297,1436,626,810
E01007298,1529,708,821
E01007301,1632,783,849
E01007302,1435,703,732
E01007305,1631,766,865
E01007119,1427,667,760
E01007161,1538,746,792
E01007162,1503,652,851
E01007300,1914,853,1061
E01007155,1830,906,924
E01007160,1704,858,846
E01007240,1580,828,752
E01007241,1472,665,807
E01007242,1662,795,867
E01007130,1774,866,908
E01007131,1595,769,826
E01007179,1292,638,654
E01007291,1670,823,847
E01007292,1472,689,783
E01007294,1481,686,795
E01007180,1552,767,785
E01007181,1493,714,779
E01007239,1754,863,891
E01007243,1604,754,850
E01007244,2077,1025,1052
E01007259,1208,585,623
E01007261,1364,663,701
E01007264,1412,677,735
E01007266,1538,737,801
E01007267,1454,675,779
E01007268,1317,634,683
E01007163,2347,1140,1207
E01007245,1539,785,754
E01007246,1553,770,783
E01007247,1756,866,890
E01007252,1548,735,813
E01007249,1358,644,714
E01007251,1169,597,572
E01007257,1299,615,684
E01007303,1438,666,772
E01007304,1569,694,875
E01007196,1617,718,899
E01007197,1693,827,866
E01007198,1703,807,896
E01007263,1415,672,743
E01007282,1418,660,758
E01007175,1846,898,948
E01007290,1743,875,868
E01007293,1483,684,799
E01007295,1185,566,619
E01007296,1713,783,930
E01007258,1454,701,753
E01007260,1561,743,818
E01007262,1499,749,750
E01007281,1333,636,697
E01007283,1266,604,662
E01007173,1552,754,798
E01007174,1562,744,818
E01007176,1612,801,811
E01007177,1507,674,833
E01007178,1556,759,797
E01007248,1535,754,781
E01007250,1415,691,724
E01007253,1552,743,809
E01007254,1524,722,802
E01007115,1594,767,827
E01007138,1633,825,808
E01007139,1552,766,786
E01007141,1593,740,853
E01007289,1599,768,831
E01007111,1575,759,816
E01007112,1535,732,803
E01007113,1376,671,705
E01007114,1530,724,806
E01007116,1552,764,788
E01007280,1742,852,890
E01007284,1623,781,842
E01007285,1489,701,788
E01007287,1837,868,969
E01007183,1285,647,638
E01007255,1502,728,774
E01007256,1581,715,866
E01007279,1680,802,878
E01007286,1437,714,723
E01007110,1601,754,847
E01007117,1697,818,879
E01007118,1558,739,819
E01007151,1570,752,818
E01007154,1545,748,797
E01007140,1692,847,845
E01007142,1812,838,974
E01007143,1672,822,850
E01007152,1653,776,877
E01007153,1513,669,844
E01007182,1522,708,814
E01007184,1509,685,824
E01007185,1594,748,846
E01007192,1306,615,691
E01007288,1587,720,867
E01007144,1383,628,755
E01007145,1318,638,680
E01007146,1566,753,813
E01007147,1402,683,719
E01007148,1660,821,839
E01007135,1572,775,797
E01007136,1681,804,877
E01007137,1643,766,877
E01007170,1532,748,784
E01007186,1590,752,838
E01007187,1464,697,767
E01007188,1491,729,762
E01007189,1614,780,834
E01007190,1485,705,780
E01007191,1336,675,661
E01007149,1489,750,739
E01007150,1480,746,734
E01007165,1338,655,683
E01007171,1551,796,755
E01007172,1438,677,761
E01007164,1730,844,886
E01007166,1446,715,731
E01007167,1492,715,777
E01007168,1640,762,878
E01007169,1715,818,897
E01012933,1040,499,541
E01012934,1536,740,796
E01012938,2273,1072,1201
E01012939,1820,872,948
E01012940,1655,817,838
E01012941,1364,649,715
E01012929,1952,945,1007
E01012930,1424,664,760
E01012935,1308,611,697
E01012937,2161,1058,1103
E01012942,1226,566,660
E01012928,1680,793,887
E01012931,1580,743,837
E01012932,1637,790,847
E01012946,1617,775,842
E01012949,1390,636,754
E01012936,1359,625,734
E01012943,1628,779,849
E01012945,1601,806,795
E01012952,1444,742,702
E01012944,1448,772,676
E01012947,1424,683,741
E01012948,1409,718,691
E01012951,1381,657,724
E01012950,1442,702,740
E01012990,1379,663,716
E01012991,1580,766,814
E01012992,1490,726,764
E01012978,1418,678,740
E01012981,1406,694,712
E01012983,1795,895,900
E01012989,1731,811,920
E01013125,1724,842,882
E01013057,1503,738,765
E01013059,1620,793,827
E01013060,1914,899,1015
E01013061,1614,768,846
E01013126,2154,1388,766
E01012986,1563,778,785
E01012987,1698,840,858
E01012988,1522,760,762
E01013048,2059,1019,1040
E01013052,1540,753,787
E01013053,1379,651,728
E01013054,2057,986,1071
E01013055,1523,740,783
E01013056,1624,784,840
E01013058,1328,648,680
E01013119,1492,747,745
E01013046,1640,759,881
E01013047,1601,757,844
E01013049,1603,771,832
E01013050,1676,857,819
E01013051,1579,752,827
E01012922,1490,747,743
E01012923,1618,844,774
E01012925,1329,642,687
E01012927,1571,794,777
E01012924,1731,865,866
E01012926,2433,1195,1238
E01013027,1628,790,838
E01013034,1801,892,909
E01013120,1957,958,999
E01013121,2026,1010,1016
E01013123,1552,779,773
E01013124,2051,954,1097
E01013064,1492,705,787
E01013065,1644,804,840
E01013066,1621,768,853
E01013067,1732,844,888
E01013068,1419,669,750
E01013070,1534,708,826
E01013038,1554,772,782
E01013045,1572,749,823
E01013069,1563,779,784
E01013071,1619,751,868
E01013022,1884,951,933
E01013023,1838,909,929
E01013024,1832,882,950
E01013122,1487,728,759
E01013127,1500,760,740
E01013036,1530,722,808
E01013037,1481,726,755
E01013040,2022,995,1027
E01013041,1559,701,858
E01013062,1690,811,879
E01013063,1514,724,790
E01012919,1527,696,831
E01012921,1149,552,597
E01013039,1735,870,865
E01013042,1698,826,872
E01013043,1468,696,772
E01013044,1621,804,817
E01013029,1468,717,751
E01013030,1493,751,742
E01013031,1512,740,772
E01013032,1444,704,740
E01013035,1324,670,654
E01012954,1241,593,648
E01012956,1242,606,636
E01012958,1047,507,540
E01012961,1516,738,778
E01012966,1284,607,677
E01012953,1076,536,540
E01012955,1538,721,817
E01012959,1463,721,742
E01012962,1150,532,618
E01012964,1680,838,842
E01012920,1472,726,746
E01012965,1015,478,537
E01012967,1569,742,827
E01012968,1717,866,851
E01012969,1844,1251,593
E01012957,2586,1300,1286
E01012960,1653,763,890
E01012963,1457,671,786
E01013112,1424,683,741
E01013018,1855,876,979
E01013019,1174,584,590
E01013021,1496,746,750
E01013025,1348,670,678
E01013026,1661,835,826
E01013105,1439,679,760
E01013110,1574,722,852
E01013111,1464,720,744
E01013115,1533,743,790
E01013117,1540,750,790
E01013108,1541,766,775
E01013113,1522,729,793
E01013114,1502,755,747
E01013116,1543,774,769
E01013118,1476,703,773
E01013094,1412,686,726
E01013095,1563,723,840
E01013096,1674,795,879
E01013097,1437,720,717
E01013102,1425,683,742
E01013028,1558,798,760
E01013078,1423,712,711
E01013081,1485,734,751
E01013082,1587,805,782
E01013085,1654,830,824
E01012970,1460,711,749
E01012972,1544,747,797
E01012973,2795,1399,1396
E01012974,1532,720,812
E01013092,2027,996,1031
E01033495,1392,689,703
E01033496,1722,839,883
E01013033,1608,792,816
E01013098,2229,1086,1143
E01013099,1341,646,695
E01013100,1697,847,850
E01013101,1695,856,839
E01013008,1501,712,789
E01013009,1522,728,794
E01013013,1528,733,795
E01013014,1521,760,761
E01013107,1534,713,821
E01013088,1657,825,832
E01013089,1674,790,884
E01013090,1414,700,714
E01013091,1612,800,812
E01013093,1487,736,751
E01013005,1472,704,768
E01013007,1568,737,831
E01013011,1512,723,789
E01013012,1373,670,703
E01012996,1579,771,808
E01012998,2189,1052,1137
E01013015,1570,798,772
E01013016,1656,831,825
E01013003,1447,711,736
E01013017,1639,803,836
E01013020,1800,871,929
E01013076,1493,757,736
E01013079,1516,761,755
E01013080,1365,674,691
E01013083,1483,748,735
E01013084,1439,683,756
E01013086,1576,815,761
E01013087,1365,674,691
E01012993,1410,654,756
E01012997,1855,912,943
E01012999,1740,865,875
E01013001,1801,864,937
E01013074,1633,811,822
E01012994,1755,864,891
E01012995,1923,929,994
E01013000,1820,968,852
E01013002,1619,812,807
E01013004,1672,787,885
E01013072,1698,832,866
E01013073,1592,793,799
E01013075,1322,670,652
E01013077,1987,945,1042
E01013006,1532,743,789
E01013010,1471,712,759
E01013103,1419,688,731
E01013104,1243,590,653
E01013106,1198,594,604
E01032596,1420,673,747
E01012975,1509,721,788
E01012977,2597,1252,1345
E01012984,1679,843,836
E01012985,1692,813,879
E01012976,1457,696,761
E01012979,1508,734,774
E01012980,1855,884,971
E01012982,1654,783,871
E01012779,1283,586,697
E01012780,1560,750,810
E01012781,1241,579,662
E01012832,1393,685,708
E01033105,1448,735,713
E01033106,1155,574,581
E01033107,1315,636,679
E01033108,1451,732,719
E01012782,1441,682,759
E01012785,1328,656,672
E01012786,1222,600,622
E01012787,1517,775,742
E01012788,1472,717,755
E01012789,1343,643,700
E01012875,1495,729,766
E01012876,1706,804,902
E01012877,1434,668,766
E01012878,1574,759,815
E01012879,1431,738,693
E01012778,1480,683,797
E01012783,1217,585,632
E01012784,2108,1009,1099
E01012790,1321,641,680
E01012906,1611,745,866
E01012908,1189,590,599
E01012764,1165,591,574
E01012765,1503,730,773
E01012768,1359,648,711
E01012769,1334,669,665
E01012829,1593,787,806
E01012830,1470,737,733
E01012905,1339,651,688
E01012910,1298,657,641
E01012912,1837,932,905
E01012822,1506,741,765
E01012904,1460,709,751
E01012907,1398,702,696
E01012909,1303,640,663
E01012911,1214,610,604
E01012873,1542,725,817
E01012874,1580,786,794
E01012880,1720,816,904
E01012881,1520,752,768
E01012915,1483,705,778
E01012917,1621,786,835
E01012918,1552,772,780
E01012833,1494,686,808
E01012835,1154,567,587
E01012836,1507,806,701
E01012839,1297,637,660
E01012840,1490,706,784
E01012824,1685,833,852
E01012825,1499,688,811
E01012834,1613,739,874
E01012837,1656,733,923
E01012838,1510,710,800
E01012821,1219,565,654
E01012823,1456,719,737
E01012826,1510,717,793
E01012827,1491,694,797
E01012828,1539,743,796
E01012766,1433,727,706
E01012767,1709,896,813
E01012914,2150,1134,1016
E01012916,1558,795,763
E01012812,1449,742,707
E01012813,1777,884,893
E01012814,1540,746,794
E01012815,1598,835,763
E01012818,1250,609,641
E01012791,1672,822,850
E01012792,1590,793,797
E01012793,1483,694,789
E01012794,1588,797,791
E01012913,1979,952,1027
E01012761,1757,961,796
E01012868,1749,920,829
E01012869,1774,971,803
E01012871,1829,1006,823
E01012872,1852,1001,851
E01012804,1467,743,724
E01012806,1461,738,723
E01012807,1377,677,700
E01012817,1370,701,669
E01012819,1435,711,724
E01012841,1603,738,865
E01012844,1333,646,687
E01012849,1496,733,763
E01012895,1501,718,783
E01012897,1551,714,837
E01012898,1380,625,755
E01012758,1588,811,777
E01012762,1575,788,787
E01012763,2064,1170,894
E01012866,1576,830,746
E01012870,1683,837,846
E01012774,1549,765,784
E01012795,1937,930,1007
E01012797,1386,651,735
E01012798,1543,690,853
E01012801,1456,728,728
E01012816,1391,685,706
E01012848,1828,1318,510
E01012894,1562,758,804
E01012896,2102,1015,1087
E01012901,1482,734,748
E01012842,1523,720,803
E01012843,1543,717,826
E01012845,1572,763,809
E01012846,1437,693,744
E01012847,1298,626,672
E01012820,1430,723,707
E01012899,1530,747,783
E01012900,1646,835,811
E01012902,1586,806,780
E01012903,1724,847,877
E01012796,1310,638,672
E01012799,1253,609,644
E01012800,1499,757,742
E01012802,1403,689,714
E01012803,1440,702,738
E01012850,1917,1120,797
E01012852,1693,912,781
E01012856,1599,835,764
E01012857,1607,858,749
E01012867,1648,847,801
E01012756,1532,741,791
E01012757,1551,822,729
E01012759,1649,836,813
E01012760,1510,777,733
E01012862,1339,668,671
E01012805,1369,721,648
E01012808,1679,850,829
E01012809,1803,976,827
E01012810,1893,954,939
E01012811,1676,925,751
E01012773,1703,842,861
E01012776,1453,686,767
E01012863,1449,735,714
E01012864,1688,939,749
E01012865,1399,708,691
E01012770,1499,750,749
E01012771,1536,758,778
E01012772,1466,724,742
E01012775,1452,706,746
E01012777,1462,695,767
E01012851,2333,1381,952
E01012854,2144,1296,848
E01012855,1774,986,788
E01033104,1314,761,553
E01033109,1306,812,494
E01012859,1498,764,734
E01012889,1391,680,711
E01012891,2181,1232,949
E01012892,1928,975,953
E01012893,1513,709,804
E01012858,1756,835,921
E01012860,1622,793,829
E01012886,1584,780,804
E01012888,1489,755,734
E01033110,1502,736,766
E01012882,1617,786,831
E01012883,1487,688,799
E01012884,1839,849,990
E01012887,1460,740,720
E01032595,1817,876,941
E01013174,1462,660,802
E01013175,1380,699,681
E01013176,1403,693,710
E01013177,1588,800,788
E01013178,1472,723,749
E01013179,1516,730,786
E01013180,1452,725,727
E01013136,1484,806,678
E01013137,1476,856,620
E01013139,1217,597,620
E01013142,1717,845,872
E01013218,1407,714,693
E01013219,1407,653,754
E01013220,1636,801,835
E01013221,1744,909,835
E01013222,1560,765,795
E01013144,1463,720,743
E01013145,1302,634,668
E01013146,1742,859,883
E01013148,1439,737,702
E01013195,1448,705,743
E01013196,1415,695,720
E01013201,1540,783,757
E01013202,1543,765,778
E01013203,1653,859,794
E01013138,1382,705,677
E01013140,1555,746,809
E01013141,1628,803,825
E01013143,1376,661,715
E01013173,1234,593,641
E01013223,2940,1456,1484
E01013224,1883,931,952
E01013226,1531,772,759
E01013187,1405,707,698
E01013188,1568,780,788
E01013231,1635,779,856
E01013233,1444,699,745
E01013147,1406,662,744
E01013234,1443,654,789
E01033414,2297,1105,1192
E01013128,1449,718,731
E01013198,1439,694,745
E01013199,1187,587,600
E01013200,1279,637,642
E01013159,1489,779,710
E01013161,1429,716,713
E01013162,1608,857,751
E01013165,1346,699,647
E01013158,1465,709,756
E01013160,1483,740,743
E01013163,1324,679,645
E01013164,1869,895,974
E01013197,1285,621,664
E01013149,1152,568,584
E01013150,1324,646,678
E01013227,1618,767,851
E01013228,1573,783,790
E01013229,1494,729,765
E01013131,1529,715,814
E01013132,1465,731,734
E01013133,1530,727,803
E01013134,1450,659,791
E01013206,1351,640,711
E01013207,1345,639,706
E01013211,1512,739,773
E01013212,1396,677,719
E01013181,1541,790,751
E01013182,1532,744,788
E01013183,1560,780,780
E01013184,1573,806,767
E01013185,1616,780,836
E01013186,1378,673,705
E01013129,1533,790,743
E01013151,1262,617,645
E01013152,1505,739,766
E01013155,1393,672,721
E01013130,1375,653,722
E01013135,1439,675,764
E01013154,1396,702,694
E01013156,1250,542,708
E01013204,1415,675,740
E01013205,1362,636,726
E01013208,1418,670,748
E01013209,1483,729,754
E01013210,1446,684,762
E01013153,1332,631,701
E01013157,1864,877,987
E01013166,1589,766,823
E01013167,1787,904,883
E01013169,1049,498,551
E01013189,1480,712,768
E01013190,2822,1387,1435
E01013191,1584,758,826
E01013192,1485,724,761
E01013194,1461,690,771
E01013168,1658,829,829
E01013170,1508,721,787
E01013171,1776,894,882
E01013172,1481,702,779
E01013193,1576,768,808
E01013213,1225,552,673
E01013214,1441,710,731
E01013215,1608,765,843
E01013216,1301,639,662
E01013217,1442,727,715
E01013225,1086,499,587
E01013254,1706,818,888
E01013255,1678,802,876
E01013256,2479,1249,1230
E01013257,1788,886,902
E01013258,1699,825,874
E01013259,1716,800,916
E01013303,1292,660,632
E01013304,1614,806,808
E01013305,1636,829,807
E01013307,1740,841,899
E01013288,1579,808,771
E01013291,1595,780,815
E01013292,1725,845,880
E01013294,1552,780,772
E01013270,1929,934,995
E01013306,1544,762,782
E01013308,1742,865,877
E01013309,1586,765,821
E01013286,2329,1129,1200
E01013287,1487,746,741
E01013289,1664,824,840
E01013290,1662,827,835
E01013293,1549,776,773
E01013245,1488,750,738
E01013246,1530,787,743
E01013247,1756,874,882
E01013248,1779,904,875
E01013249,1735,872,863
E01013297,2193,1112,1081
E01013300,1707,887,820
E01013302,1465,753,712
E01013331,1673,864,809
E01013296,1655,876,779
E01013298,1605,798,807
E01013299,1640,798,842
E01013330,1745,914,831
E01013332,1877,963,914
E01013295,1385,680,705
E01013301,1616,794,822
E01013333,1631,853,778
E01013334,1556,778,778
E01013310,1481,717,764
E01013312,1798,867,931
E01013313,1554,766,788
E01013314,1516,776,740
E01013267,1253,624,629
E01013268,1262,600,662
E01013269,1752,886,866
E01013271,1923,927,996
E01013272,1675,841,834
E01013273,1745,842,903
E01013279,1474,706,768
E01013285,1262,633,629
E01013316,1456,735,721
E01013321,1684,827,857
E01013274,2116,1031,1085
E01013275,1563,767,796
E01013276,1628,796,832
E01013277,1486,716,770
E01013315,1520,688,832
E01013317,1407,673,734
E01013318,1537,743,794
E01013319,2243,1138,1105
E01013238,1677,829,848
E01013240,2356,1170,1186
E01013311,1852,901,951
E01013320,1494,758,736
E01013278,1500,737,763
E01013280,1462,703,759
E01013281,1375,652,723
E01013283,1483,723,760
E01013236,1557,738,819
E01013239,1623,792,831
E01013282,1587,778,809
E01013284,1606,772,834
E01013237,1802,832,970
E01013261,1458,712,746
E01013262,1358,683,675
E01013263,1434,695,739
E01033296,1439,702,737
E01033297,1669,844,825
E01013260,1477,722,755
E01013264,1729,859,870
E01013265,1648,818,830
E01013266,1934,925,1009
E01013241,1520,724,796
E01013242,1770,902,868
E01013243,2147,1026,1121
E01013244,1810,891,919
E01013324,1553,783,770
E01013326,1586,782,804
E01013327,1409,680,729
E01013328,1293,611,682
E01013322,1940,948,992
E01013323,1691,861,830
E01013325,1564,784,780
E01013329,1819,887,932
E01013250,1618,768,850
E01013251,1816,887,929
E01013252,1761,862,899
E01013253,1967,969,998
E01013436,1762,863,899
E01013438,1790,854,936
E01013439,1515,737,778
E01013440,1856,896,960
E01013370,1501,686,815
E01013373,1480,702,778
E01013375,1308,592,716
E01013376,1467,701,766
E01013371,1465,716,749
E01013372,1608,691,917
E01013374,1557,766,791
E01013377,1652,770,882
E01013404,1452,693,759
E01013407,1441,645,796
E01013408,1329,622,707
E01013410,1431,637,794
E01013405,1404,669,735
E01013406,1959,959,1000
E01013409,1566,743,823
E01013411,1526,721,805
E01013428,1638,809,829
E01013429,2065,1035,1030
E01013430,1549,762,787
E01013431,1556,755,801
E01013435,1466,714,752
E01013344,1597,818,779
E01013346,1651,806,845
E01013432,2109,987,1122
E01013433,1461,701,760
E01013434,1462,720,742
E01013379,1476,708,768
E01013380,1771,883,888
E01013385,1459,715,744
E01013387,1477,705,772
E01013388,1033,497,536
E01013389,1158,578,580
E01013437,1214,625,589
E01013343,2005,943,1062
E01013345,1720,818,902
E01013347,1637,799,838
E01013349,1387,686,701
E01013350,1638,786,852
E01013348,1913,893,1020
E01013368,2246,1079,1167
E01013382,1656,786,870
E01013383,2298,1170,1128
E01013386,1772,836,936
E01013421,1548,703,845
E01013422,1686,801,885
E01013426,1669,788,881
E01013427,1442,698,744
E01013335,1582,730,852
E01013336,1470,744,726
E01013337,1650,812,838
E01013338,2307,1146,1161
E01013339,1595,782,813
E01013392,1560,815,745
E01013366,1992,1086,906
E01013369,1863,929,934
E01013416,1564,754,810
E01033067,1363,691,672
E01033068,1144,613,531
E01033069,1158,602,556
E01033070,1538,760,778
E01013381,1544,770,774
E01013402,1758,873,885
E01013419,1532,704,828
E01013420,2038,1011,1027
E01013384,1749,868,881
E01013398,1625,787,838
E01013399,1774,846,928
E01013400,1936,1018,918
E01013401,1697,898,799
E01013403,1887,951,936
E01013393,1599,759,840
E01013394,1312,623,689
E01013395,1450,733,717
E01013396,1644,769,875
E01013441,1532,717,815
E01013445,1538,725,813
E01013390,1573,774,799
E01013391,2198,1124,1074
E01013397,1496,744,752
E01013413,1676,843,833
E01013417,1978,975,1003
E01013442,1379,644,735
E01013443,1536,731,805
E01013444,1413,662,751
E01013446,1660,799,861
E01013447,1499,710,789
E01013448,1375,700,675
E01013360,1848,892,956
E01013361,1894,940,954
E01013362,1977,1098,879
E01013363,2094,1031,1063
E01013364,2031,1053,978
E01013418,1555,737,818
E01013351,1907,917,990
E01013352,1720,836,884
E01013451,1239,602,637
E01013452,1674,784,890
E01013357,2024,953,1071
E01013358,1574,773,801
E01013412,1780,857,923
E01013414,1661,810,851
E01013353,1597,766,831
E01013354,1414,688,726
E01013355,1476,704,772
E01013356,1452,709,743
E01013359,1547,757,790
E01013449,1679,813,866
E01013365,2785,1311,1474
E01013378,4792,2185,2607
E01013450,1240,629,611
E01013340,1274,634,640
E01013341,1272,578,694
E01013342,1360,666,694
E01013423,1285,640,645
E01013424,1335,665,670
E01013425,1553,737,816
E01027558,1881,918,963
E01027559,1725,863,862
E01027569,1334,651,683
E01027570,2474,1196,1278
E01027562,1641,838,803
E01027567,1611,748,863
E01027585,1874,906,968
E01027568,2168,1066,1102
E01027571,1929,965,964
E01027572,2012,986,1026
E01027573,1569,745,824
E01027557,1673,832,841
E01027561,1879,905,974
E01027576,1567,749,818
E01027574,1458,709,749
E01027575,1898,885,1013
E01027577,1918,934,984
E01027579,1132,529,603
E01027578,1517,726,791
E01027580,1122,535,587
E01027581,2500,1206,1294
E01027582,1511,730,781
E01027556,1690,835,855
E01027560,2355,1169,1186
E01027563,1396,641,755
E01027586,1934,933,1001
E01027555,1947,920,1027
E01027564,1211,542,669
E01027565,1530,720,810
E01027566,1239,604,635
E01027583,2098,974,1124
E01027584,1616,794,822
E01027591,1669,828,841
E01027597,1568,791,777
E01027599,1653,791,862
E01027623,1297,597,700
E01027625,1651,761,890
E01027598,1752,850,902
E01027618,2421,1187,1234
E01027624,1269,615,654
E01027626,1320,630,690
E01027627,1820,919,901
E01027590,2055,1015,1040
E01027592,1744,888,856
E01027613,1764,887,877
E01027617,1100,560,540
E01027605,1632,810,822
E01027606,1522,708,814
E01027608,1822,999,823
E01027609,1342,642,700
E01027610,1685,802,883
E01027611,1953,926,1027
E01027612,1693,817,876
E01027616,1434,669,765
E01027603,1966,967,999
E01027604,1761,848,913
E01027607,1237,603,634
E01027614,1236,583,653
E01027615,1276,626,650
E01027587,1358,652,706
E01027588,1570,744,826
E01027589,1673,829,844
E01027593,1728,864,864
E01027628,1865,921,944
E01027633,1852,898,954
E01033065,1199,602,597
E01033066,2301,1426,875
E01027620,1979,940,1039
E01027630,1740,842,898
E01027631,1386,692,694
E01027632,1484,740,744
E01027637,1863,903,960
E01027621,2270,1107,1163
E01027629,1378,655,723
E01027635,2604,1445,1159
E01027636,2078,1018,1060
E01027594,1499,677,822
E01027595,1620,748,872
E01027596,1508,695,813
E01027601,1940,941,999
E01027622,1919,931,988
E01027600,1922,987,935
E01027619,2672,1384,1288
E01027634,2090,1022,1068
E01027666,1715,833,882
E01027667,1394,690,704
E01027685,1205,558,647
E01027686,1145,577,568
E01027712,1748,1047,701
E01027713,1686,809,877
E01027714,1657,808,849
E01027715,1196,594,602
E01027643,1449,725,724
E01027688,1590,742,848
E01027736,1638,765,873
E01027737,1841,1031,810
E01027705,1668,843,825
E01027706,1943,951,992
E01027707,1751,863,888
E01027708,1430,692,738
E01027709,1207,603,604
E01027710,1120,527,593
E01027711,1296,644,652
E01027644,1511,722,789
E01027645,1593,762,831
E01027647,1609,796,813
E01027687,1498,759,739
E01027681,1607,796,811
E01027693,1793,881,912
E01027701,1576,787,789
E01027702,1142,541,601
E01027642,1393,681,712
E01027646,1546,733,813
E01027674,1398,679,719
E01027675,2395,1189,1206
E01027641,1297,656,641
E01027664,2169,1052,1117
E01027665,1137,565,572
E01027722,1425,692,733
E01027668,1539,722,817
E01027669,1847,906,941
E01027673,1754,854,900
E01027676,1762,869,893
E01027638,1339,668,671
E01027639,1284,615,669
E01027640,1489,713,776
E01027690,1424,676,748
E01027738,1321,651,670
E01027739,1100,546,554
E01027741,1369,652,717
E01027689,1392,678,714
E01027691,1494,724,770
E01027720,1480,738,742
E01027721,1507,731,776
E01027723,1490,726,764
E01027670,1627,802,825
E01027671,1570,760,810
E01027672,1782,851,931
E01027704,1171,578,593
E01027649,1754,849,905
E01027651,1519,708,811
E01027657,1260,656,604
E01027658,1566,758,808
E01027692,1176,577,599
E01027740,1556,733,823
E01027648,1606,783,823
E01027650,1538,727,811
E01027726,1749,850,899
E01027727,1558,757,801
E01027728,1343,628,715
E01027729,1576,751,825
E01027652,1585,742,843
E01027655,1483,638,845
E01027659,1786,955,831
E01027677,1429,722,707
E01027678,1697,910,787
E01027680,1307,639,668
E01027683,1457,717,740
E01027684,1431,721,710
E01027695,1686,826,860
E01027696,1989,1037,952
E01027703,1844,873,971
E01027660,1537,744,793
E01027661,1438,684,754
E01027662,1262,611,651
E01027663,1359,635,724
E01027697,1454,711,743
E01027733,1415,667,748
E01027682,1639,797,842
E01027694,1332,662,670
E01027734,1549,767,782
E01027735,1649,834,815
E01027656,1652,803,849
E01027679,1595,733,862
E01027730,1533,756,777
E01027731,1459,675,784
E01027732,1342,634,708
E01027653,1454,647,807
E01027654,1228,580,648
E01027698,1561,747,814
E01027716,1437,680,757
E01027717,1560,734,826
E01027718,1886,871,1015
E01027719,1477,721,756
E01027699,1362,653,709
E01027700,1185,585,600
E01027724,1595,794,801
E01027725,1505,702,803
E01027743,1224,602,622
E01027751,1272,635,637
E01027752,1184,596,588
E01027759,1406,682,724
E01027761,1183,574,609
E01027762,1309,667,642
E01027765,1613,766,847
E01027766,1220,577,643
E01027767,1515,718,797
E01027768,1166,558,608
E01027769,1293,627,666
E01027770,1606,793,813
E01027745,1662,802,860
E01027746,1412,689,723
E01027747,1979,1267,712
E01027748,1176,564,612
E01027749,1983,960,1023
E01027750,2877,1554,1323
E01027754,1382,707,675
E01027771,3508,2624,884
E01027772,1302,652,650
E01033183,1600,827,773
E01033184,2628,1798,830
E01027742,1328,654,674
E01027753,1347,670,677
E01027763,1135,563,572
E01027764,1230,599,631
E01027773,1075,547,528
E01027744,1269,613,656
E01027756,1766,864,902
E01027758,1477,804,673
E01027760,1284,635,649
E01033185,1256,594,662
E01033186,1298,625,673
E01027776,1542,767,775
E01027777,1413,727,686
E01027783,1765,863,902
E01027784,1679,805,874
E01027792,1802,828,974
E01027793,1418,642,776
E01027794,2029,954,1075
E01027795,1581,754,827
E01027801,1633,770,863
E01027802,1623,796,827
E01027775,2153,1211,942
E01027780,1811,913,898
E01027781,1255,600,655
E01027800,1685,808,877
E01027779,1165,578,587
E01027796,1743,884,859
E01027798,1980,984,996
E01027803,1801,909,892
E01027774,2032,1013,1019
E01027778,2285,1147,1138
E01027782,1656,793,863
E01027797,1696,832,864
E01027799,1729,830,899
E01027785,1531,778,753
E01027786,1566,761,805
E01027787,1791,873,918
E01027788,1405,696,709
E01027789,2491,1182,1309
E01027790,1936,944,992
E01027791,1555,771,784
E01027837,1406,641,765
E01027839,1685,788,897
E01027869,1100,585,515
E01027870,1332,652,680
E01027871,1521,688,833
E01027813,2072,1023,1049
E01027822,1401,702,699
E01027840,2098,1042,1056
E01027841,1320,651,669
E01027838,1561,749,812
E01027864,1457,737,720
E01027865,1616,829,787
E01027866,1535,750,785
E01027821,1412,677,735
E01027823,1442,665,777
E01027831,1070,522,548
E01027832,1066,526,540
E01027836,2210,1057,1153
E01027857,1325,645,680
E01027842,1625,767,858
E01027843,1430,665,765
E01027844,1556,756,800
E01027845,1741,821,920
E01027855,1482,711,771
E01027856,1157,529,628
E01027805,1498,728,770
E01027806,1740,910,830
E01027846,1884,941,943
E01027847,1883,1010,873
E01027848,1052,511,541
E01027849,1199,586,613
E01027850,1302,644,658
E01027872,1466,699,767
E01027874,1658,787,871
E01027810,1691,805,886
E01027811,1708,782,926
E01027812,1783,854,929
E01027851,1537,740,797
E01027862,1638,790,848
E01027824,1431,655,776
E01027825,1898,917,981
E01027826,1526,761,765
E01027861,1318,631,687
E01027863,1425,661,764
E01027873,1486,692,794
E01027804,1505,780,725
E01027852,1674,883,791
E01027853,1263,617,646
E01027854,1488,754,734
E01027868,2270,1023,1247
E01027807,1464,703,761
E01027808,1440,708,732
E01027809,1248,589,659
E01027818,1371,640,731
E01027867,1561,729,832
E01027817,1407,684,723
E01027819,1432,702,730
E01027820,1400,657,743
E01027858,1377,663,714
E01027860,1550,760,790
E01027814,1588,755,833
E01027815,1327,623,704
E01027816,1571,740,831
E01027859,1720,837,883
E01027827,1617,750,867
E01027828,1636,750,886
E01027829,1471,700,771
E01027830,1806,860,946
E01027833,1581,780,801
E01027834,1542,735,807
E01027835,1741,866,875
E01027918,1485,740,745
E01027919,1149,580,569
E01027920,1187,580,607
E01027921,1741,827,914
E01027922,1699,837,862
E01027875,1865,938,927
E01027886,1334,669,665
E01027887,1548,757,791
E01027888,1754,839,915
E01027904,2341,1150,1191
E01027876,1635,796,839
E01027877,1249,616,633
E01027900,1913,924,989
E01027901,1559,751,808
E01027902,1559,759,800
E01027903,1194,505,689
E01027898,2368,1143,1225
E01027914,1680,826,854
E01027915,1614,799,815
E01027916,1532,739,793
E01027917,1831,931,900
E01027878,1279,628,651
E01027905,1871,941,930
E01027907,1377,689,688
E01027908,1578,766,812
E01027909,2022,1014,1008
E01027910,2759,1333,1426
E01027881,1294,618,676
E01027906,1424,673,751
E01027911,1479,682,797
E01027912,1030,500,530
E01027913,1191,581,610
E01027879,1345,666,679
E01027880,1583,767,816
E01027882,1830,941,889
E01027894,1889,947,942
E01027895,1567,774,793
E01027883,1125,541,584
E01027884,1628,822,806
E01027885,1564,752,812
E01027896,1998,994,1004
E01027897,2100,1050,1050
E01027891,1672,819,853
E01027892,1866,914,952
E01027893,1859,902,957
E01027899,1728,862,866
E01027889,1794,906,888
E01027890,1969,961,1008
E01027923,2266,1134,1132
E01027924,2125,1064,1061
E01007434,1933,963,970
E01007435,1579,771,808
E01007438,1557,722,835
E01007439,1210,607,603
E01007433,1615,775,840
E01007436,1267,620,647
E01007437,1476,755,721
E01007440,1520,753,767
E01007329,1594,788,806
E01007331,1853,926,927
E01007342,1398,686,712
E01007343,1346,656,690
E01007356,1381,669,712
E01007357,1397,667,730
E01007361,1656,799,857
E01007362,1633,816,817
E01007363,1575,755,820
E01007355,1537,773,764
E01007358,1497,717,780
E01007359,1509,739,770
E01007360,1546,733,813
E01007386,1714,830,884
E01007328,1922,940,982
E01007330,1708,826,882
E01007332,2306,1132,1174
E01007333,1331,659,672
E01007323,1483,748,735
E01007324,1667,819,848
E01007325,1714,829,885
E01007326,1526,736,790
E01007327,1676,809,867
E01007411,1191,605,586
E01007341,1264,627,637
E01007345,1620,800,820
E01007346,1620,788,832
E01007347,1594,791,803
E01007334,1356,683,673
E01007335,1506,739,767
E01007400,2017,1018,999
E01007404,1287,642,645
E01007406,1720,840,880
E01007408,1516,719,797
E01007409,1458,734,724
E01007410,1631,792,839
E01032550,2841,1408,1433
E01032551,2567,1285,1282
E01007344,2135,1069,1066
E01007402,1660,782,878
E01007403,1536,754,782
E01007405,1418,653,765
E01007379,1591,764,827
E01007380,1810,910,900
E01007381,1547,759,788
E01007387,1452,716,736
E01007442,1377,670,707
E01007444,1550,759,791
E01007446,1335,650,685
E01007336,1557,801,756
E01007340,1636,826,810
E01007415,1495,732,763
E01007417,1591,789,802
E01007441,1537,773,764
E01007443,2000,1086,914
E01007445,1451,715,736
E01007372,1287,608,679
E01007373,1594,809,785
E01007374,1470,704,766
E01007375,1659,792,867
E01007377,1105,561,544
E01007378,1572,771,801
E01007319,1465,718,747
E01007321,1433,690,743
E01007322,2082,1039,1043
E01007337,1775,928,847
E01007418,1279,618,661
E01007419,1721,828,893
E01007420,1432,703,729
E01007425,1470,737,733
E01007338,1533,756,777
E01007339,1490,763,727
E01007413,1349,650,699
E01007414,1638,788,850
E01007317,1493,747,746
E01007318,1544,781,763
E01007320,1596,798,798
E01007416,1194,577,617
E01007382,1483,714,769
E01007383,1370,698,672
E01007384,1614,798,816
E01007385,1433,688,745
E01007348,1444,696,748
E01007349,1533,728,805
E01007350,1185,600,585
E01007351,1426,699,727
E01007352,1412,683,729
E01007353,1605,771,834
E01007354,1681,817,864
E01007458,1455,727,728
E01007459,1509,726,783
E01007460,1437,720,717
E01007461,1647,844,803
E01007462,1602,741,861
E01007463,1766,843,923
E01007369,1490,762,728
E01007370,1389,683,706
E01007371,1954,957,997
E01007376,1407,691,716
E01007447,1544,750,794
E01007448,1594,828,766
E01007449,1770,887,883
E01007450,1516,763,753
E01007427,1554,787,767
E01007428,1445,715,730
E01007429,1422,674,748
E01007430,2277,1130,1147
E01007431,1363,677,686
E01007432,1431,709,722
E01007364,1390,662,728
E01007365,1212,564,648
E01007366,2005,991,1014
E01007367,1178,590,588
E01007368,1675,814,861
E01007451,1712,845,867
E01007452,1555,777,778
E01007453,1558,721,837
E01007455,1358,666,692
E01032924,1562,761,801
E01032925,1390,656,734
E01007421,1330,669,661
E01007422,1571,808,763
E01007423,1655,809,846
E01007426,1558,785,773
E01007396,1580,754,826
E01007397,1456,681,775
E01007398,1632,784,848
E01007399,2057,993,1064
E01007424,1671,817,854
E01007388,1615,815,800
E01007393,1837,882,955
E01007394,1384,687,697
E01007456,1756,854,902
E01007457,1648,793,855
E01007389,1396,701,695
E01007390,1527,744,783
E01007391,1468,723,745
E01007392,1538,763,775
E01007395,2016,956,1060
E01007632,1617,782,835
E01007633,1355,660,695
E01007634,1636,803,833
E01007635,1410,681,729
E01007487,1615,771,844
E01007488,1738,897,841
E01007489,1721,847,874
E01007490,1565,782,783
E01007491,1754,854,900
E01007492,1496,726,770
E01007493,1784,879,905
E01007636,1521,718,803
E01007637,1542,722,820
E01007638,1587,760,827
E01007639,1894,951,943
E01007640,1616,815,801
E01007641,1512,726,786
E01007642,1605,780,825
E01007625,1537,783,754
E01007626,1226,626,600
E01007627,1671,786,885
E01007628,1439,688,751
E01007629,1606,779,827
E01007468,1296,612,684
E01007469,1355,675,680
E01007470,1428,708,720
E01007472,1624,799,825
E01007473,1457,721,736
E01007474,1325,611,714
E01007554,1594,787,807
E01007555,1464,667,797
E01007556,1364,661,703
E01007561,1472,716,756
E01007562,1362,682,680
E01007563,1455,695,760
E01007621,1410,691,719
E01007622,1515,733,782
E01007623,1224,607,617
E01007624,1864,929,935
E01007630,1358,668,690
E01007631,1221,594,627
E01007553,1693,845,848
E01007557,2784,2284,500
E01007558,1453,715,738
E01007559,1162,686,476
E01007560,1523,728,795
E01007464,1497,728,769
E01007465,1483,721,762
E01007466,1755,855,900
E01007467,1553,767,786
E01007471,1542,762,780
E01007504,1532,765,767
E01007507,1375,693,682
E01007506,1441,708,733
E01007508,1664,808,856
E01007509,1760,847,913
E01007510,1568,720,848
E01007511,1576,751,825
E01007475,1549,768,781
E01007476,1457,685,772
E01007477,1431,690,741
E01007478,1532,780,752
E01007512,1671,827,844
E01007513,1435,657,778
E01007515,1570,773,797
E01007518,1489,715,774
E01007519,1298,622,676
E01007505,1673,844,829
E01007514,1465,734,731
E01007516,1336,652,684
E01007517,1553,756,797
E01007479,1593,785,808
E01007480,1509,723,786
E01007482,1374,632,742
E01033259,1599,784,815
E01033260,1611,807,804
E01007570,1482,691,791
E01007650,1649,808,841
E01007651,1830,868,962
E01007652,1889,909,980
E01007653,1579,823,756
E01007656,1589,742,847
E01007581,1559,784,775
E01007582,1457,709,748
E01007588,1692,814,878
E01007589,1712,832,880
E01007483,1381,663,718
E01007484,1445,704,741
E01007485,1435,697,738
E01007486,1317,640,677
E01007564,1536,716,820
E01007565,1527,740,787
E01007566,1626,800,826
E01007567,1342,656,686
E01007568,1662,777,885
E01007569,1601,752,849
E01007644,1549,771,778
E01007646,1463,779,684
E01007647,1503,712,791
E01007648,1884,1047,837
E01007649,1549,784,765
E01007654,1539,783,756
E01007583,1455,701,754
E01007586,1522,743,779
E01007587,1542,718,824
E01007620,1606,786,820
E01007584,1548,738,810
E01007585,1606,738,868
E01007617,1511,716,795
E01007618,1267,613,654
E01007619,1810,894,916
E01007529,2047,1329,718
E01007530,1206,616,590
E01007531,1625,820,805
E01007643,1665,799,866
E01007645,2072,1100,972
E01007655,1893,1017,876
E01007494,1529,764,765
E01007532,1774,1030,744
E01007533,1419,735,684
E01007535,1596,784,812
E01007522,1550,758,792
E01007525,1532,706,826
E01007528,1392,659,733
E01007604,1431,693,738
E01007521,1491,698,793
E01007523,1486,717,769
E01007524,1581,790,791
E01007526,1633,773,860
E01007607,1444,693,751
E01007599,1763,861,902
E01007600,1434,694,740
E01007601,1367,653,714
E01007602,1500,735,765
E01007603,1484,728,756
E01007520,1418,675,743
E01007527,2325,1156,1169
E01007605,1543,762,781
E01007606,1536,792,744
E01007495,1857,888,969
E01007500,1308,638,670
E01007502,2750,1387,1363
E01007534,2022,1061,961
E01007496,1622,797,825
E01007497,1376,661,715
E01007498,1580,803,777
E01007499,1501,694,807
E01007501,1456,707,749
E01007503,1620,819,801
E01007575,1408,632,776
E01007578,1616,807,809
E01007579,1504,775,729
E01007580,1378,707,671
E01007571,1610,797,813
E01007572,1416,705,711
E01007573,1546,763,783
E01007574,1577,738,839
E01007576,1518,733,785
E01007577,1540,767,773
E01007536,1971,982,989
E01007542,1778,864,914
E01007543,1500,710,790
E01007544,1752,836,916
E01007546,1428,709,719
E01007551,1671,840,831
E01007552,1408,674,734
E01007613,1579,781,798
E01007545,1484,736,748
E01007547,1529,753,776
E01007548,1103,506,597
E01007549,1455,711,744
E01007550,1665,793,872
E01007537,1733,842,891
E01007538,1530,722,808
E01007539,1443,682,761
E01007540,1633,796,837
E01007541,1520,773,747
E01007591,1452,713,739
E01007594,2036,1011,1025
E01007596,1246,598,648
E01007598,1534,772,762
E01007590,1215,605,610
E01007592,1652,786,866
E01007593,1306,618,688
E01007595,1528,726,802
E01007597,1568,714,854
E01007608,1707,832,875
E01007609,2310,1129,1181
E01007610,1799,873,926
E01007611,1293,624,669
E01007612,1378,662,716
E01007614,1353,655,698
E01007615,1258,576,682
E01007616,1239,573,666
E01007693,2148,1075,1073
E01007694,1758,884,874
E01007695,2461,1204,1257
E01007697,1577,760,817
E01007698,1517,761,756
E01007816,1672,828,844
E01007817,1421,676,745
E01007819,1481,758,723
E01007820,1483,734,749
E01007821,1608,746,862
E01007822,1540,696,844
E01007796,1156,523,633
E01007797,1362,688,674
E01007798,1261,630,631
E01007799,1414,685,729
E01007800,1474,729,745
E01007818,1594,776,818
E01007777,1616,789,827
E01007793,1366,688,678
E01007794,1433,685,748
E01007795,1439,722,717
E01007778,1526,763,763
E01007779,1257,638,619
E01007780,1414,698,716
E01007781,1524,743,781
E01007782,1495,705,790
E01007771,1421,701,720
E01007772,1329,651,678
E01007773,1412,653,759
E01007774,1503,737,766
E01007696,1478,693,785
E01007801,1491,718,773
E01007802,1330,651,679
E01007803,1337,664,673
E01007808,1469,746,723
E01007775,1341,637,704
E01007776,1487,733,754
E01007783,1674,802,872
E01007784,1761,872,889
E01007728,1116,561,555
E01007729,1620,841,779
E01007730,1417,711,706
E01007731,1238,600,638
E01007732,1415,734,681
E01007733,1323,668,655
E01007719,1247,618,629
E01007720,1504,728,776
E01007721,1575,744,831
E01007727,1498,722,776
E01007740,1533,726,807
E01007804,1436,693,743
E01007805,1430,683,747
E01007806,1304,637,667
E01007807,1448,720,728
E01007681,1331,647,684
E01007691,2045,1011,1034
E01007692,1519,734,785
E01032926,1773,886,887
E01032927,1505,741,764
E01007723,1379,690,689
E01007735,1427,699,728
E01007737,1583,782,801
E01007738,1516,737,779
E01007739,1587,780,807
E01007736,1618,800,818
E01007765,1518,753,765
E01007766,1468,729,739
E01007768,1936,1003,933
E01007770,1759,864,895
E01007741,1527,750,777
E01007742,1421,676,745
E01007743,1302,656,646
E01007744,1556,794,762
E01007745,1551,735,816
E01007746,1542,756,786
E01007715,1797,923,874
E01007716,1911,983,928
E01007717,1898,904,994
E01007718,1489,785,704
E01007677,1467,708,759
E01007714,2022,1081,941
E01007767,1663,836,827
E01007769,1728,899,829
E01007685,1437,715,722
E01007754,1409,704,705
E01007755,1386,691,695
E01007756,1446,710,736
E01007761,1616,782,834
E01007762,1471,700,771
E01007682,1440,717,723
E01007683,1433,714,719
E01007686,1417,668,749
E01007688,1429,653,776
E01007725,1332,648,684
E01007726,1600,765,835
E01007757,1669,806,863
E01007758,1336,645,691
E01007759,1473,716,757
E01007760,1784,907,877
E01007763,1561,761,800
E01007764,1705,850,855
E01007708,1672,773,899
E01007709,1456,701,755
E01007710,1564,762,802
E01007711,1799,856,943
E01007724,1372,665,707
E01007734,1766,795,971
E01007684,1627,803,824
E01007687,1452,701,751
E01007689,1537,735,802
E01007690,1644,791,853
E01007675,1854,895,959
E01007678,1597,789,808
E01007679,1854,920,934
E01007680,1882,945,937
E01007712,1965,973,992
E01007713,1625,786,839
E01007811,1358,666,692
E01007812,1241,616,625
E01007813,1331,676,655
E01007814,1112,542,570
E01007676,1629,772,857
E01007702,1595,780,815
E01007703,1237,587,650
E01007704,1450,712,738
E01007705,1522,758,764
E01007707,1527,762,765
E01007666,1357,672,685
E01007809,1553,781,772
E01007810,1958,984,974
E01007815,1715,816,899
E01007665,1820,906,914
E01007699,1826,890,936
E01007700,1813,863,950
E01007701,1658,809,849
E01007706,1458,742,716
E01007787,2769,1389,1380
E01007788,1501,764,737
E01007789,1617,787,830
E01007792,1347,688,659
E01007657,1447,709,738
E01007659,1148,576,572
E01007785,1351,650,701
E01007786,1208,559,649
E01007790,1485,734,751
E01007791,1371,681,690
E01007667,1359,672,687
E01007668,1571,764,807
E01007669,1504,746,758
E01007670,1449,713,736
E01007672,1433,702,731
E01007673,1496,718,778
E01007671,2117,1042,1075
E01007674,1939,948,991
E01007747,1295,636,659
E01007750,1521,746,775
E01007658,1391,670,721
E01007660,1227,628,599
E01007661,1401,706,695
E01007662,1035,490,545
E01007663,1460,700,760
E01007664,1854,893,961
E01007748,1444,688,756
E01007749,1804,885,919
E01007751,1962,964,998
E01007752,1487,714,773
E01007753,1545,739,806
E01008144,1666,825,841
E01008145,1472,735,737
E01008148,1509,739,770
E01008149,1496,733,763
E01008150,1454,686,768
E01008142,1478,738,740
E01008143,1620,794,826
E01008146,1334,656,678
E01008147,1426,688,738
E01007888,1379,686,693
E01007892,1466,689,777
E01007893,1491,728,763
E01007898,1470,689,781
E01007899,1463,704,759
E01007900,1694,826,868
E01007901,1481,710,771
E01007887,1362,661,701
E01007889,2677,1339,1338
E01007890,1442,712,730
E01007891,1551,775,776
E01007894,1458,701,757
E01007895,1456,695,761
E01007896,1280,628,652
E01007897,1386,699,687
E01008134,1331,641,690
E01008135,1770,864,906
E01008137,1441,676,765
E01008141,1591,758,833
E01008053,1245,611,634
E01008056,1497,732,765
E01008058,1465,715,750
E01008138,1302,618,684
E01008139,1582,782,800
E01007856,1317,650,667
E01008054,1324,623,701
E01008055,1485,689,796
E01008057,1489,700,789
E01008126,1552,758,794
E01008128,1714,846,868
E01008136,1355,682,673
E01008140,1806,877,929
E01033275,1611,804,807
E01033280,1637,843,794
E01008085,1368,660,708
E01008086,1349,643,706
E01008116,1327,652,675
E01008117,1221,633,588
E01008118,1397,687,710
E01008119,1279,606,673
E01008125,1481,707,774
E01007849,2113,1024,1089
E01007857,1557,737,820
E01008059,1512,700,812
E01008060,1386,655,731
E01008061,1596,744,852
E01008063,1541,760,781
E01033277,2334,1163,1171
E01008087,1555,766,789
E01008088,1429,703,726
E01008090,1624,773,851
E01008092,1427,696,731
E01008122,1350,648,702
E01008124,1499,709,790
E01007848,1717,811,906
E01007851,1483,710,773
E01007947,1626,794,832
E01007948,1757,786,971
E01008062,1693,796,897
E01007847,1297,650,647
E01007850,1562,743,819
E01007852,1482,763,719
E01007853,1568,775,793
E01007854,1735,785,950
E01007855,2035,1023,1012
E01007941,1623,798,825
E01007945,1780,857,923
E01007946,1585,763,822
E01007950,1529,720,809
E01008123,1313,635,678
E01007987,1468,721,747
E01007988,1520,722,798
E01007989,1419,666,753
E01007991,1503,674,829
E01007995,1472,719,753
E01008089,1679,807,872
E01008091,1464,746,718
E01008093,1455,720,735
E01007903,1588,813,775
E01007904,1701,844,857
E01007913,1481,755,726
E01007914,1559,785,774
E01007870,1843,983,860
E01007871,1783,926,857
E01007943,1748,828,920
E01008094,1115,565,550
E01007869,1714,839,875
E01007872,1753,866,887
E01007873,1760,914,846
E01007942,1862,983,879
E01007949,1592,792,800
E01007990,1485,722,763
E01007992,1624,798,826
E01007993,1682,835,847
E01007994,1435,700,735
E01007996,1552,756,796
E01007874,1862,880,982
E01007875,1838,994,844
E01007877,1446,695,751
E01007940,1693,826,867
E01007944,2058,1113,945
E01033269,1919,988,931
E01033270,1484,862,622
E01008129,1409,694,715
E01008130,1494,716,778
E01008131,1576,757,819
E01008132,1416,691,725
E01008133,1530,724,806
E01008151,1539,818,721
E01008153,1653,837,816
E01008154,1628,778,850
E01008155,1546,792,754
E01008156,1449,720,729
E01008160,1399,660,739
E01007997,1479,716,763
E01007998,1592,807,785
E01008152,1426,722,704
E01008158,1535,730,805
E01008065,1922,1056,866
E01008068,2860,1458,1402
E01008072,1590,816,774
E01008157,1557,742,815
E01008161,1668,833,835
E01007883,1322,629,693
E01007902,1752,930,822
E01007905,1770,851,919
E01007906,2081,1054,1027
E01008064,1687,850,837
E01008066,1598,799,799
E01008069,1617,815,802
E01008074,1460,760,700
E01007951,1585,769,816
E01007960,1580,762,818
E01007962,1465,690,775
E01008159,1527,735,792
E01007866,1727,886,841
E01007867,2010,955,1055
E01007868,1179,548,631
E01008067,1684,886,798
E01008073,1702,922,780
E01007907,1656,854,802
E01007908,1492,747,745
E01007909,2047,1019,1028
E01007911,1397,683,714
E01008014,1579,752,827
E01008016,1492,764,728
E01007952,1569,758,811
E01007953,1565,746,819
E01007954,1650,799,851
E01007961,1508,749,759
E01007859,1638,870,768
E01007860,1553,783,770
E01007863,1865,889,976
E01007864,1882,932,950
E01008104,1587,827,760
E01007910,1638,767,871
E01007912,1516,739,777
E01007971,1434,688,746
E01007973,1523,763,760
E01007858,1443,713,730
E01007861,1525,738,787
E01007862,4183,1985,2198
E01007865,1682,832,850
E01008011,1633,786,847
E01008012,2144,1044,1100
E01008013,1168,574,594
E01008015,1608,836,772
E01008017,1588,792,796
E01008018,1287,599,688
E01008105,3329,1689,1640
E01008107,1527,805,722
E01008111,1688,826,862
E01033271,1403,817,586
E01033272,1159,639,520
E01007955,1371,659,712
E01007956,2197,1070,1127
E01007957,1629,804,825
E01007958,1465,689,776
E01007959,1491,706,785
E01008108,1981,1077,904
E01008109,2035,1064,971
E01008112,1750,953,797
E01008113,1732,922,810
E01033273,2422,1246,1176
E01033274,2410,1130,1280
E01008095,1589,857,732
E01008096,2176,1023,1153
E01008097,1621,784,837
E01008101,1763,859,904
E01007965,1906,865,1041
E01007969,1557,781,776
E01007972,1473,707,766
E01007974,1468,722,746
E01007963,1443,713,730
E01007967,1668,821,847
E01007999,1349,678,671
E01008008,1648,759,889
E01008009,1547,713,834
E01008043,1730,847,883
E01008044,1615,770,845
E01008047,1509,782,727
E01008048,1534,793,741
E01008050,1411,727,684
E01007931,1604,762,842
E01007934,1468,709,759
E01007935,1419,683,736
E01007936,1590,752,838
E01007937,1395,682,713
E01007938,1509,713,796
E01008098,1590,740,850
E01008100,1265,587,678
E01008102,1115,517,598
E01008103,1410,676,734
E01007964,1529,752,777
E01007966,1551,753,798
E01007968,1467,703,764
E01007970,1577,830,747
E01008042,1634,852,782
E01008045,1393,696,697
E01008046,1659,832,827
E01008049,1589,775,814
E01008051,1762,924,838
E01008052,1794,958,836
E01007975,1636,828,808
E01007976,1485,708,777
E01007977,1496,750,746
E01007979,1634,721,913
E01008099,1598,823,775
E01008000,1503,729,774
E01008001,1535,741,794
E01008004,1606,752,854
E01008005,1546,757,789
E01008010,1454,688,766
E01007978,1664,844,820
E01007980,1544,738,806
E01007981,1448,744,704
E01007983,1483,731,752
E01007985,1555,764,791
E01007982,1821,923,898
E01008002,1565,773,792
E01008003,1410,681,729
E01008006,1362,658,704
E01007927,1672,817,855
E01007928,1751,850,901
E01007929,1628,816,812
E01007930,1476,697,779
E01007932,1415,687,728
E01007939,1534,733,801
E01008028,1547,749,798
E01008029,1496,739,757
E01008032,1407,672,735
E01008034,1745,837,908
E01007828,1710,780,930
E01007829,1562,784,778
E01007831,1523,716,807
E01007832,1543,744,799
E01007986,1369,685,684
E01008007,1698,849,849
E01008075,1441,685,756
E01008076,1352,648,704
E01008077,1461,684,777
E01008031,1436,701,735
E01008033,1290,630,660
E01008038,1535,734,801
E01008040,1704,845,859
E01007835,1442,691,751
E01007836,1631,797,834
E01007843,1600,780,820
E01007846,1494,712,782
E01008030,1456,714,742
E01008035,1195,617,578
E01008036,1427,723,704
E01008041,1519,742,777
E01007827,1504,754,750
E01007830,1547,739,808
E01007833,1648,789,859
E01007984,1435,711,724
E01008078,1335,649,686
E01008079,1235,609,626
E01008019,1866,900,966
E01008020,1434,727,707
E01008022,1513,770,743
E01008027,1532,750,782
E01008037,1392,629,763
E01008039,1312,625,687
E01007824,1393,684,709
E01007825,1457,682,775
E01007826,1526,749,777
E01007834,1654,771,883
E01007920,1638,784,854
E01007921,1571,726,845
E01007923,1802,859,943
E01007925,1630,789,841
E01007926,1714,819,895
E01007933,1663,809,854
E01007823,1658,791,867
E01007916,1529,733,796
E01007919,1603,757,846
E01008080,1483,735,748
E01008081,1481,784,697
E01008082,1488,711,777
E01008083,1514,699,815
E01008084,1644,791,853
E01007915,1415,663,752
E01007917,1460,699,761
E01007918,1635,778,857
E01007922,1406,690,716
E01007924,1543,768,775
E01008021,1472,732,740
E01008023,2110,1087,1023
E01008024,1786,869,917
E01008025,2021,989,1032
E01032585,1409,691,718
E01033261,1767,901,866
E01033262,1749,1064,685
E01033263,1330,692,638
E01033264,1487,698,789
E01033276,2923,1570,1353
E01008114,2615,1295,1320
E01008115,1817,1029,788
E01033265,1304,756,548
E01033266,1611,879,732
E01033267,1387,656,731
E01007878,1716,1022,694
E01007879,1646,854,792
E01007881,1609,823,786
E01007882,1637,936,701
E01007885,1557,774,783
E01007886,1623,739,884
E01033268,2373,1333,1040
E01007838,1507,731,776
E01007839,1635,803,832
E01007841,1665,793,872
E01007842,1575,741,834
E01033278,2431,1145,1286
E01033279,2378,1179,1199
E01010646,1319,639,680
E01010647,1091,518,573
E01010648,1320,637,683
E01010692,1864,912,952
E01010691,1528,707,821
E01010693,1549,719,830
E01010694,1576,741,835
E01010695,1664,758,906
E01010696,1548,744,804
E01010697,1515,706,809
E01010698,1808,888,920
E01010699,1757,804,953
E01010767,1450,688,762
E01010768,1659,815,844
E01010769,1579,723,856
E01010771,1260,641,619
E01010638,1523,731,792
E01010639,1762,885,877
E01010640,1691,812,879
E01010641,1528,708,820
E01010642,1764,858,906
E01010643,1423,687,736
E01010644,1614,766,848
E01010645,1338,629,709
E01010770,1629,817,812
E01010772,1270,617,653
E01010773,1400,697,703
E01010774,1589,732,857
E01010706,1671,818,853
E01010707,1736,849,887
E01010708,1656,812,844
E01010709,2663,1301,1362
E01010719,1721,862,859
E01010727,1718,859,859
E01010728,1800,888,912
E01010729,1603,765,838
E01010700,1533,771,762
E01010701,1474,732,742
E01010702,2145,1067,1078
E01010703,1642,770,872
E01010704,1461,759,702
E01010705,1699,824,875
E01010710,2047,1124,923
E01010712,1771,885,886
E01010720,1571,746,825
E01010721,1450,709,741
E01010723,1614,837,777
E01010724,1452,687,765
E01010725,1555,731,824
E01010579,1574,748,826
E01010580,2499,1199,1300
E01010764,1637,820,817
E01010765,2227,1082,1145
E01010766,1302,640,662
E01010711,1401,743,658
E01010713,1350,651,699
E01010714,1393,664,729
E01010716,1865,916,949
E01010715,1144,526,618
E01010717,1606,746,860
E01010718,1583,775,808
E01010726,1517,724,793
E01010859,1650,806,844
E01010573,1782,894,888
E01010574,1400,647,753
E01010575,1619,810,809
E01010577,1592,765,827
E01010722,1584,765,819
E01010860,1549,763,786
E01010862,1726,832,894
E01010863,1505,750,755
E01010578,1531,780,751
E01010581,1686,835,851
E01010582,1629,843,786
E01010584,1747,901,846
E01010585,1924,901,1023
E01010568,1782,896,886
E01010569,1712,802,910
E01010571,1649,815,834
E01010572,1450,671,779
E01010576,1546,728,818
E01010683,1613,816,797
E01010684,1523,703,820
E01010685,1654,812,842
E01010686,1617,810,807
E01010570,1412,698,714
E01010583,1620,815,805
E01010784,1592,759,833
E01010785,1568,740,828
E01010786,1545,747,798
E01010790,1479,711,768
E01010680,1778,882,896
E01010681,1385,704,681
E01010682,1508,676,832
E01010687,1853,913,940
E01010688,1880,973,907
E01010689,1696,819,877
E01010690,1922,942,980
E01010782,1747,861,886
E01010787,1591,772,819
E01010788,1484,739,745
E01033689,1196,679,517
E01033694,1011,526,485
E01010776,1681,835,846
E01010777,1482,733,749
E01010779,1420,674,746
E01010781,1501,740,761
E01010783,1571,751,820
E01010586,1600,790,810
E01010587,1859,899,960
E01010588,1665,801,864
E01010589,1516,719,797
E01010591,1524,731,793
E01010593,1768,803,965
E01010596,1462,721,741
E01010854,1756,870,886
E01010855,1755,874,881
E01010856,1601,787,814
E01010857,1580,789,791
E01010858,1584,742,842
E01010861,1837,907,930
E01010603,1646,822,824
E01010604,1809,882,927
E01010605,1541,752,789
E01010775,1849,928,921
E01010778,1876,917,959
E01010789,1799,889,910
E01010791,1747,850,897
E01010792,1876,944,932
E01010793,1953,1036,917
E01010652,1554,730,824
E01010653,1572,739,833
E01010655,1446,695,751
E01010656,1507,741,766
E01010657,1542,738,804
E01010649,1395,694,701
E01010650,1647,763,884
E01010654,1398,662,736
E01010826,1468,716,752
E01010597,1518,758,760
E01010598,1751,846,905
E01010599,1376,675,701
E01010600,1433,686,747
E01010602,1549,733,816
E01010670,1699,888,811
E01010671,1694,844,850
E01010673,1816,903,913
E01010675,1990,946,1044
E01010669,1934,929,1005
E01010674,1627,798,829
E01010677,2129,1014,1115
E01010805,1604,804,800
E01010590,1796,844,952
E01010592,1460,685,775
E01010594,1690,823,867
E01010595,1799,894,905
E01010601,1728,857,871
E01010651,1521,749,772
E01010825,1346,667,679
E01010827,1322,618,704
E01010804,2330,1185,1145
E01010806,1581,762,819
E01010807,2094,1068,1026
E01010808,2275,1148,1127
E01010809,2235,1096,1139
E01010676,2439,1165,1274
E01010679,1746,954,792
E01010824,1689,947,742
E01010840,1664,808,856
E01010841,1827,968,859
E01010828,1624,783,841
E01010829,1650,826,824
E01010830,1836,913,923
E01010831,1995,1028,967
E01010832,1750,825,925
E01010672,1301,644,657
E01010678,1345,671,674
E01010799,1518,729,789
E01010800,1759,819,940
E01010801,1831,898,933
E01010802,1600,776,824
E01010803,1809,968,841
E01010810,2055,1025,1030
E01010811,2202,1061,1141
E01010813,1811,908,903
E01010618,1704,877,827
E01010619,2240,1094,1146
E01010625,1731,854,877
E01010626,2009,980,1029
E01010627,1604,786,818
E01010606,1998,1054,944
E01010607,2072,1043,1029
E01010617,1403,695,708
E01010842,1945,1004,941
E01033690,1138,704,434
E01033691,1524,847,677
E01033692,1079,636,443
E01033693,2417,1266,1151
E01010628,1727,830,897
E01010629,1928,920,1008
E01010630,1574,751,823
E01010631,1544,713,831
E01010632,1338,654,684
E01010658,1989,1006,983
E01010812,2044,1039,1005
E01010833,1663,850,813
E01010843,2125,1101,1024
E01010620,1826,913,913
E01010621,2371,1190,1181
E01010622,2436,1235,1201
E01010623,1682,880,802
E01010624,2274,1156,1118
E01010794,1835,887,948
E01010795,1796,892,904
E01010796,1619,790,829
E01010797,1406,699,707
E01010798,1584,772,812
E01010834,3721,2088,1633
E01010835,3196,1674,1522
E01010836,2249,1219,1030
E01010837,2188,1120,1068
E01010838,1920,1009,911
E01010839,1664,864,800
E01010608,1884,939,945
E01010613,1477,684,793
E01010730,1568,880,688
E01010734,1574,801,773
E01010609,1542,723,819
E01010610,1573,735,838
E01010611,2210,1135,1075
E01010614,1470,782,688
E01010633,1563,742,821
E01010634,1488,723,765
E01010635,1453,695,758
E01010636,1757,811,946
E01010637,1883,631,1252
E01010731,1768,1029,739
E01010732,2066,1113,953
E01010733,1885,982,903
E01010736,2049,1051,998
E01010737,1734,872,862
E01010659,1876,893,983
E01010662,1376,663,713
E01010664,1523,742,781
E01010761,1637,778,859
E01033695,1975,980,995
E01033696,1533,742,791
E01033697,2837,1441,1396
E01010663,1641,816,825
E01010665,1661,800,861
E01010666,1551,706,845
E01010667,1605,807,798
E01010735,1776,876,900
E01010738,2032,1059,973
E01010739,1789,893,896
E01010740,1816,918,898
E01010744,1825,917,908
E01010612,1377,669,708
E01010819,1573,712,861
E01010820,1525,723,802
E01010821,2046,997,1049
E01010822,1412,674,738
E01010615,1419,697,722
E01010616,1859,892,967
E01010742,1988,993,995
E01010743,1817,935,882
E01010847,1579,768,811
E01010848,1504,706,798
E01010852,1594,756,838
E01010853,1325,648,677
E01010668,1356,670,686
E01010755,1673,777,896
E01010762,1594,766,828
E01010763,1531,721,810
E01010846,2150,1036,1114
E01010745,1657,803,854
E01010747,1614,793,821
E01010748,1507,692,815
E01010749,1344,647,697
E01010814,1652,816,836
E01010815,2397,1160,1237
E01010816,1873,936,937
E01010817,2186,1021,1165
E01010818,1856,918,938
E01010752,1733,859,874
E01010753,1437,691,746
E01010754,1607,784,823
E01010756,1478,710,768
E01010758,1290,630,660
E01010759,1565,773,792
E01010760,1576,771,805
E01010741,1487,747,740
E01010845,2031,936,1095
E01010849,1429,707,722
E01010850,1381,633,748
E01010851,1585,773,812
E01010864,1320,648,672
E01010867,1468,724,744
E01010874,1240,564,676
E01010746,1628,780,848
E01010750,1617,768,849
E01010751,1509,733,776
E01010865,1618,791,827
E01010866,1379,667,712
E01010868,1602,801,801
E01010869,1694,804,890
E01010870,1503,750,753
E01010871,1686,820,866
E01010872,1627,791,836
E01010873,1224,590,634
E01010911,1713,838,875
E01010912,1586,748,838
E01010913,1283,633,650
E01010915,1429,703,726
E01010914,1841,877,964
E01010924,1186,623,563
E01010925,1404,673,731
E01010926,1196,557,639
E01010931,1406,675,731
E01010932,1547,765,782
E01010933,1578,747,831
E01010935,1560,750,810
E01010936,2000,958,1042
E01010937,1560,774,786
E01010881,1652,778,874
E01010882,1448,682,766
E01010883,1533,763,770
E01010887,1609,799,810
E01010888,1531,725,806
E01010923,1601,773,828
E01010916,1427,674,753
E01010939,1766,874,892
E01010941,1346,630,716
E01010942,1605,810,795
E01010944,1379,681,698
E01010938,1427,670,757
E01010940,1437,708,729
E01010943,1495,725,770
E01010961,1163,579,584
E01010917,1814,872,942
E01010918,1695,810,885
E01010919,1591,745,846
E01010920,1670,855,815
E01010921,1640,805,835
E01010934,1967,962,1005
E01010967,1504,768,736
E01010994,1727,934,793
E01032923,2313,1172,1141
E01010927,1657,797,860
E01010928,1415,646,769
E01010997,1455,703,752
E01010999,1498,745,753
E01010929,2369,1190,1179
E01010930,1576,731,845
E01010998,1611,792,819
E01011000,2060,1005,1055
E01010904,1395,702,693
E01010906,1411,707,704
E01010907,1436,724,712
E01010909,1521,696,825
E01010960,1692,846,846
E01010964,1629,804,825
E01010965,1473,758,715
E01010966,1691,844,847
E01010995,1351,720,631
E01010982,1336,626,710
E01010983,1610,792,818
E01010985,1416,709,707
E01010986,1690,830,860
E01010987,1791,827,964
E01010988,1474,699,775
E01010996,1603,800,803
E01011001,1640,815,825
E01011002,1745,869,876
E01011003,1214,648,566
E01010878,1756,900,856
E01010879,1834,895,939
E01010905,1865,882,983
E01010908,2086,1041,1045
E01010910,1275,617,658
E01010969,1697,840,857
E01010970,1841,898,943
E01010974,1524,744,780
E01010977,1515,733,782
E01010975,1533,701,832
E01010976,1794,900,894
E01010978,1303,660,643
E01010979,1513,772,741
E01010980,1499,737,762
E01010981,1472,741,731
E01010989,1501,764,737
E01010990,1636,804,832
E01010991,1576,783,793
E01010992,1709,853,856
E01010993,1686,810,876
E01010875,1734,815,919
E01010876,1628,802,826
E01010877,1525,764,761
E01010880,1482,718,764
E01010949,1545,763,782
E01010922,1911,919,992
E01010956,1539,754,785
E01010958,1471,664,807
E01010959,1776,872,904
E01010968,1823,873,950
E01010971,1906,899,1007
E01010972,1593,765,828
E01010973,1673,803,870
E01010884,1602,734,868
E01010885,1430,693,737
E01010886,1113,551,562
E01010984,1287,649,638
E01010946,1379,658,721
E01010947,1490,740,750
E01010950,1440,723,717
E01010951,1511,729,782
E01010891,1737,848,889
E01010892,1904,933,971
E01010895,1440,735,705
E01010945,1618,790,828
E01010948,1451,693,758
E01010889,1742,838,904
E01010890,1792,883,909
E01010893,1420,669,751
E01010894,1614,793,821
E01010901,1653,781,872
E01010903,1667,775,892
E01010896,1628,802,826
E01010897,1671,832,839
E01010898,1651,833,818
E01010899,1408,667,741
E01010900,1595,786,809
E01010902,1616,771,845
E01010952,1546,712,834
E01010953,1467,723,744
E01010954,2389,1174,1215
E01010955,1471,760,711
E01010957,1485,726,759
E01011051,1566,731,835
E01011055,1264,632,632
E01011056,1642,768,874
E01011057,1365,662,703
E01011058,1263,609,654
E01011048,1639,780,859
E01011049,1644,785,859
E01011050,1520,768,752
E01011052,1642,797,845
E01011053,1476,742,734
E01011059,1524,719,805
E01011062,1694,847,847
E01011064,1470,712,758
E01011068,1669,811,858
E01011069,1341,676,665
E01011241,1705,844,861
E01011242,1580,753,827
E01011243,1681,834,847
E01011244,2033,1013,1020
E01011060,1645,814,831
E01011061,1689,839,850
E01011063,2047,1005,1042
E01011065,1662,813,849
E01011066,1515,749,766
E01011027,1258,616,642
E01011028,1481,743,738
E01011030,1530,758,772
E01011031,1627,805,822
E01011054,1385,689,696
E01011013,1544,737,807
E01011014,1534,770,764
E01011023,1670,851,819
E01011024,1762,886,876
E01011067,1586,776,810
E01011247,1579,769,810
E01011249,1585,784,801
E01011251,1622,777,845
E01011245,1566,785,781
E01011246,1475,704,771
E01011248,1486,721,765
E01011250,1647,825,822
E01011015,1607,772,835
E01011029,1446,750,696
E01011032,1566,750,816
E01011034,1629,805,824
E01011157,1645,803,842
E01011161,1311,626,685
E01011163,1370,663,707
E01011164,1695,822,873
E01011165,1823,917,906
E01011166,1623,834,789
E01011167,1932,944,988
E01011033,1686,856,830
E01011035,1685,876,809
E01011036,1728,866,862
E01011037,2104,1038,1066
E01011016,1557,788,769
E01011017,1674,837,837
E01011018,1540,775,765
E01011019,1714,865,849
E01011020,1348,687,661
E01011021,1643,833,810
E01011022,1449,713,736
E01011126,1547,760,787
E01011127,1415,706,709
E01011156,1556,767,789
E01011158,1808,889,919
E01011159,1743,857,886
E01011160,1399,694,705
E01011162,1485,736,749
E01011025,1570,794,776
E01011026,1510,745,765
E01011136,1480,733,747
E01011137,1516,720,796
E01011128,2000,1034,966
E01011130,2017,1019,998
E01033542,2916,1521,1395
E01011121,1482,736,746
E01011122,1414,668,746
E01011123,1623,792,831
E01011124,1858,936,922
E01011125,1543,750,793
E01011129,1353,637,716
E01011138,1684,846,838
E01011139,1446,720,726
E01011140,1643,815,828
E01011141,1787,901,886
E01011132,1445,693,752
E01011142,1557,772,785
E01011217,1601,752,849
E01011218,1626,779,847
E01011216,1464,707,757
E01011219,1551,755,796
E01011220,1793,863,930
E01011221,1744,836,908
E01011046,1332,661,671
E01011100,1502,716,786
E01011102,1414,703,711
E01011108,1460,717,743
E01011133,1483,757,726
E01011134,1964,962,1002
E01011143,1621,809,812
E01011144,1510,756,754
E01011260,1354,688,666
E01011257,2226,1124,1102
E01011258,2074,1156,918
E01011259,1697,838,859
E01011261,1402,687,715
E01011262,1656,815,841
E01011263,1636,813,823
E01011101,1738,830,908
E01011103,1330,629,701
E01011104,1583,727,856
E01011105,2041,954,1087
E01011212,1612,739,873
E01011213,1587,776,811
E01011214,1545,759,786
E01011215,2038,1027,1011
E01011039,1808,889,919
E01011042,1590,810,780
E01011047,1549,756,793
E01011210,1952,982,970
E01011252,1151,567,584
E01011253,1264,590,674
E01011254,1514,749,765
E01011255,1464,692,772
E01011256,1355,679,676
E01011038,1713,791,922
E01011041,1539,770,769
E01011106,1485,727,758
E01011107,1813,1061,752
E01011201,1731,810,921
E01011203,1805,863,942
E01011209,1556,751,805
E01011211,1591,771,820
E01011040,1879,944,935
E01011043,2346,1235,1111
E01011044,1542,770,772
E01011045,1888,1031,857
E01011089,1297,593,704
E01011091,1456,709,747
E01011092,1276,628,648
E01011200,2357,1177,1180
E01011204,1485,718,767
E01011206,1679,810,869
E01011208,1606,771,835
E01011240,1699,767,932
E01011231,1533,742,791
E01011236,1740,1010,730
E01011238,1642,847,795
E01011239,1627,803,824
E01011093,1436,700,736
E01011094,1542,714,828
E01011096,1561,732,829
E01011098,1532,824,708
E01011146,1557,776,781
E01011151,1636,817,819
E01011202,1565,741,824
E01011205,1605,779,826
E01011090,1550,762,788
E01011095,1405,677,728
E01011097,1560,756,804
E01011099,1489,744,745
E01011150,1616,791,825
E01011155,1861,938,923
E01011207,1495,721,774
E01011234,1487,722,765
E01011232,1639,821,818
E01011233,1653,803,850
E01011235,1814,1014,800
E01011237,1661,816,845
E01011004,1363,637,726
E01011006,1547,728,819
E01011008,1505,770,735
E01011012,1668,806,862
E01011145,1530,766,764
E01011147,1533,749,784
E01011148,1656,793,863
E01011152,1708,846,862
E01011007,1486,797,689
E01011223,1982,938,1044
E01011225,1788,889,899
E01011229,2881,1570,1311
E01011080,1924,973,951
E01011081,1809,976,833
E01011082,1836,978,858
E01011230,2094,1092,1002
E01011005,1521,747,774
E01011009,1340,641,699
E01011010,1572,738,834
E01011011,1576,781,795
E01011077,1612,816,796
E01011149,1860,928,932
E01011153,1715,860,855
E01011154,1588,766,822
E01011191,1576,777,799
E01011192,1577,750,827
E01011193,1912,933,979
E01011194,1370,660,710
E01011079,1887,937,950
E01011083,1782,872,910
E01011084,1819,842,977
E01011085,1554,714,840
E01011224,1726,798,928
E01011226,1560,767,793
E01011227,1619,792,827
E01011228,1499,734,765
E01011071,1678,861,817
E01011072,1613,802,811
E01011073,1504,751,753
E01011078,1754,859,895
E01011086,1628,797,831
E01011087,1588,775,813
E01011088,1414,667,747
E01011222,1768,924,844
E01011190,1617,795,822
E01011195,2230,1147,1083
E01011196,1820,891,929
E01011197,1565,754,811
E01011070,1574,778,796
E01011074,1912,918,994
E01011075,1439,702,737
E01011076,1476,720,756
E01011169,1448,727,721
E01011170,1838,924,914
E01011171,1388,702,686
E01011172,1016,458,558
E01011173,1321,636,685
E01011176,1432,697,735
E01011109,1795,905,890
E01011113,1691,830,861
E01011114,1537,729,808
E01011119,1497,734,763
E01011168,1631,773,858
E01011174,1851,906,945
E01011175,1450,721,729
E01011177,1745,828,917
E01011178,1857,907,950
E01011118,1578,778,800
E01011120,1575,785,790
E01011198,1593,765,828
E01011199,1518,745,773
E01011110,1358,692,666
E01011111,1634,803,831
E01011112,1616,778,838
E01011115,1790,884,906
E01011116,1661,829,832
E01011117,1786,885,901
E01011180,1917,949,968
E01011182,1734,876,858
E01011186,1608,796,812
E01011188,1717,844,873
E01011179,1771,886,885
E01011181,1788,901,887
E01011183,1999,996,1003
E01011184,1472,729,743
E01011185,1565,766,799
E01011187,1758,853,905
E01011189,1603,782,821
E01011698,1503,736,767
E01011699,1345,649,696
E01011701,1287,631,656
E01011702,1184,578,606
E01011703,1279,605,674
E01011697,2091,1432,659
E01011700,1353,742,611
E01011704,1770,835,935
E01011705,1378,633,745
E01011581,1469,709,760
E01011582,1651,783,868
E01011583,1479,707,772
E01011584,1250,590,660
E01011569,1662,838,824
E01011571,1597,746,851
E01011572,1763,862,901
E01011573,1341,653,688
E01011574,1456,688,768
E01011707,1359,641,718
E01011709,1588,747,841
E01011710,1421,689,732
E01011711,1389,650,739
E01011712,1359,647,712
E01011561,1217,586,631
E01011696,1498,725,773
E01011706,1526,757,769
E01011708,1468,704,764
E01011713,1843,921,922
E01011570,2284,1152,1132
E01011576,1432,689,743
E01032503,1465,734,731
E01032504,1584,757,827
E01011266,2027,1017,1010
E01011270,1616,794,822
E01011279,1312,601,711
E01011280,1757,857,900
E01011265,1625,765,860
E01011267,1496,732,764
E01011271,2158,1059,1099
E01011272,1521,767,754
E01011268,1394,696,698
E01011273,1487,705,782
E01011274,1488,711,777
E01011275,1350,645,705
E01011264,1279,601,678
E01011269,1552,751,801
E01011276,1384,703,681
E01011578,1321,616,705
E01011554,1446,705,741
E01011562,1592,779,813
E01011563,1416,694,722
E01011564,1501,734,767
E01011567,1393,661,732
E01011376,1516,739,777
E01011377,1386,672,714
E01011378,1394,674,720
E01011382,1456,697,759
E01011277,1511,708,803
E01011278,1631,777,854
E01011579,1245,617,628
E01011580,1342,642,700
E01011556,1576,732,844
E01011557,1529,705,824
E01011565,1433,693,740
E01011566,1309,621,688
E01011568,1831,855,976
E01011380,1523,753,770
E01011381,1312,622,690
E01011385,1249,605,644
E01011386,1419,699,720
E01011379,1482,699,783
E01011384,1485,717,768
E01032501,1173,584,589
E01032502,1842,880,962
E01011555,1362,663,699
E01011558,1577,709,868
E01011559,1259,579,680
E01011560,1800,894,906
E01011383,1566,736,830
E01011388,1407,653,754
E01011684,1548,748,800
E01011695,1590,762,828
E01011650,1443,674,769
E01011651,1446,711,735
E01011653,1352,663,689
E01011655,1396,670,726
E01011455,1382,672,710
E01011456,1707,822,885
E01011459,1582,789,793
E01011461,1530,753,777
E01011311,1217,588,629
E01011649,1466,720,746
E01011715,1289,631,658
E01011719,1427,687,740
E01011509,1351,625,726
E01011511,1329,672,657
E01011512,1566,774,792
E01011515,1421,704,717
E01011516,1704,852,852
E01011508,1414,719,695
E01011517,1638,792,846
E01011652,1331,663,668
E01011654,1434,714,720
E01011505,1599,762,837
E01011506,1439,702,737
E01011507,1580,763,817
E01011510,1576,769,807
E01011514,1631,791,840
E01011452,1524,741,783
E01011454,1492,721,771
E01011457,1591,768,823
E01011458,1382,691,691
E01011465,1532,687,845
E01011453,1482,718,764
E01011460,1409,665,744
E01011462,1632,814,818
E01011463,1583,739,844
E01011464,1678,814,864
E01011714,1474,716,758
E01011716,1486,717,769
E01011717,1495,717,778
E01011718,1400,659,741
E01011720,1498,758,740
E01011296,1678,800,878
E01011297,1585,787,798
E01011309,1507,718,789
E01011310,1623,776,847
E01011513,2181,1034,1147
E01011688,1488,719,769
E01011689,1552,730,822
E01011691,1527,710,817
E01011504,1426,673,753
E01011641,1522,740,782
E01011642,1326,646,680
E01011645,1472,678,794
E01011484,1538,739,799
E01011485,1524,733,791
E01011686,1545,753,792
E01032493,1343,646,697
E01032494,1745,847,898
E01011350,1625,791,834
E01011351,1696,804,892
E01011352,1790,855,935
E01011353,1865,871,994
E01011656,1490,722,768
E01011657,1307,610,697
E01011659,1373,664,709
E01011661,1598,734,864
E01011643,1392,653,739
E01011644,1249,584,665
E01011646,1666,814,852
E01011647,1716,845,871
E01011648,1744,860,884
E01011354,1397,665,732
E01011355,1378,638,740
E01011357,1914,886,1028
E01011450,1226,589,637
E01011588,1725,867,858
E01011589,1521,739,782
E01011590,1540,767,773
E01011592,1402,640,762
E01011593,1764,867,897
E01011421,1486,697,789
E01011425,1561,762,799
E01011658,1344,614,730
E01011660,1359,659,700
E01011662,1189,583,606
E01011721,1522,691,831
E01011722,1893,881,1012
E01011723,1417,666,751
E01011724,1821,872,949
E01011356,1926,956,970
E01011358,1453,697,756
E01011359,1682,809,873
E01011360,2075,1002,1073
E01011361,2478,1179,1299
E01011435,1820,920,900
E01011440,1622,726,896
E01011441,1954,1032,922
E01032945,3163,1629,1534
E01011477,1928,967,961
E01011480,1590,784,806
E01011488,1431,722,709
E01011489,1687,827,860
E01011324,2251,1148,1103
E01011325,1436,688,748
E01011326,1359,658,701
E01011332,1340,603,737
E01011423,1622,760,862
E01011424,1600,768,832
E01011427,1769,844,925
E01011431,1878,943,935
E01011422,1485,774,711
E01011426,1705,871,834
E01011428,1870,964,906
E01011429,2007,1017,990
E01011663,1256,572,684
E01011664,1110,501,609
E01011665,1386,696,690
E01011667,1491,675,816
E01011323,1267,594,673
E01011329,1486,719,767
E01011330,1254,615,639
E01011333,1263,642,621
E01011327,1325,647,678
E01011328,1491,754,737
E01011335,1671,796,875
E01011591,1616,800,816
E01011430,1508,793,715
E01011432,1558,774,784
E01011433,1538,764,774
E01011434,1397,723,674
E01011445,1679,746,933
E01011446,1574,788,786
E01011447,1428,726,702
E01011448,1572,768,804
E01011449,1383,734,649
E01011670,2634,1302,1332
E01011671,1535,708,827
E01033002,1310,741,569
E01033003,1783,1062,721
E01033005,3530,1718,1812
E01011478,1679,885,794
E01011479,1476,804,672
E01011481,1578,844,734
E01011482,1693,887,806
E01011483,1570,819,751
E01011406,1403,655,748
E01011407,1448,685,763
E01011408,1451,675,776
E01011409,1397,687,710
E01011410,1274,617,657
E01011412,1370,670,700
E01011331,1238,605,633
E01011334,1293,637,656
E01011336,1525,718,807
E01011337,1399,637,762
E01011281,1878,910,968
E01011282,1378,644,734
E01011283,1331,637,694
E01011286,1244,613,631
E01011295,1526,732,794
E01011339,1783,881,902
E01011340,1616,742,874
E01011342,1410,675,735
E01011346,1791,874,917
E01011341,1484,675,809
E01011343,1663,835,828
E01011345,1418,628,790
E01011666,1490,728,762
E01011585,1435,684,751
E01011587,1663,826,837
E01011594,1455,685,770
E01011596,1675,818,857
E01011598,1544,722,822
E01011678,4156,1858,2298
E01011681,1734,886,848
E01033006,3385,1690,1695
E01011338,1671,858,813
E01011673,1691,869,822
E01011677,1526,790,736
E01033031,1289,716,573
E01033035,1412,834,578
E01011344,1764,866,898
E01011347,1671,796,875
E01011348,1622,816,806
E01011349,1716,914,802
E01011586,1494,719,775
E01011595,1804,873,931
E01011597,1507,748,759
E01011599,1535,729,806
E01011287,1320,633,687
E01032499,1749,857,892
E01032500,1144,631,513
E01032606,1982,997,985
E01032607,1101,558,543
E01032608,1170,583,587
E01011608,1384,672,712
E01011609,1453,719,734
E01011610,1418,674,744
E01011611,1364,644,720
E01011614,1811,876,935
E01011413,1562,773,789
E01011415,1594,795,799
E01011416,1498,737,761
E01011417,1496,723,773
E01011420,1293,626,667
E01011615,1529,758,771
E01011617,1608,748,860
E01011618,1581,742,839
E01011621,1486,694,792
E01011284,1751,907,844
E01011292,1619,807,812
E01011293,1720,904,816
E01011294,1518,979,539
E01011363,1614,808,806
E01011616,1431,659,772
E01011620,1314,615,699
E01011622,1635,782,853
E01011624,1823,874,949
E01011411,1591,784,807
E01011414,1484,735,749
E01011418,1476,717,759
E01011419,1223,615,608
E01011396,1766,842,924
E01011399,1481,703,778
E01011400,1428,674,754
E01011403,1396,638,758
E01011623,1517,754,763
E01011625,1472,755,717
E01011626,1782,948,834
E01033021,1300,638,662
E01033033,1580,860,720
E01033034,1025,590,435
E01011602,1525,710,815
E01011603,1516,727,789
E01011605,1458,712,746
E01011606,1682,804,878
E01011613,1303,615,688
E01011397,1506,717,789
E01011398,1257,610,647
E01011401,1509,750,759
E01011404,1321,648,673
E01011405,1425,668,757
E01011725,1557,790,767
E01011729,1614,767,847
E01011730,1559,752,807
E01011735,1659,771,888
E01011600,1519,729,790
E01011601,1494,721,773
E01011604,1334,627,707
E01011607,1588,754,834
E01011612,1302,549,753
E01011726,1449,705,744
E01011727,1547,761,786
E01011728,1414,654,760
E01011739,1530,759,771
E01011362,1820,961,859
E01011731,1418,699,719
E01011732,1861,919,942
E01011733,1492,718,774
E01011366,1588,831,757
E01011368,1275,683,592
E01011370,1724,961,763
E01033013,1189,670,519
E01033032,1278,724,554
E01011734,2315,1156,1159
E01011736,1485,722,763
E01011737,1563,747,816
E01011738,1435,699,736
E01011364,1631,857,774
E01011371,1460,733,727
E01011373,1439,746,693
E01011374,1195,595,600
E01011312,1599,812,787
E01011316,1657,892,765
E01011372,1380,754,626
E01011375,1847,1005,842
E01011390,1443,688,755
E01011391,1645,812,833
E01011392,1463,697,766
E01011402,1768,841,927
E01011298,1538,776,762
E01011299,2238,1113,1125
E01011302,1406,693,713
E01011303,1145,547,598
E01011300,1469,717,752
E01011301,1336,673,663
E01011304,1591,765,826
E01011305,1496,733,763
E01011306,1342,657,685
E01011315,1552,794,758
E01011317,1705,825,880
E01011318,1470,698,772
E01011321,1544,751,793
E01011369,1561,719,842
E01011313,1595,785,810
E01011314,1472,728,744
E01011319,1568,767,801
E01011320,1674,805,869
E01011322,1544,754,790
E01011471,1400,650,750
E01011472,1598,736,862
E01011473,1476,691,785
E01011474,1457,715,742
E01011518,2187,1061,1126
E01011524,1241,612,629
E01011526,1291,648,643
E01011531,1461,686,775
E01011466,1489,730,759
E01011469,1460,743,717
E01011475,1497,731,766
E01011476,1195,549,646
E01011519,1488,725,763
E01011522,1396,690,706
E01011525,1576,775,801
E01011528,1596,797,799
E01011532,1556,733,823
E01011520,1491,741,750
E01011521,1968,974,994
E01011523,1782,823,959
E01011527,1773,901,872
E01011529,1434,692,742
E01011635,1547,744,803
E01011637,1768,880,888
E01011638,1487,754,733
E01032487,1013,488,525
E01032488,1846,888,958
E01011627,1417,674,743
E01011628,1328,630,698
E01011629,1302,619,683
E01011632,1335,605,730
E01011633,1472,716,756
E01011490,2518,1211,1307
E01011502,1333,605,728
E01032497,1496,731,765
E01032498,1531,757,774
E01011496,1510,756,754
E01011630,2088,993,1095
E01011634,1499,733,766
E01011636,1625,766,859
E01011639,1523,706,817
E01011491,1357,623,734
E01011492,1366,614,752
E01011493,1540,742,798
E01011494,1304,632,672
E01011497,1608,769,839
E01011540,1439,696,743
E01032489,1936,966,970
E01032490,1396,683,713
E01032491,1230,600,630
E01032492,1991,950,1041
E01011307,1526,731,795
E01011308,1528,739,789
E01011393,1725,826,899
E01011394,1237,611,626
E01011395,1184,588,596
E01011533,1294,643,651
E01011541,1714,822,892
E01011545,1388,684,704
E01011547,1781,844,937
E01011499,2588,1283,1305
E01011500,1590,745,845
E01032495,2399,1179,1220
E01032496,2044,1006,1038
E01011530,1460,735,725
E01011534,1421,705,716
E01011546,1664,784,880
E01011548,1445,706,739
E01011550,1404,700,704
E01011537,2066,1023,1043
E01011538,1507,734,773
E01011551,1565,782,783
E01011552,1467,699,768
E01011535,1664,822,842
E01011536,1587,751,836
E01011549,1503,748,755
E01011553,1436,703,733
E01011685,2153,1121,1032
E01011687,1488,746,742
E01011690,1356,672,684
E01011692,1404,729,675
E01011693,1521,779,742
E01011694,1804,897,907
E01032876,2691,1208,1483
E01011442,1619,850,769
E01011443,1381,660,721
E01011444,1849,901,948
E01011451,2107,943,1164
E01011668,1609,821,788
E01011669,1475,780,695
E01032946,2472,1171,1301
E01033008,1120,631,489
E01033010,2807,1369,1438
E01033011,1373,847,526
E01033015,1167,685,482
E01033016,1017,590,427
E01011467,1542,721,821
E01011468,1500,741,759
E01011470,1266,636,630
E01033018,1137,664,473
E01033019,1700,884,816
E01011740,1499,716,783
E01011741,1486,734,752
E01011742,1637,815,822
E01011745,1745,832,913
E01011746,1504,736,768
E01011752,1547,762,785
E01011753,1402,684,718
E01011756,1444,680,764
E01011760,1674,849,825
E01011762,1572,773,799
E01011743,1466,742,724
E01011744,1621,798,823
E01011747,1640,754,886
E01011750,1572,769,803
E01011754,1452,698,754
E01011757,1851,906,945
E01011759,1895,945,950
E01011761,1885,933,952
E01011763,1443,701,742
E01011764,1552,766,786
E01011748,1630,798,832
E01011749,2119,1059,1060
E01011751,1317,662,655
E01011755,1647,815,832
E01011873,1575,777,798
E01011877,1496,788,708
E01011894,1390,659,731
E01011895,1482,730,752
E01011875,1435,681,754
E01011876,1401,689,712
E01011878,1565,765,800
E01011880,1480,722,758
E01011881,1468,745,723
E01011887,1217,593,624
E01011893,1505,716,789
E01011896,1391,674,717
E01011897,1423,682,741
E01011874,1655,810,845
E01011879,1458,732,726
E01011882,1511,723,788
E01011883,1414,695,719
E01011805,1463,733,730
E01011807,1425,710,715
E01011808,1731,866,865
E01011810,1527,756,771
E01011803,1379,666,713
E01011804,1618,759,859
E01011806,1515,763,752
E01011809,1474,721,753
E01011811,1578,756,822
E01011835,1503,755,748
E01011836,1462,726,736
E01011839,1612,779,833
E01011843,1643,781,862
E01011844,1918,943,975
E01011758,1350,680,670
E01011812,2595,1299,1296
E01011820,1485,724,761
E01011821,1327,642,685
E01011885,1474,692,782
E01011886,1475,715,760
E01011888,1443,727,716
E01011890,1269,640,629
E01011891,1525,696,829
E01011834,1587,761,826
E01011837,1467,717,750
E01011838,1958,1006,952
E01011841,1522,769,753
E01011842,1429,699,730
E01011813,1621,763,858
E01011814,1698,879,819
E01011815,1523,754,769
E01011816,1411,661,750
E01011819,1567,772,795
E01011822,1428,682,746
E01011884,2339,1160,1179
E01011912,1552,833,719
E01011913,1660,843,817
E01011916,2002,1147,855
E01011840,1540,732,808
E01011850,1522,718,804
E01011852,1626,769,857
E01011853,1461,694,767
E01011920,2305,1539,766
E01011923,1633,855,778
E01011924,1536,768,768
E01011925,1692,795,897
E01011909,1404,692,712
E01011910,1515,748,767
E01011911,1526,739,787
E01011914,1547,749,798
E01011915,1611,772,839
E01011823,1413,677,736
E01011824,1520,717,803
E01011825,1838,904,934
E01011826,1434,688,746
E01011827,1177,583,594
E01011828,1427,703,724
E01011889,1303,653,650
E01011892,1801,876,925
E01011919,1824,908,916
E01011921,1468,715,753
E01011926,1600,800,800
E01011927,1353,634,719
E01011845,1367,662,705
E01011846,1362,661,701
E01011847,1428,694,734
E01011848,1469,695,774
E01011851,1429,711,718
E01011775,2867,1414,1453
E01011776,1609,774,835
E01011777,1352,665,687
E01011778,1568,729,839
E01011817,1332,649,683
E01011818,1331,646,685
E01011829,1426,687,739
E01011830,1255,602,653
E01011831,1708,851,857
E01011832,1411,702,709
E01011833,1507,729,778
E01011899,1506,709,797
E01011900,1531,736,795
E01011901,1645,734,911
E01011904,1427,692,735
E01011918,1543,727,816
E01011922,1452,695,757
E01011779,1508,740,768
E01011780,1832,870,962
E01011781,1710,818,892
E01011782,1490,717,773
E01011783,1308,655,653
E01011902,1390,680,710
E01011903,1215,606,609
E01011905,1618,786,832
E01011907,1765,899,866
E01011793,1621,796,825
E01011794,1399,692,707
E01011795,1278,618,660
E01011796,1440,715,725
E01011799,1590,728,862
E01011800,1658,812,846
E01011898,1456,743,713
E01011906,1584,770,814
E01011908,2215,1133,1082
E01011917,1590,828,762
E01011944,1389,708,681
E01011797,1721,849,872
E01011798,1301,611,690
E01011801,1516,729,787
E01011802,1508,712,796
E01011765,1545,764,781
E01011766,1523,750,773
E01011773,1490,740,750
E01011774,1387,677,710
E01011939,1483,719,764
E01011945,1491,719,772
E01011947,1580,772,808
E01011948,1590,771,819
E01011767,1768,867,901
E01011768,1374,659,715
E01011769,2133,1088,1045
E01011770,1912,906,1006
E01011849,1576,774,802
E01011857,1641,820,821
E01011928,1334,643,691
E01011931,1506,741,765
E01011932,1417,699,718
E01011938,1706,693,1013
E01011929,1601,783,818
E01011930,1711,824,887
E01011933,1604,784,820
E01011937,1420,695,725
E01011934,1459,753,706
E01011936,1476,685,791
E01011940,1439,728,711
E01011943,1741,822,919
E01011935,1798,881,917
E01011941,1449,673,776
E01011942,1246,619,627
E01011946,1482,721,761
E01011785,1558,755,803
E01011789,1268,606,662
E01011791,1503,753,750
E01011792,1516,750,766
E01011771,1301,604,697
E01011772,1593,811,782
E01011784,1817,889,928
E01011786,1610,789,821
E01011854,1228,619,609
E01011855,1591,782,809
E01011856,1425,712,713
E01011858,1588,776,812
E01011787,1710,856,854
E01011788,1672,834,838
E01011790,1629,816,813
E01011865,1680,815,865
E01011867,1643,769,874
E01011859,1469,699,770
E01011869,1435,719,716
E01011870,1407,710,697
E01011871,1561,782,779
E01011860,1514,750,764
E01011861,2017,994,1023
E01011862,1480,751,729
E01011863,1314,632,682
E01011864,1642,804,838
E01011866,1598,780,818
E01011868,1912,923,989
E01011872,1550,773,777
E01013461,1635,805,830
E01013462,1524,720,804
E01013463,1524,753,771
E01013464,1452,695,757
E01013465,1661,829,832
E01013466,1542,735,807
E01013467,1389,671,718
E01013468,1615,781,834
E01013469,1280,609,671
E01013574,1355,677,678
E01013575,1404,695,709
E01013576,1482,734,748
E01013577,1583,792,791
E01013578,1383,675,708
E01013579,1456,733,723
E01013580,1475,692,783
E01013530,1530,758,772
E01013531,1415,694,721
E01013532,1491,717,774
E01013581,1556,730,826
E01013526,1610,801,809
E01013527,1511,745,766
E01013528,1648,780,868
E01013529,2362,1148,1214
E01013505,1508,740,768
E01013506,1592,781,811
E01013513,1292,620,672
E01013534,1654,811,843
E01013582,1565,739,826
E01013533,1645,771,874
E01013535,1615,764,851
E01013536,1595,774,821
E01013537,1635,812,823
E01013538,1522,753,769
E01013522,1736,932,804
E01013523,1547,873,674
E01013524,2497,1337,1160
E01013525,1986,1029,957
E01013548,1511,724,787
E01013549,1431,682,749
E01013552,1671,764,907
E01013553,1488,703,785
E01013555,1532,750,782
E01013592,1401,702,699
E01013594,1353,672,681
E01013596,1559,731,828
E01013599,1388,708,680
E01013547,1754,972,782
E01013550,1279,626,653
E01013551,1876,1017,859
E01013554,1638,886,752
E01013507,1527,757,770
E01013508,1261,609,652
E01013509,1673,822,851
E01013510,1519,721,798
E01013511,1561,795,766
E01013512,1480,722,758
E01013453,2358,1220,1138
E01013454,1529,775,754
E01013456,2042,1110,932
E01013457,1838,889,949
E01013460,2017,1048,969
E01013479,2035,1192,843
E01013593,1378,679,699
E01013595,2320,1123,1197
E01013597,1436,681,755
E01013598,1542,768,774
E01013556,1430,676,754
E01013557,1384,670,714
E01013558,2038,984,1054
E01013559,1368,664,704
E01013564,2000,973,1027
E01013480,2050,1148,902
E01013483,2119,1111,1008
E01013485,2064,1035,1029
E01013565,1719,875,844
E01013566,2019,1078,941
E01013455,1921,953,968
E01013458,1633,802,831
E01013542,1732,840,892
E01013546,1679,827,852
E01013481,1885,958,927
E01013484,1956,1029,927
E01013486,2004,1021,983
E01013487,2254,1137,1117
E01033166,1087,626,461
E01033167,1136,618,518
E01013540,1558,752,806
E01013560,1509,749,760
E01013561,1554,764,790
E01013562,1381,571,810
E01013563,1358,672,686
E01013459,1996,981,1015
E01013567,2022,1030,992
E01013568,2065,1050,1015
E01013569,1581,804,777
E01013539,2476,1238,1238
E01013541,1625,759,866
E01013543,1816,891,925
E01013544,1844,922,922
E01013545,1645,804,841
E01013488,1563,772,791
E01013489,1565,752,813
E01013490,1521,695,826
E01013491,1668,806,862
E01013570,1964,966,998
E01013571,1904,915,989
E01013572,1724,815,909
E01013573,2073,1025,1048
E01013470,1470,731,739
E01013474,1535,764,771
E01013476,1447,719,728
E01033171,1399,701,698
E01033172,1557,827,730
E01013471,1858,898,960
E01013473,1516,733,783
E01013475,1587,773,814
E01013477,1793,922,871
E01013502,1429,704,725
E01013503,1525,779,746
E01013472,2093,1006,1087
E01013497,1533,722,811
E01013504,1912,943,969
E01013583,1663,803,860
E01013590,1774,848,926
E01013591,2035,997,1038
E01013492,1595,764,831
E01013493,1517,715,802
E01013494,1860,873,987
E01013495,1766,857,909
E01013496,1545,710,835
E01013498,1456,720,736
E01013499,1384,668,716
E01013500,1690,813,877
E01013501,1400,675,725
E01013584,1870,929,941
E01013585,1751,832,919
E01013586,1552,719,833
E01013587,1528,762,766
E01013588,1532,734,798
E01013589,1423,722,701
E01013517,1426,676,750
E01013518,1416,687,729
E01013521,1346,668,678
E01033168,1350,671,679
E01033169,1774,876,898
E01033170,1232,596,636
E01013514,1632,781,851
E01013515,1842,883,959
E01013519,1648,779,869
E01013520,1532,755,777
E01013615,1526,764,762
E01013616,1597,751,846
E01013618,1564,785,779
E01013619,1744,881,863
E01013733,1625,820,805
E01013734,1484,743,741
E01013735,1328,652,676
E01013736,1708,821,887
E01013737,1437,703,734
E01013600,1921,902,1019
E01013601,1684,825,859
E01013602,1846,926,920
E01013603,1721,818,903
E01013604,1663,801,862
E01013605,1774,873,901
E01013617,2548,1280,1268
E01013620,1812,854,958
E01013621,1891,958,933
E01013622,1635,860,775
E01013623,2163,1087,1076
E01013732,2107,1029,1078
E01013739,1537,735,802
E01013740,1513,754,759
E01013741,1675,836,839
E01013625,1864,970,894
E01013628,1534,696,838
E01013715,1314,630,684
E01013716,1812,884,928
E01013738,1548,750,798
E01013624,1464,721,743
E01013626,1855,935,920
E01013627,1301,650,651
E01013629,1715,837,878
E01013630,1825,880,945
E01013606,1744,875,869
E01013607,2573,1344,1229
E01013680,2088,1038,1050
E01013685,1476,719,757
E01013686,1850,913,937
E01013696,2442,1181,1261
E01013697,2639,1334,1305
E01013699,1709,830,879
E01032862,2010,973,1037
E01032863,1708,853,855
E01032865,2120,1036,1084
E01013713,1543,788,755
E01013714,1724,835,889
E01013717,1569,774,795
E01013718,1587,742,845
E01013719,1562,784,778
E01013720,1346,589,757
E01013651,1716,868,848
E01013652,1791,867,924
E01013653,1899,912,987
E01013655,2039,1078,961
E01013721,1598,747,851
E01013723,1382,652,730
E01013725,1400,662,738
E01013726,1727,792,935
E01013728,1616,765,851
E01013694,1647,772,875
E01013700,1517,729,788
E01013770,1390,671,719
E01013771,1604,771,833
E01013773,1480,742,738
E01013681,1813,902,911
E01013682,1787,881,906
E01013683,2097,1096,1001
E01013684,1961,1017,944
E01013654,2199,1063,1136
E01013656,1828,916,912
E01013657,1819,899,920
E01013658,1870,993,877
E01013659,2008,1020,988
E01013743,1645,826,819
E01013745,1680,852,828
E01013742,1822,901,921
E01013744,1983,1012,971
E01013746,1857,988,869
E01013748,2017,1018,999
E01013754,2059,1016,1043
E01013755,2216,1051,1165
E01013660,1814,932,882
E01013661,1716,823,893
E01013664,1834,891,943
E01013665,1837,962,875
E01013667,1568,751,817
E01013668,1581,750,831
E01013729,1296,646,650
E01013780,1497,738,759
E01013783,1554,750,804
E01013785,1520,741,779
E01013786,1518,754,764
E01013662,1792,936,856
E01013663,1798,885,913
E01013747,1905,977,928
E01013749,1616,807,809
E01013750,1522,792,730
E01013758,1641,832,809
E01013751,1962,1006,956
E01013752,1570,809,761
E01013753,1717,882,835
E01013760,1963,1116,847
E01013761,2100,1065,1035
E01013762,1887,966,921
E01013774,1749,909,840
E01013776,1711,970,741
E01013778,2502,1204,1298
E01013779,1950,980,970
E01013781,1637,859,778
E01013782,1516,704,812
E01013784,1367,728,639
E01013666,1588,766,822
E01013669,1429,696,733
E01013670,1792,865,927
E01013671,1804,872,932
E01013672,1371,677,694
E01013631,1548,749,799
E01013632,1871,912,959
E01013638,1729,805,924
E01013640,1950,932,1018
E01013756,1935,976,959
E01013757,1664,818,846
E01013759,1965,955,1010
E01013763,2053,1095,958
E01013764,1636,799,837
E01013765,1698,929,769
E01013766,1848,923,925
E01013633,1650,786,864
E01013634,1533,714,819
E01013637,1968,955,1013
E01013639,1464,666,798
E01013641,1609,813,796
E01013635,1491,734,757
E01013636,1360,669,691
E01013775,2155,1119,1036
E01013777,1577,862,715
E01013642,1821,877,944
E01013643,1844,906,938
E01013649,1541,784,757
E01013650,1808,883,925
E01013702,1573,790,783
E01013710,1409,727,682
E01013711,1625,797,828
E01013613,1646,810,836
E01013614,1561,755,806
E01013687,1573,804,769
E01013688,1450,715,735
E01013703,1290,635,655
E01013704,1436,664,772
E01013706,1628,785,843
E01013707,1598,763,835
E01013712,1512,728,784
E01013608,1547,788,759
E01013609,1575,774,801
E01013610,1699,830,869
E01013611,1581,788,793
E01013612,1542,757,785
E01013678,1644,800,844
E01013679,1559,757,802
E01013691,1659,751,908
E01013692,1413,646,767
E01013693,1477,692,785
E01013673,1557,745,812
E01013674,1621,728,893
E01013675,1634,773,861
E01013676,1971,907,1064
E01013677,1534,748,786
E01013695,1525,694,831
E01013698,1537,748,789
E01013767,1537,735,802
E01013768,1544,752,792
E01013772,1601,784,817
E01032597,1440,680,760
E01013689,1837,869,968
E01013690,1540,769,771
E01013705,1579,766,813
E01013709,1576,779,797
E01032599,1579,772,807
E01013722,1753,828,925
E01013727,1491,722,769
E01013730,1574,769,805
E01013731,1619,764,855
E01032602,1672,814,858
E01013646,2760,1445,1315
E01013647,2504,1210,1294
E01013648,2688,1279,1409
E01032875,1903,835,1068
E01032867,1800,990,810
E01032868,1692,747,945
E01032872,1206,686,520
E01032873,1334,790,544
E01013887,1534,762,772
E01013892,1414,682,732
E01013893,1349,627,722
E01013894,1476,707,769
E01013879,1293,588,705
E01013880,1533,701,832
E01013881,1505,689,816
E01013882,1432,662,770
E01013885,1662,803,859
E01013886,1450,714,736
E01013888,1507,745,762
E01013889,1653,807,846
E01013890,1546,750,796
E01013891,1685,825,860
E01013875,1371,709,662
E01013876,1797,871,926
E01013877,1394,632,762
E01013878,1296,634,662
E01013883,1524,712,812
E01013884,1350,668,682
E01013853,1475,726,749
E01013854,1429,673,756
E01013855,1602,754,848
E01013856,1616,742,874
E01033397,1770,856,914
E01033398,1150,613,537
E01013963,1569,736,833
E01013964,1679,817,862
E01013965,1483,673,810
E01013966,1416,634,782
E01013967,1811,1150,661
E01013827,1481,709,772
E01013828,1646,821,825
E01013834,1600,728,872
E01013835,1647,795,852
E01013836,1876,915,961
E01013829,1625,789,836
E01013830,1669,819,850
E01013831,1553,757,796
E01013832,1769,879,890
E01013833,1341,659,682
E01013935,1526,767,759
E01013968,1304,619,685
E01013969,1610,820,790
E01013970,1554,759,795
E01013971,1533,830,703
E01013817,1707,818,889
E01013818,1774,805,969
E01013822,1705,778,927
E01013825,1850,888,962
E01013826,1947,876,1071
E01013837,1772,886,886
E01013838,1800,888,912
E01013839,1757,841,916
E01013840,2195,1118,1077
E01013841,1583,809,774
E01013819,1720,810,910
E01013820,1781,848,933
E01013821,1679,784,895
E01013823,1853,905,948
E01013824,1606,763,843
E01013864,1530,718,812
E01013865,1552,733,819
E01013866,1499,726,773
E01013867,1594,746,848
E01013937,1740,895,845
E01013938,1548,789,759
E01013941,1638,823,815
E01013943,1820,992,828
E01013972,1455,725,730
E01013936,2165,1060,1105
E01013939,1535,787,748
E01013940,1761,904,857
E01013942,2113,1055,1058
E01013843,1597,862,735
E01013844,1473,827,646
E01013845,1688,876,812
E01013847,1373,741,632
E01013810,1657,837,820
E01013811,1455,830,625
E01013812,1624,849,775
E01013842,1675,887,788
E01013846,1738,882,856
E01013930,1980,1021,959
E01013931,1690,804,886
E01013932,1744,868,876
E01013933,1840,934,906
E01013934,1531,770,761
E01013859,1454,697,757
E01013861,1520,711,809
E01013868,1572,736,836
E01013929,1917,914,1003
E01013954,1339,660,679
E01013959,1834,928,906
E01013960,1569,785,784
E01013962,1812,884,928
E01013813,2199,1168,1031
E01013814,2024,1129,895
E01013815,1804,902,902
E01013816,2558,1327,1231
E01013958,1806,880,926
E01013961,2303,1139,1164
E01033399,2099,1067,1032
E01033401,1059,616,443
E01033405,1300,764,536
E01033409,1537,837,700
E01033411,1066,577,489
E01013913,1762,898,864
E01013914,1755,868,887
E01013915,1560,740,820
E01013916,1503,730,773
E01013917,1752,880,872
E01013858,1457,692,765
E01013860,1577,759,818
E01013862,1573,738,835
E01013863,1464,714,750
E01013944,1728,893,835
E01013945,1843,991,852
E01013947,2000,1111,889
E01013948,1281,777,504
E01013953,3298,1646,1652
E01033395,2172,1092,1080
E01033396,1097,612,485
E01013977,1891,960,931
E01013978,1682,838,844
E01013979,1600,820,780
E01013981,1672,802,870
E01032520,2092,1153,939
E01032522,2046,1183,863
E01033404,3857,2093,1764
E01013918,1932,1016,916
E01013919,2048,1119,929
E01013920,2241,1261,980
E01013921,2201,1172,1029
E01013957,1592,779,813
E01013980,1629,796,833
E01013982,1591,775,816
E01013983,1419,717,702
E01013984,1459,680,779
E01013985,1798,879,919
E01013924,1648,988,660
E01013926,1661,921,740
E01013928,1582,879,703
E01033408,3356,1780,1576
E01033410,2673,1454,1219
E01013973,3880,1878,2002
E01013974,2071,1091,980
E01013975,2387,1212,1175
E01013976,1614,814,800
E01013895,1507,728,779
E01013896,1307,648,659
E01013901,1458,750,708
E01013902,1463,708,755
E01013897,1505,709,796
E01013898,1626,808,818
E01013899,1271,593,678
E01013900,1502,738,764
E01013903,1249,630,619
E01013907,1467,716,751
E01013905,1548,766,782
E01013908,1685,773,912
E01013909,1529,729,800
E01013912,1581,792,789
E01013904,1550,750,800
E01013906,1611,765,846
E01013910,1456,715,741
E01013911,1520,756,764
E01013849,1541,700,841
E01013850,1462,714,748
E01013851,1571,715,856
E01013852,1550,771,779
E01032621,1587,758,829
E01013874,1476,774,702
E01033400,1309,683,626
E01033402,1063,643,420
E01033403,1083,652,431
E01033406,1049,635,414
E01033407,1070,642,428
E01013870,2018,1059,959
E01013871,1711,893,818
E01013872,1798,963,835
E01013873,2092,1093,999
E01013788,2646,1364,1282
E01013789,1404,703,701
E01013790,2064,1443,621
E01013796,1698,948,750
E01013793,1371,662,709
E01013800,1536,751,785
E01013801,1691,820,871
E01013809,1253,610,643
E01013798,1424,694,730
E01013799,1689,801,888
E01013802,2530,1194,1336
E01013803,2259,1099,1160
E01013791,1145,572,573
E01013792,1684,819,865
E01013797,1675,827,848
E01013804,1544,747,797
E01013805,1336,692,644
E01013787,1283,627,656
E01013794,1274,625,649
E01013795,1118,537,581
E01013806,2050,1093,957
E01013807,1397,682,715
E01013808,1298,605,693
E01019400,1590,809,781
E01019401,1659,797,862
E01019402,1580,791,789
E01019404,1630,809,821
E01019406,1027,487,540
E01019423,1209,595,614
E01019424,1192,600,592
E01019477,2202,1077,1125
E01019403,1512,701,811
E01019444,1365,668,697
E01019468,1538,767,771
E01019469,1654,809,845
E01019471,1405,658,747
E01019443,1519,722,797
E01019470,1658,850,808
E01019473,1317,662,655
E01019474,1225,606,619
E01019475,1176,571,605
E01019476,1366,678,688
E01019420,1363,650,713
E01019442,1537,780,757
E01019445,1400,720,680
E01019455,1374,686,688
E01019456,1815,869,946
E01019457,1335,677,658
E01019429,1590,806,784
E01019454,1422,674,748
E01019460,1625,794,831
E01019461,1431,675,756
E01019462,1258,627,631
E01019405,1458,751,707
E01019414,1594,783,811
E01019428,1497,727,770
E01019430,1926,989,937
E01019421,1931,977,954
E01019422,1553,781,772
E01019432,1982,973,1009
E01019458,1538,786,752
E01019459,1368,636,732
E01019463,1547,754,793
E01019408,1500,755,745
E01019409,1744,866,878
E01019412,1570,767,803
E01019413,1423,705,718
E01019416,1433,718,715
E01019407,2094,1006,1088
E01019415,1817,880,937
E01019417,1958,925,1033
E01019419,1928,941,987
E01019410,1469,734,735
E01019411,1516,756,760
E01019418,1777,883,894
E01019447,1538,734,804
E01019449,1744,862,882
E01019431,1507,747,760
E01019433,1846,908,938
E01019438,1705,864,841
E01019451,1943,963,980
E01019464,2015,973,1042
E01019434,1196,591,605
E01019435,1644,827,817
E01019436,1310,658,652
E01019439,1358,674,684
E01019440,1521,756,765
E01019446,1222,581,641
E01019448,1705,846,859
E01019450,1478,703,775
E01019465,1142,556,586
E01019467,1478,733,745
E01019425,1639,790,849
E01019426,1551,715,836
E01019427,1856,931,925
E01019472,2671,1351,1320
E01019437,1483,717,766
E01019441,1483,711,772
E01019452,1630,785,845
E01019453,1832,898,934
E01032613,1215,610,605
E01019478,1541,764,777
E01019479,1720,854,866
E01019491,2232,1126,1106
E01019493,1573,781,792
E01019494,2026,998,1028
E01019492,1759,831,928
E01019495,1616,799,817
E01019524,1364,676,688
E01019525,1482,740,742
E01019496,1392,699,693
E01019497,1414,687,727
E01019498,1791,859,932
E01019523,1054,513,541
E01019483,2097,1036,1061
E01019484,1950,975,975
E01019485,1194,561,633
E01019488,1446,744,702
E01019486,1099,513,586
E01019487,1553,735,818
E01019489,1204,568,636
E01019490,1130,565,565
E01019502,1503,728,775
E01019504,1292,641,651
E01019508,1957,967,990
E01019509,1215,576,639
E01019510,1283,602,681
E01019512,2590,1267,1323
E01019503,2305,1131,1174
E01019505,1526,768,758
E01019506,1345,669,676
E01019507,1683,812,871
E01019511,2157,1055,1102
E01019480,1536,760,776
E01019482,1492,736,756
E01019520,1762,871,891
E01019521,1547,766,781
E01019522,1531,732,799
E01019481,1361,668,693
E01019514,1564,794,770
E01019515,1642,837,805
E01019516,1465,725,740
E01019519,1845,897,948
E01019499,1296,655,641
E01019500,1439,726,713
E01019501,1467,738,729
E01019513,1291,636,655
E01019517,1551,785,766
E01019518,1584,822,762
E01019526,1387,691,696
E01019528,1559,754,805
E01019572,1322,652,670
E01019573,1520,747,773
E01019574,1339,657,682
E01019563,1692,817,875
E01019564,1523,757,766
E01019565,1422,692,730
E01019566,1634,806,828
E01019568,1531,766,765
E01019527,1465,709,756
E01019529,1492,766,726
E01019530,1443,728,715
E01019531,1487,719,768
E01019553,1788,891,897
E01019541,1553,745,808
E01019542,1629,798,831
E01019543,1557,785,772
E01019544,1564,741,823
E01019571,1511,691,820
E01019532,1219,584,635
E01019533,1403,695,708
E01019534,1451,694,757
E01019535,1442,707,735
E01019536,1746,803,943
E01019549,1368,661,707
E01019550,1633,792,841
E01019551,1576,776,800
E01019552,1328,659,669
E01019567,1727,822,905
E01019537,1477,704,773
E01019569,1585,867,718
E01019570,1263,604,659
E01019580,1451,722,729
E01019581,1410,717,693
E01019557,1477,727,750
E01019558,1433,701,732
E01019559,1167,575,592
E01019560,1384,689,695
E01019561,1324,640,684
E01019562,1207,584,623
E01019539,1646,803,843
E01019540,1416,695,721
E01019555,1536,725,811
E01019590,1818,890,928
E01019591,1557,741,816
E01019538,1667,863,804
E01019554,1377,702,675
E01019556,1464,739,725
E01019579,1702,870,832
E01033387,1171,617,554
E01033388,1367,666,701
E01019586,1349,684,665
E01019587,1498,737,761
E01019588,1424,708,716
E01019589,1397,642,755
E01019592,1668,761,907
E01019593,1101,548,553
E01019545,1388,680,708
E01019546,1483,718,765
E01019547,1425,659,766
E01019548,2319,1118,1201
E01019582,1429,703,726
E01019583,1430,681,749
E01019585,2257,1173,1084
E01019575,1687,794,893
E01019576,1574,781,793
E01019577,1545,771,774
E01019578,1604,796,808
E01019602,1843,916,927
E01019614,1713,890,823
E01019615,2183,1001,1182
E01019631,1827,901,926
E01019600,1655,798,857
E01019604,1801,864,937
E01019606,1670,793,877
E01019618,1636,823,813
E01019599,1469,681,788
E01019601,1639,717,922
E01019613,1682,833,849
E01019617,1595,772,823
E01019608,1694,809,885
E01019610,1550,751,799
E01019630,1874,907,967
E01019609,2169,1051,1118
E01019621,1258,622,636
E01019622,1554,794,760
E01019624,1217,608,609
E01019627,1197,612,585
E01019628,1163,557,606
E01019619,1433,717,716
E01019620,1556,785,771
E01019623,1293,625,668
E01019625,1592,764,828
E01019626,1466,713,753
E01019632,1710,837,873
E01019633,1552,794,758
E01019634,1505,752,753
E01019635,1213,600,613
E01019636,1543,764,779
E01019595,2055,1016,1039
E01019605,1879,963,916
E01019611,1733,873,860
E01019616,1780,872,908
E01019594,1778,853,925
E01019596,1605,768,837
E01019597,1480,729,751
E01019598,1719,834,885
E01019603,1677,793,884
E01019607,1826,895,931
E01019612,2632,1590,1042
E01019629,1700,834,866
E01019644,1451,697,754
E01019646,1523,735,788
E01019663,1499,702,797
E01019664,1298,637,661
E01019665,1377,669,708
E01019657,1755,843,912
E01019660,1866,923,943
E01019661,1309,659,650
E01019662,1532,811,721
E01019672,1714,835,879
E01019690,1219,627,592
E01019670,1821,895,926
E01019671,1795,865,930
E01019701,2100,1027,1073
E01019673,1324,652,672
E01019702,1926,927,999
E01019703,1579,764,815
E01019704,1475,716,759
E01019658,1856,947,909
E01019659,1745,858,887
E01019674,1183,596,587
E01019688,1481,736,745
E01019689,1495,727,768
E01019666,1513,729,784
E01019667,1645,798,847
E01019668,1495,683,812
E01019669,1563,771,792
E01019656,1216,572,644
E01019691,1598,768,830
E01019692,1523,727,796
E01019693,1835,894,941
E01019694,1186,597,589
E01019696,1330,641,689
E01019683,1287,630,657
E01019684,1677,814,863
E01019685,1463,692,771
E01019686,1401,659,742
E01019687,1507,721,786
E01019648,1545,771,774
E01019649,1759,869,890
E01019650,1646,787,859
E01019651,1451,709,742
E01019695,1417,678,739
E01019641,1405,680,725
E01019652,1697,847,850
E01019653,1404,674,730
E01019707,1473,736,737
E01019708,1635,813,822
E01019647,1900,930,970
E01019675,1570,795,775
E01019679,1715,875,840
E01019682,1520,762,758
E01019642,1445,684,761
E01019643,1605,793,812
E01019654,1551,784,767
E01019655,1539,757,782
E01019676,1461,713,748
E01019677,1428,703,725
E01019678,1594,813,781
E01019680,1549,764,785
E01019681,1493,752,741
E01019698,1364,675,689
E01019697,1495,740,755
E01019699,1512,707,805
E01019700,2258,1094,1164
E01019705,1789,886,903
E01019706,1243,616,627
E01019709,1259,629,630
E01019638,1356,661,695
E01019639,1103,550,553
E01019640,1481,741,740
E01019645,1556,763,793
E01032614,1301,639,662
E01019733,1511,734,777
E01019752,1319,642,677
E01019753,1477,727,750
E01019763,2101,1036,1065
E01019728,1221,554,667
E01019729,1310,637,673
E01019730,2003,958,1045
E01019731,1305,648,657
E01019732,1486,736,750
E01019738,1364,656,708
E01019739,1615,780,835
E01019740,1192,624,568
E01019750,1256,577,679
E01019751,2240,1129,1111
E01019768,2199,1088,1111
E01019727,1731,848,883
E01019749,1252,622,630
E01019754,1781,864,917
E01019756,1828,927,901
E01019757,1340,634,706
E01019758,1559,786,773
E01019746,1587,810,777
E01019747,1180,575,605
E01019748,1462,751,711
E01019755,2006,1002,1004
E01019766,1443,716,727
E01019711,1322,667,655
E01019734,2056,1019,1037
E01019743,1376,658,718
E01019744,1467,702,765
E01019745,1096,543,553
E01019712,1474,737,737
E01019713,1124,531,593
E01019764,1593,788,805
E01019765,1790,897,893
E01019767,1629,813,816
E01019710,1945,969,976
E01019715,1535,746,789
E01019717,1375,693,682
E01019722,1859,910,949
E01019723,1826,852,974
E01019716,1278,645,633
E01019724,1221,610,611
E01019759,1506,726,780
E01019760,1461,721,740
E01019761,1606,775,831
E01019714,2540,1266,1274
E01019725,1406,695,711
E01019726,1339,679,660
E01019762,1789,865,924
E01019718,2238,1087,1151
E01019719,1555,752,803
E01019720,1457,727,730
E01019721,1148,570,578
E01019735,1531,751,780
E01019736,1181,582,599
E01019737,1168,558,610
E01019741,1113,587,526
E01019742,1120,592,528
E01019801,1096,560,536
E01019802,1363,662,701
E01019803,1280,621,659
E01019804,1333,675,658
E01019805,1382,677,705
E01019806,1492,719,773
E01019807,1499,738,761
E01019778,1697,838,859
E01019779,1587,771,816
E01019790,1952,981,971
E01019816,1750,852,898
E01019780,1433,679,754
E01019781,1428,667,761
E01019782,1281,611,670
E01019786,1520,736,784
E01019827,1876,943,933
E01019770,1891,928,963
E01019787,1774,861,913
E01019788,1661,809,852
E01019794,1416,700,716
E01019783,1259,622,637
E01019784,1257,611,646
E01019785,1292,659,633
E01019793,1441,691,750
E01019795,2215,1078,1137
E01019798,1401,682,719
E01019821,1376,655,721
E01019822,1582,775,807
E01019823,1118,543,575
E01019771,2131,1029,1102
E01019772,1545,788,757
E01019828,1412,681,731
E01019829,1437,707,730
E01019796,1111,535,576
E01019797,1338,661,677
E01019799,1965,981,984
E01019800,1767,890,877
E01019808,1593,757,836
E01019826,1417,715,702
E01019769,1905,937,968
E01019774,1567,758,809
E01019824,1175,581,594
E01019830,1261,618,643
E01019831,1375,664,711
E01019809,1135,564,571
E01019810,1434,717,717
E01019811,1564,769,795
E01019812,1783,892,891
E01019813,1704,835,869
E01019825,1400,683,717
E01019773,2378,1190,1188
E01019775,1762,865,897
E01019776,1366,679,687
E01019777,2381,1168,1213
E01019814,1720,824,896
E01019817,1211,581,630
E01019818,1541,735,806
E01019819,1423,725,698
E01019820,1417,698,719
E01019791,1760,833,927
E01019792,2031,977,1054
E01019815,2719,1388,1331
E01032586,1643,795,848
E01019839,1865,956,909
E01019845,1324,649,675
E01019846,1239,612,627
E01019866,2387,1118,1269
E01019840,1624,802,822
E01019841,1522,757,765
E01019847,1356,661,695
E01019848,2126,1066,1060
E01033532,1463,725,738
E01033533,1696,844,852
E01033534,1073,556,517
E01019873,1461,739,722
E01019874,1449,726,723
E01019875,1418,714,704
E01019881,1359,652,707
E01019882,1565,772,793
E01019832,1713,859,854
E01019833,1826,891,935
E01019834,1506,747,759
E01019835,1621,818,803
E01019867,1552,756,796
E01019868,1723,831,892
E01019869,1662,873,789
E01019880,1607,827,780
E01019843,1540,736,804
E01019853,1543,794,749
E01019854,1741,832,909
E01019855,1559,765,794
E01019844,1548,749,799
E01019856,1496,734,762
E01019857,1275,641,634
E01019858,1621,780,841
E01019859,1674,826,848
E01019860,1322,663,659
E01019861,1783,904,879
E01019862,1480,707,773
E01019863,1593,773,820
E01019864,1492,760,732
E01019865,1318,643,675
E01019876,1928,975,953
E01019877,1570,803,767
E01019878,1551,769,782
E01019879,1851,951,900
E01019850,1562,796,766
E01019851,1639,799,840
E01019852,1792,892,900
E01019870,1596,770,826
E01019871,1768,863,905
E01019872,1898,934,964
E01019837,1931,924,1007
E01019838,1669,839,830
E01033531,1596,827,769
E01033536,1648,834,814
E01033537,1685,823,862
E01019842,1712,854,858
E01019883,2845,1409,1436
E01019885,1701,853,848
E01033535,1547,790,757
E01025631,1212,596,616
E01025632,1457,726,731
E01025633,1718,830,888
E01025635,1253,606,647
E01025634,1488,715,773
E01025638,1442,696,746
E01025639,1244,584,660
E01025640,1572,735,837
E01025645,1145,569,576
E01025666,1466,702,764
E01025667,1180,564,616
E01025668,2359,1213,1146
E01025669,2101,1073,1028
E01025636,1341,657,684
E01025637,1310,656,654
E01025652,1345,651,694
E01025653,1568,787,781
E01025654,1270,620,650
E01025655,1571,783,788
E01025656,1339,665,674
E01025625,1229,573,656
E01025626,1254,616,638
E01025627,2209,1059,1150
E01025651,1622,830,792
E01025657,1861,902,959
E01025660,1678,825,853
E01025641,1766,881,885
E01025642,1941,939,1002
E01025643,1594,797,797
E01025649,1573,781,792
E01025650,1574,772,802
E01025610,1564,759,805
E01025611,1532,741,791
E01025612,1609,790,819
E01025658,2347,1423,924
E01025659,1792,847,945
E01025615,1602,796,806
E01025646,1665,776,889
E01025647,1586,759,827
E01025648,2060,1005,1055
E01025613,1410,670,740
E01025614,1749,846,903
E01025620,1097,518,579
E01025621,1051,537,514
E01025644,1418,678,740
E01025616,1642,816,826
E01025617,1696,830,866
E01025618,1666,795,871
E01025619,1643,797,846
E01025661,1764,864,900
E01025662,1535,757,778
E01025663,1436,704,732
E01025664,1226,611,615
E01025665,1500,735,765
E01025622,1653,817,836
E01025623,1550,791,759
E01025624,1798,890,908
E01025629,1508,733,775
E01025630,1714,861,853
E01032603,1420,679,741
E01025692,1996,986,1010
E01025693,1866,919,947
E01033386,2199,1109,1090
E01025699,1403,747,656
E01025700,1786,932,854
E01025701,1585,827,758
E01025703,2000,1061,939
E01025704,1443,744,699
E01025705,1372,679,693
E01025706,1689,853,836
E01025720,2088,1194,894
E01025721,1724,866,858
E01025722,1026,498,528
E01025723,2158,1211,947
E01025724,1570,846,724
E01025725,1316,642,674
E01025695,1492,783,709
E01025696,1402,706,696
E01025697,1358,649,709
E01025698,1577,798,779
E01025744,1913,977,936
E01025745,1430,691,739
E01025746,1804,860,944
E01025747,1839,892,947
E01025740,1499,760,739
E01025741,1543,763,780
E01025742,1636,797,839
E01025743,1841,883,958
E01025689,2598,1427,1171
E01025690,3889,2234,1655
E01025707,1795,1019,776
E01025709,2380,1360,1020
E01025760,1347,665,682
E01025761,1808,886,922
E01025768,1440,699,741
E01025769,1561,784,777
E01025702,1230,602,628
E01025715,1522,740,782
E01025716,1568,763,805
E01025717,2200,1074,1126
E01025718,1383,689,694
E01025719,1530,755,775
E01025708,1265,650,615
E01025710,1251,618,633
E01025711,1573,765,808
E01025712,1353,646,707
E01025713,1520,769,751
E01025714,2126,1043,1083
E01025674,1543,740,803
E01025675,1508,757,751
E01025676,2126,1015,1111
E01025677,1357,635,722
E01025732,1605,787,818
E01025733,1498,726,772
E01025734,1562,755,807
E01025735,1828,886,942
E01025748,2153,1066,1087
E01025749,1596,772,824
E01025750,1421,714,707
E01025751,2087,1033,1054
E01025726,1860,895,965
E01025727,1585,769,816
E01025728,1848,921,927
E01025729,1614,814,800
E01025737,1865,911,954
E01025739,1403,675,728
E01025685,1406,671,735
E01025686,1460,712,748
E01025730,1488,713,775
E01025731,1530,742,788
E01025687,1575,762,813
E01025688,1847,967,880
E01025736,1466,719,747
E01025738,1454,720,734
E01025756,1894,933,961
E01025757,1486,734,752
E01025758,1796,839,957
E01025759,1385,668,717
E01025752,1958,987,971
E01025753,1520,694,826
E01025754,1270,632,638
E01025755,1495,749,746
E01025679,2501,1181,1320
E01025680,1666,823,843
E01025681,1597,779,818
E01025682,1457,696,761
E01025678,1735,835,900
E01025683,1687,805,882
E01025684,1878,915,963
E01025762,1462,721,741
E01025763,1657,804,853
E01025764,1395,701,694
E01025765,1604,774,830
E01025766,2083,1019,1064
E01025767,1467,749,718
E01025670,1312,636,676
E01025671,1847,904,943
E01025672,1771,843,928
E01025673,1598,754,844
E01025770,1863,910,953
E01025809,2308,1122,1186
E01025815,2030,1021,1009
E01025781,1572,756,816
E01025782,1303,599,704
E01025783,1483,725,758
E01025785,2156,1030,1126
E01025786,1592,741,851
E01025787,1693,826,867
E01025772,2324,1151,1173
E01025773,1512,755,757
E01025774,1328,680,648
E01025775,1772,883,889
E01025776,2004,1008,996
E01025771,2557,1251,1306
E01025778,1953,961,992
E01025779,1609,809,800
E01025780,1332,667,665
E01025784,1382,677,705
E01025788,1212,589,623
E01025777,2200,1117,1083
E01025808,2587,1325,1262
E01025810,2348,1163,1185
E01025816,2281,1147,1134
E01025789,1737,1186,551
E01025794,1863,909,954
E01025797,1688,790,898
E01025802,1330,645,685
E01025803,1556,777,779
E01025805,1546,777,769
E01025795,1800,922,878
E01025796,1945,928,1017
E01025801,1269,614,655
E01025806,1518,714,804
E01025798,1764,852,912
E01025799,2137,1079,1058
E01025800,1154,553,601
E01025804,1939,943,996
E01025807,1402,668,734
E01025790,2328,1167,1161
E01025791,2227,1101,1126
E01025792,2297,1117,1180
E01025793,2501,1262,1239
E01025812,1729,813,916
E01025813,1604,796,808
E01025814,1524,759,765
E01032598,2123,1068,1055
E01025868,1482,735,747
E01025869,1478,702,776
E01025870,1516,715,801
E01025871,1205,609,596
E01025878,2605,1293,1312
E01025846,2029,992,1037
E01025847,1658,810,848
E01025848,1512,733,779
E01025845,1597,791,806
E01025877,1627,795,832
E01025879,1246,592,654
E01025880,1595,765,830
E01025819,1650,801,849
E01025820,1600,812,788
E01025837,2013,1017,996
E01025838,1479,705,774
E01025882,1631,789,842
E01025872,1494,745,749
E01025873,1564,772,792
E01025874,1552,762,790
E01025875,1518,727,791
E01025876,1881,919,962
E01025839,1647,824,823
E01025840,1513,745,768
E01025841,1700,841,859
E01025842,1835,886,949
E01025843,1613,787,826
E01025844,1739,866,873
E01025821,1697,834,863
E01025822,1424,682,742
E01025823,1551,778,773
E01025824,1489,719,770
E01025825,1454,719,735
E01025826,1407,702,705
E01025817,1965,983,982
E01025818,1490,765,725
E01025864,1591,810,781
E01025881,1373,681,692
E01025859,1386,672,714
E01025860,1429,717,712
E01025861,1687,844,843
E01025862,1451,702,749
E01025850,1428,707,721
E01025852,1683,903,780
E01025858,1852,951,901
E01025863,1646,785,861
E01025865,1766,880,886
E01025853,2790,1371,1419
E01025854,1749,886,863
E01025855,1410,692,718
E01025866,1592,775,817
E01025867,1531,756,775
E01025849,1633,818,815
E01025851,1297,647,650
E01025856,1307,619,688
E01025857,1453,726,727
E01025827,1408,657,751
E01025828,1420,694,726
E01025829,1442,688,754
E01025830,1436,694,742
E01025831,1292,634,658
E01025832,1585,812,773
E01025833,1608,765,843
E01025834,1497,731,766
E01025835,1585,754,831
E01025836,1295,617,678
E01025885,1831,896,935
E01025886,1756,842,914
E01025887,1803,885,918
E01025890,1265,646,619
E01025891,1312,641,671
E01025892,1649,799,850
E01025901,1720,826,894
E01025902,1622,787,835
E01025903,1750,876,874
E01025904,2026,984,1042
E01025906,1788,871,917
E01025883,1568,761,807
E01025884,1718,826,892
E01025888,1776,873,903
E01025909,1934,921,1013
E01025896,1624,813,811
E01025897,2037,975,1062
E01025898,1341,647,694
E01025899,1155,589,566
E01025900,1499,709,790
E01025905,1727,837,890
E01025893,2067,1031,1036
E01025894,1508,758,750
E01025895,1712,850,862
E01025907,1781,879,902
E01025908,1801,881,920
E01025889,1747,874,873
E01025910,1756,902,854
E01025911,1575,744,831
E01025912,1528,795,733
E01025924,1029,509,520
E01025925,2533,1295,1238
E01025926,1577,797,780
E01025927,1619,816,803
E01025928,1525,771,754
E01025923,1370,676,694
E01025944,1511,755,756
E01025945,1533,743,790
E01025946,1681,808,873
E01025915,1293,654,639
E01025916,1469,739,730
E01025917,2042,1035,1007
E01025918,1559,740,819
E01025960,1473,744,729
E01025961,1473,726,747
E01025962,1421,683,738
E01025965,1270,659,611
E01025955,1369,676,693
E01025956,1153,549,604
E01025963,1538,773,765
E01025964,1652,812,840
E01025914,1386,694,692
E01025919,1520,727,793
E01025920,1641,792,849
E01025921,1620,763,857
E01025966,1557,775,782
E01025967,1659,793,866
E01025968,1852,929,923
E01025969,1799,866,933
E01025950,1683,836,847
E01025951,1789,875,914
E01025952,1450,697,753
E01025953,1121,552,569
E01025954,1516,761,755
E01025932,1491,728,763
E01025933,1360,698,662
E01025934,1615,780,835
E01025935,1172,555,617
E01025936,1269,604,665
E01025929,2145,1073,1072
E01025930,1655,836,819
E01025931,1734,854,880
E01025957,1859,900,959
E01025937,1565,757,808
E01025958,1622,802,820
E01025959,2116,1053,1063
E01033102,1621,827,794
E01033103,1752,870,882
E01025913,2252,1183,1069
E01025947,1799,908,891
E01025948,1736,895,841
E01025949,1674,838,836
E01025938,1239,614,625
E01025939,1988,977,1011
E01025940,1957,986,971
E01025941,1512,764,748
E01025942,1782,895,887
E01025943,1870,918,952
E01025970,1414,674,740
E01025971,1248,588,660
E01025972,1291,608,683
E01025976,1359,652,707
E01025977,1351,644,707
E01025978,1515,720,795
E01025992,1569,684,885
E01025994,1536,768,768
E01025997,1477,682,795
E01025999,1426,705,721
E01026005,1766,823,943
E01025985,1312,631,681
E01025986,1479,712,767
E01025987,1488,731,757
E01025988,1567,748,819
E01025989,1644,790,854
E01025990,1352,640,712
E01025991,1475,728,747
E01025993,1503,722,781
E01025998,1772,871,901
E01026000,1321,660,661
E01026001,1379,688,691
E01025995,1495,738,757
E01026003,1622,774,848
E01026004,1731,856,875
E01032600,1954,939,1015
E01032601,1453,707,746
E01025973,2816,1396,1420
E01025974,2320,1145,1175
E01025975,1471,729,742
E01025979,1400,671,729
E01025980,1399,679,720
E01025981,1624,807,817
E01025982,1934,966,968
E01025983,1226,584,642
E01025984,1481,709,772
E01026007,1106,549,557
E01026008,1502,909,593
E01026009,1269,649,620
E01026023,1397,695,702
E01026024,2022,973,1049
E01026010,1478,702,776
E01026011,2990,1443,1547
E01026030,2200,1052,1148
E01026032,2031,1008,1023
E01026037,1322,638,684
E01026006,2558,1308,1250
E01026021,1763,851,912
E01026025,2182,1079,1103
E01026036,1628,813,815
E01026012,1150,540,610
E01026015,1460,714,746
E01026026,1954,912,1042
E01026027,1847,894,953
E01026028,1818,840,978
E01026016,2312,1153,1159
E01026033,1987,992,995
E01026034,1786,876,910
E01026017,1571,773,798
E01026018,1671,830,841
E01026019,2754,1290,1464
E01026020,2245,1088,1157
E01026041,1300,605,695
E01026013,1446,696,750
E01026014,1944,914,1030
E01026022,2104,994,1110
E01026038,1256,577,679
E01026040,1253,624,629
E01026029,2617,1278,1339
E01026031,1457,699,758
E01026035,2063,981,1082
E01026039,1194,597,597
E01026045,1831,900,931
E01026061,1201,595,606
E01026062,1227,598,629
E01026063,1263,634,629
E01026080,1933,935,998
E01026106,1194,563,631
E01026107,1255,621,634
E01026058,2181,1083,1098
E01026076,2194,1082,1112
E01026079,1963,965,998
E01026077,1133,544,589
E01026078,1141,556,585
E01026087,1183,552,631
E01026088,1347,633,714
E01026090,1345,630,715
E01026091,1080,517,563
E01026108,2404,1141,1263
E01026081,2350,1128,1222
E01026089,2005,948,1057
E01032986,1131,575,556
E01032987,1300,615,685
E01026072,1983,926,1057
E01026073,2005,973,1032
E01026074,2028,982,1046
E01026099,2066,1041,1025
E01026103,2087,971,1116
E01026104,2269,1055,1214
E01026109,2159,1063,1096
E01026071,2128,1060,1068
E01026082,2270,1113,1157
E01026121,2469,1195,1274
E01026042,1530,708,822
E01026043,1635,776,859
E01026044,1366,665,701
E01026113,2027,1025,1002
E01026117,1826,916,910
E01026060,1321,637,684
E01026068,2107,1043,1064
E01026070,1891,939,952
E01026105,2196,1084,1112
E01026048,1517,738,779
E01026049,1556,780,776
E01026050,1601,759,842
E01026069,2392,1199,1193
E01026064,1455,728,727
E01026065,1816,855,961
E01026066,1892,896,996
E01026067,1910,930,980
E01026084,1598,763,835
E01026085,2226,1039,1187
E01026115,1755,846,909
E01026116,1700,795,905
E01026046,1141,542,599
E01026047,1199,581,618
E01026055,1117,568,549
E01026059,1174,589,585
E01026100,1782,840,942
E01026101,1263,590,673
E01026092,1431,711,720
E01026093,1741,899,842
E01026095,1207,575,632
E01026114,1482,731,751
E01026083,1770,837,933
E01026094,1668,766,902
E01026096,1512,701,811
E01026097,1489,688,801
E01026051,1244,637,607
E01026052,1496,752,744
E01026053,2042,1004,1038
E01026054,2161,1245,916
E01026118,1687,826,861
E01026119,1164,570,594
E01026120,1447,679,768
E01026056,1171,595,576
E01026110,1439,704,735
E01026111,1563,775,788
E01026112,1190,564,626
E01026057,1920,966,954
E01026075,2123,1034,1089
E01026098,1979,981,998
E01026102,2357,1162,1195
E01026149,1631,783,848
E01026150,1464,713,751
E01026166,1219,570,649
E01026168,1422,658,764
E01026153,2471,1200,1271
E01026155,1611,773,838
E01026157,1353,635,718
E01026165,1376,638,738
E01026125,1564,1005,559
E01026144,1503,782,721
E01026147,2301,1140,1161
E01026148,1767,843,924
E01026151,1842,892,950
E01026164,1460,646,814
E01026167,1517,724,793
E01026122,1890,983,907
E01026123,2291,1107,1184
E01026124,1527,777,750
E01026126,1678,961,717
E01026152,1543,722,821
E01026154,1408,681,727
E01026156,1263,592,671
E01026132,2756,1289,1467
E01026143,2213,1062,1151
E01026145,1528,745,783
E01026146,1976,913,1063
E01026134,1533,752,781
E01026176,1672,853,819
E01026177,1884,934,950
E01026178,1670,873,797
E01026127,1386,677,709
E01026128,2646,1290,1356
E01026129,1771,828,943
E01026131,1389,673,716
E01026133,3431,1710,1721
E01026135,1657,837,820
E01026136,1434,705,729
E01026174,1396,678,718
E01026130,1328,648,680
E01026158,1468,693,775
E01026159,1491,695,796
E01026160,1352,642,710
E01026162,1485,728,757
E01026163,1362,706,656
E01026161,1382,661,721
E01026170,1449,687,762
E01026172,1423,708,715
E01026173,1562,772,790
E01026175,1823,912,911
E01026137,1225,594,631
E01026138,1479,737,742
E01026139,1180,556,624
E01026140,1260,604,656
E01026141,1490,714,776
E01026142,1269,632,637
E01026169,1628,761,867
E01026171,1442,679,763
E01026186,1556,757,799
E01026187,1932,958,974
E01026189,1754,837,917
E01026203,1769,863,906
E01026204,1665,830,835
E01026206,1892,914,978
E01026182,1425,692,733
E01026193,1439,723,716
E01026199,2310,1115,1195
E01026225,1606,794,812
E01026226,1859,894,965
E01032990,2346,1147,1199
E01032994,1295,627,668
E01026184,1872,1065,807
E01026185,1800,852,948
E01026188,2168,1038,1130
E01026190,1491,703,788
E01026237,1107,518,589
E01026238,1343,645,698
E01026191,1689,827,862
E01026205,1461,690,771
E01026211,1923,949,974
E01026212,1578,765,813
E01026213,1693,805,888
E01026192,1196,588,608
E01026194,1887,883,1004
E01026195,1930,942,988
E01026196,1514,731,783
E01026180,1464,737,727
E01026183,2559,1240,1319
E01026210,2261,1097,1164
E01026224,1721,821,900
E01026179,1331,711,620
E01026197,1372,681,691
E01026198,1455,790,665
E01026223,2089,1026,1063
E01026209,2110,1001,1109
E01026221,2324,1135,1189
E01026222,1827,880,947
E01026227,1392,678,714
E01026230,1231,609,622
E01026231,2629,1301,1328
E01026232,2218,1029,1189
E01026235,1594,757,837
E01026228,1489,729,760
E01026229,1543,762,781
E01026233,1717,811,906
E01026234,2700,1307,1393
E01026236,1158,566,592
E01026200,1566,776,790
E01026201,2000,979,1021
E01026202,1787,865,922
E01026207,1216,623,593
E01026208,1629,793,836
E01026220,2293,1107,1186
E01032988,1389,677,712
E01032989,1358,662,696
E01032993,1433,697,736
E01026214,1157,551,606
E01026215,1103,509,594
E01026218,1150,563,587
E01026219,1221,607,614
E01032991,1433,705,728
E01032992,1347,669,678
E01026242,1470,733,737
E01026243,1335,625,710
E01026244,1339,653,686
E01026247,1927,926,1001
E01026276,2369,1189,1180
E01026246,2351,1176,1175
E01026248,2270,1119,1151
E01026257,1886,899,987
E01026250,1788,854,934
E01026251,1817,878,939
E01026252,1741,822,919
E01026253,1764,874,890
E01026281,1317,653,664
E01026282,1737,842,895
E01026283,1726,864,862
E01026285,1439,696,743
E01026286,1273,648,625
E01026241,1961,1001,960
E01026258,1751,864,887
E01026259,1712,831,881
E01026260,1992,970,1022
E01026266,2002,993,1009
E01026273,1688,827,861
E01026274,1932,930,1002
E01026275,2008,973,1035
E01032995,1391,676,715
E01032996,1358,668,690
E01026268,1971,935,1036
E01026269,2190,1048,1142
E01026270,1902,941,961
E01026271,1779,871,908
E01026272,1238,614,624
E01026254,1776,855,921
E01026255,1972,947,1025
E01026256,1626,777,849
E01026277,1663,829,834
E01026278,1407,695,712
E01026279,1384,675,709
E01026262,1539,742,797
E01026263,1994,955,1039
E01026264,1546,750,796
E01026265,1362,661,701
E01026267,2822,1371,1451
E01026245,2136,1020,1116
E01026249,1871,928,943
E01026280,2539,1269,1270
E01026239,1792,853,939
E01026240,2419,1222,1197
E01026284,1998,977,1021
E01026313,1536,747,789
E01026314,1294,630,664
E01026329,1887,918,969
E01026333,2522,1233,1289
E01026291,1952,954,998
E01026340,2200,1070,1130
E01026355,2383,1132,1251
E01026365,2309,1133,1176
E01026325,1515,723,792
E01026326,1542,741,801
E01026327,1336,625,711
E01026328,1459,664,795
E01026352,1260,620,640
E01026353,1605,732,873
E01026354,1191,579,612
E01026320,1783,848,935
E01026321,1306,623,683
E01026322,1104,537,567
E01026323,1842,904,938
E01026324,2242,1100,1142
E01026308,1484,732,752
E01026309,1567,755,812
E01026310,1235,611,624
E01026311,1637,778,859
E01026312,1409,662,747
E01026317,2062,1020,1042
E01026318,1926,930,996
E01026319,2088,1027,1061
E01026343,1808,898,910
E01026344,1503,752,751
E01026345,1576,751,825
E01026292,1422,708,714
E01026293,2057,1027,1030
E01026294,1654,820,834
E01026316,2417,1176,1241
E01026332,2224,1085,1139
E01026290,2258,1114,1144
E01026341,1479,706,773
E01026342,1459,727,732
E01026361,2633,1241,1392
E01026315,2084,1016,1068
E01026331,2424,1226,1198
E01026338,1237,618,619
E01026339,1207,583,624
E01026299,1694,798,896
E01026300,1516,754,762
E01026301,1631,762,869
E01026302,1214,606,608
E01026296,1549,765,784
E01026297,1347,635,712
E01026298,1816,859,957
E01032997,1231,577,654
E01032998,1289,628,661
E01032999,1169,531,638
E01026330,2235,1091,1144
E01026360,2153,1100,1053
E01026362,1758,882,876
E01026363,1322,625,697
E01026364,1731,831,900
E01026334,1586,767,819
E01026335,1555,717,838
E01026336,1588,790,798
E01026337,1534,754,780
E01026303,1393,671,722
E01026304,1454,721,733
E01026305,1373,655,718
E01026306,1543,698,845
E01026307,1288,626,662
E01026287,1448,720,728
E01026288,1632,755,877
E01026289,2033,989,1044
E01026346,1183,572,611
E01026347,1657,719,938
E01026348,1179,579,600
E01026349,1564,704,860
E01026350,1621,724,897
E01026351,1475,739,736
E01026356,1463,719,744
E01026357,1426,686,740
E01026358,1421,668,753
E01026359,1599,763,836
E01026367,1641,821,820
E01026368,1593,772,821
E01026387,2664,1322,1342
E01026416,1306,638,668
E01032683,2221,1082,1139
E01026380,1832,899,933
E01026401,1578,760,818
E01026402,1825,900,925
E01026403,1361,669,692
E01026407,1383,669,714
E01026408,1325,632,693
E01026389,1681,832,849
E01026390,1815,900,915
E01026391,1921,933,988
E01026392,2978,1438,1540
E01026415,1057,528,529
E01026378,1702,817,885
E01026379,1643,802,841
E01026381,1683,796,887
E01026382,1665,822,843
E01026383,1185,649,536
E01026384,1767,859,908
E01026385,1154,572,582
E01026386,1373,694,679
E01026399,1477,734,743
E01026411,2452,1233,1219
E01026374,1449,707,742
E01026375,1585,745,840
E01026376,1802,832,970
E01026377,2195,1070,1125
E01026388,2140,1013,1127
E01026404,2222,1091,1131
E01026409,1168,598,570
E01026410,1622,780,842
E01026372,2464,1207,1257
E01026412,1670,787,883
E01026413,2248,1082,1166
E01026414,1686,818,868
E01026396,1229,574,655
E01026397,2358,1183,1175
E01026398,1489,727,762
E01026400,1719,866,853
E01026393,1428,675,753
E01026394,1865,889,976
E01026395,1417,657,760
E01026405,1380,661,719
E01026406,1268,610,658
E01026366,2057,972,1085
E01026369,1096,506,590
E01026370,2092,1014,1078
E01026371,1233,619,614
E01026373,2086,1035,1051
E01026971,1727,861,866
E01026979,1398,691,707
E01026980,1579,765,814
E01026982,1972,933,1039
E01026969,1644,793,851
E01026970,1704,851,853
E01026972,1828,869,959
E01026976,1347,669,678
E01026981,1203,606,597
E01026983,1107,569,538
E01026957,1542,792,750
E01026958,1813,918,895
E01026977,1909,931,978
E01026978,1442,731,711
E01026962,1391,657,734
E01026973,1422,691,731
E01026974,1139,557,582
E01026975,1356,645,711
E01026984,1715,840,875
E01026985,1484,728,756
E01026949,1300,672,628
E01026950,1550,764,786
E01026951,1270,617,653
E01026952,1179,579,600
E01026959,1415,674,741
E01026960,1506,735,771
E01026961,1292,656,636
E01026965,1034,506,528
E01026966,1393,689,704
E01026967,1724,846,878
E01026968,1374,640,734
E01026953,1345,678,667
E01026954,1367,662,705
E01026955,1453,725,728
E01026956,1947,949,998
E01026963,1326,630,696
E01032963,1579,788,791
E01032964,1721,867,854
E01032965,1371,698,673
E01032966,1703,843,860
E01032967,1684,832,852
E01027005,2100,1046,1054
E01027026,1969,977,992
E01027030,1775,895,880
E01027000,1505,699,806
E01027001,1523,773,750
E01027002,1721,891,830
E01027003,1435,715,720
E01027022,1796,884,912
E01026994,1009,488,521
E01026999,1759,862,897
E01027006,1886,959,927
E01032968,3304,2171,1133
E01026998,1749,862,887
E01027015,1269,617,652
E01027016,1513,771,742
E01027021,1844,912,932
E01027027,2410,1148,1262
E01026997,1783,825,958
E01027018,1464,721,743
E01027019,1521,734,787
E01027020,1210,572,638
E01027023,2047,1009,1038
E01026987,1201,595,606
E01026989,1451,725,726
E01026990,2629,1325,1304
E01027012,1747,866,881
E01027014,2214,1067,1147
E01026986,2898,1449,1449
E01026988,1572,755,817
E01026991,1569,760,809
E01026992,1906,931,975
E01027010,1177,598,579
E01027007,1409,680,729
E01027008,1948,977,971
E01027009,1496,741,755
E01027013,1809,879,930
E01027011,1899,925,974
E01027017,1451,719,732
E01027024,1721,856,865
E01027025,1640,791,849
E01026993,1952,960,992
E01027004,1853,910,943
E01027028,2129,1064,1065
E01027029,1580,795,785
E01027033,1810,893,917
E01027043,1981,977,1004
E01027050,1912,970,942
E01027031,2123,1046,1077
E01027044,2059,1049,1010
E01027046,1296,621,675
E01027047,1286,653,633
E01027048,2158,1116,1042
E01027049,995,472,523
E01027032,1869,932,937
E01027045,1898,949,949
E01027075,2101,1049,1052
E01027076,2157,1052,1105
E01027077,1981,1001,980
E01027057,1743,876,867
E01027074,2183,1072,1111
E01027078,2116,1062,1054
E01027051,1755,870,885
E01027052,1422,713,709
E01027053,1525,766,759
E01027054,1243,624,619
E01027055,1139,570,569
E01027056,1557,760,797
E01027038,1622,811,811
E01027039,1805,884,921
E01027040,1617,823,794
E01027041,1617,787,830
E01027042,1874,946,928
E01027034,1652,752,900
E01027035,1386,680,706
E01027037,2205,1111,1094
E01033244,2397,1227,1170
E01033245,1009,502,507
E01027061,1777,854,923
E01027062,2245,1065,1180
E01027063,1820,918,902
E01027064,1612,811,801
E01027072,1649,798,851
E01027073,2033,968,1065
E01027058,1498,742,756
E01027059,1732,882,850
E01027060,1778,876,902
E01027065,1753,870,883
E01027069,1541,757,784
E01027066,2218,1095,1123
E01027067,1584,765,819
E01027068,2907,1441,1466
E01027070,1641,842,799
E01027071,1484,758,726
E01027090,1462,726,736
E01027103,1629,784,845
E01027129,2185,1076,1109
E01027094,1552,752,800
E01027095,1451,741,710
E01027107,1269,627,642
E01027108,1313,639,674
E01027109,1268,630,638
E01032969,1287,627,660
E01032970,1482,710,772
E01032971,1075,525,550
E01027123,1595,762,833
E01027124,2182,1060,1122
E01027125,1807,910,897
E01027126,2110,1020,1090
E01027079,1755,843,912
E01027080,1962,975,987
E01027087,1180,584,596
E01027088,1288,641,647
E01027089,2081,993,1088
E01027081,1450,689,761
E01027082,1593,803,790
E01027083,1415,716,699
E01027127,1869,902,967
E01027128,1720,865,855
E01027105,2103,1111,992
E01027106,1935,1013,922
E01027111,2097,1046,1051
E01027112,2116,1072,1044
E01027104,2335,1162,1173
E01027110,1731,817,914
E01027113,2172,1038,1134
E01027115,1175,566,609
E01027116,2178,1112,1066
E01027117,1401,686,715
E01027096,1192,571,621
E01027097,1367,674,693
E01027098,1218,588,630
E01027099,1464,673,791
E01027122,1182,594,588
E01027100,1600,773,827
E01027114,1595,788,807
E01027130,1825,921,904
E01027131,2012,984,1028
E01027084,1462,733,729
E01027085,1287,609,678
E01027086,1669,806,863
E01027120,1342,676,666
E01027121,1455,746,709
E01027091,1867,898,969
E01027092,1502,721,781
E01027101,2422,1160,1262
E01027102,1658,807,851
E01027119,1708,819,889
E01032972,1439,713,726
E01032973,1699,821,878
E01032974,1287,598,689
E01027145,1402,686,716
E01027148,1453,717,736
E01027149,1457,732,725
E01027232,2540,1126,1414
E01027218,1563,746,817
E01027219,1703,795,908
E01027221,1744,840,904
E01027222,1267,643,624
E01027143,1295,637,658
E01027144,1504,725,779
E01027146,1495,721,774
E01027147,1671,819,852
E01027195,1575,802,773
E01027245,1619,799,820
E01027247,1565,757,808
E01027248,1534,697,837
E01027249,1826,906,920
E01027174,1317,660,657
E01027175,1539,726,813
E01027178,2047,962,1085
E01027200,1466,691,775
E01027246,1854,861,993
E01027171,1438,649,789
E01027172,1579,762,817
E01027182,1428,676,752
E01027183,1366,677,689
E01027196,1538,729,809
E01027197,1402,676,726
E01027198,1561,783,778
E01027199,1400,666,734
E01027190,1531,709,822
E01027191,1781,923,858
E01027193,1434,699,735
E01027194,1347,663,684
E01027192,1388,676,712
E01027229,1565,739,826
E01027230,1542,716,826
E01027231,1791,861,930
E01027179,1867,912,955
E01027180,1542,739,803
E01027181,1654,790,864
E01027140,1242,587,655
E01027142,1367,661,706
E01027176,1508,734,774
E01027177,1543,716,827
E01027168,1668,825,843
E01027169,1644,833,811
E01027170,1558,746,812
E01027173,1611,788,823
E01027136,1843,901,942
E01027186,1760,913,847
E01027188,1809,848,961
E01027220,1320,646,674
E01027208,1465,724,741
E01027209,1195,580,615
E01027211,1380,662,718
E01027212,1408,690,718
E01027184,1561,749,812
E01027185,1500,698,802
E01027187,1325,689,636
E01027189,1621,805,816
E01027137,1369,647,722
E01027138,1488,706,782
E01027139,1484,773,711
E01027141,1456,700,756
E01027259,1568,770,798
E01027239,1687,815,872
E01027241,1741,884,857
E01027242,1575,746,829
E01027243,1546,715,831
E01027244,1624,774,850
E01027213,1541,770,771
E01027214,1545,733,812
E01027216,1614,800,814
E01027240,1329,598,731
E01027207,1373,694,679
E01027210,1141,546,595
E01027215,1461,707,754
E01027217,2133,1010,1123
E01027255,1347,662,685
E01027256,1493,708,785
E01027258,1431,749,682
E01027260,1422,706,716
E01027152,1738,894,844
E01027153,2007,1095,912
E01027154,1757,910,847
E01032978,1375,737,638
E01032979,1300,711,589
E01027132,2023,1017,1006
E01027133,1708,882,826
E01027134,1766,874,892
E01027135,1788,934,854
E01027155,2191,1195,996
E01027225,1653,868,785
E01027227,1577,821,756
E01027228,1906,975,931
E01027151,1623,864,759
E01027236,1583,743,840
E01027237,2012,957,1055
E01027238,1948,1001,947
E01027223,1983,1054,929
E01027224,1724,899,825
E01027226,1777,883,894
E01027257,1567,839,728
E01027233,1324,615,709
E01027234,1400,673,727
E01027235,1462,667,795
E01027252,1547,719,828
E01027156,1257,605,652
E01027159,1273,638,635
E01027160,1826,922,904
E01027161,1557,729,828
E01027158,1464,734,730
E01027201,2083,1004,1079
E01027202,1554,770,784
E01032980,1437,763,674
E01032981,1515,765,750
E01027250,1371,679,692
E01027253,1829,898,931
E01027254,1766,864,902
E01032975,1720,868,852
E01032976,1251,575,676
E01032977,1780,872,908
E01027162,1556,782,774
E01027163,1407,699,708
E01027164,1513,748,765
E01027165,1333,674,659
E01027166,1613,798,815
E01027167,1406,666,740
E01027203,1619,767,852
E01027204,1708,823,885
E01027205,2259,1136,1123
E01027206,2947,1461,1486
E01027282,1634,796,838
E01027283,1602,776,826
E01027285,1709,841,868
E01027286,1546,765,781
E01027287,1637,776,861
E01027273,1753,844,909
E01027274,1574,780,794
E01027275,1436,718,718
E01027308,1595,771,824
E01027263,1785,866,919
E01027279,1643,780,863
E01027284,1996,1004,992
E01027294,1875,944,931
E01032982,1277,625,652
E01032983,1527,763,764
E01032984,1600,805,795
E01032985,1552,758,794
E01027262,1609,805,804
E01027277,1833,919,914
E01027289,1675,816,859
E01027300,1406,703,703
E01027303,1461,745,716
E01027297,1681,846,835
E01027298,1302,662,640
E01027299,1488,719,769
E01027301,2155,1072,1083
E01027302,1440,687,753
E01027291,1484,712,772
E01027292,1149,571,578
E01027293,1199,567,632
E01027304,1743,886,857
E01027305,1886,903,983
E01027261,2028,991,1037
E01027295,2176,1109,1067
E01027306,1716,839,877
E01027276,2517,1280,1237
E01027280,2416,1180,1236
E01027281,1696,842,854
E01027307,2042,1034,1008
E01027265,1481,714,767
E01027266,1355,673,682
E01027270,1656,821,835
E01027271,1568,774,794
E01027272,1581,791,790
E01027264,1466,714,752
E01027267,1183,586,597
E01027268,1265,647,618
E01027269,1463,756,707
E01027288,2116,1020,1096
E01027290,2214,1103,1111
E01027296,1998,999,999
E01027326,1485,746,739
E01027327,1480,742,738
E01027328,1344,665,679
E01027338,2263,1118,1145
E01027330,1667,795,872
E01027331,1392,677,715
E01027332,1496,723,773
E01027333,2342,1176,1166
E01027334,1375,649,726
E01027343,1480,726,754
E01027344,1379,660,719
E01027345,1371,691,680
E01027346,1477,756,721
E01027347,1940,948,992
E01027313,1634,803,831
E01027314,1931,1006,925
E01027315,2255,1141,1114
E01027316,1501,750,751
E01027339,1347,635,712
E01027340,1484,697,787
E01027341,1530,737,793
E01027342,1457,685,772
E01027349,1583,825,758
E01027350,1453,715,738
E01027351,1561,756,805
E01027352,1450,709,741
E01027309,1497,720,777
E01027310,1505,708,797
E01027311,1323,627,696
E01027312,1418,668,750
E01027317,1509,694,815
E01027318,1487,709,778
E01027319,1530,758,772
E01027320,2137,1173,964
E01027321,1576,787,789
E01027322,1161,572,589
E01027323,1482,721,761
E01027324,1186,580,606
E01027325,1558,745,813
E01027329,1747,877,870
E01027353,1731,847,884
E01027335,1474,741,733
E01027336,1481,708,773
E01027337,1790,892,898
E01027348,2052,1012,1040
E01027354,2378,1173,1205
E01027355,1657,833,824
E01027979,1516,711,805
E01027980,1555,760,795
E01027981,1560,788,772
E01027983,1515,757,758
E01027970,1406,694,712
E01027971,1387,709,678
E01027982,1441,702,739
E01027984,1494,740,754
E01027966,1406,683,723
E01027986,1338,683,655
E01027987,1813,870,943
E01027990,1831,897,934
E01027967,1668,858,810
E01027972,2239,1083,1156
E01027977,1930,957,973
E01027978,1838,942,896
E01027985,1856,909,947
E01027964,1547,728,819
E01027965,1445,638,807
E01027968,1248,587,661
E01027974,1670,830,840
E01027976,1608,778,830
E01027969,1405,698,707
E01027975,1663,819,844
E01027988,1588,775,813
E01027989,1598,798,800
E01027991,1253,643,610
E01027992,2220,1105,1115
E01027949,1559,722,837
E01027951,1595,767,828
E01027953,1496,742,754
E01027954,1647,825,822
E01027973,1715,866,849
E01027952,1875,941,934
E01027955,1265,634,631
E01027956,1500,707,793
E01027958,1432,700,732
E01027947,1683,813,870
E01027948,1867,913,954
E01027950,1999,999,1000
E01027957,1263,626,637
E01027959,1491,756,735
E01027995,1574,766,808
E01027996,2037,1020,1017
E01027997,1664,824,840
E01027998,1834,890,944
E01027960,1649,811,838
E01027961,1849,928,921
E01027962,1498,746,752
E01027963,1757,844,913
E01027945,1707,835,872
E01027946,1451,717,734
E01027993,1526,749,777
E01027994,1427,686,741
E01027929,2416,1152,1264
E01027931,2015,1012,1003
E01027934,1379,693,686
E01027935,1275,629,646
E01027936,1485,690,795
E01027927,2055,992,1063
E01027928,1878,878,1000
E01027932,2164,1077,1087
E01027933,1479,725,754
E01027937,1348,648,700
E01027925,1862,926,936
E01027938,1325,666,659
E01027940,1329,662,667
E01027943,1380,662,718
E01027944,1531,738,793
E01027926,1450,715,735
E01027930,1561,790,771
E01027939,1516,710,806
E01027941,1298,648,650
E01027942,1353,683,670
E01028000,2232,1119,1113
E01028024,1839,893,946
E01028025,1510,727,783
E01028026,1530,757,773
E01028027,1480,711,769
E01028028,1589,795,794
E01027999,2285,1138,1147
E01028005,1892,944,948
E01028031,1093,555,538
E01028032,1374,681,693
E01028035,2289,1113,1176
E01028023,2283,1142,1141
E01028034,2417,1181,1236
E01028036,3109,2061,1048
E01028001,1292,600,692
E01028002,1422,690,732
E01028003,1380,673,707
E01028004,1529,713,816
E01028029,1176,581,595
E01028030,1296,652,644
E01028013,1823,847,976
E01028014,1512,733,779
E01028015,1491,755,736
E01028016,1336,640,696
E01028046,1557,758,799
E01028047,2209,1121,1088
E01028048,1663,824,839
E01028049,1714,830,884
E01028050,1907,966,941
E01028008,1396,619,777
E01028009,1399,715,684
E01028010,1371,685,686
E01028011,1592,789,803
E01028012,1357,653,704
E01028022,1507,751,756
E01028055,1514,755,759
E01028056,1251,608,643
E01028058,1816,896,920
E01028059,1822,918,904
E01028017,1300,653,647
E01028018,1470,716,754
E01028019,1445,710,735
E01028020,1843,930,913
E01028021,1508,721,787
E01028057,1250,627,623
E01028065,1732,793,939
E01028066,1702,855,847
E01028068,1807,881,926
E01028060,1697,840,857
E01028061,1487,726,761
E01028062,1937,910,1027
E01028067,1513,744,769
E01028040,1020,498,522
E01028041,1072,514,558
E01028043,1450,691,759
E01028063,1779,895,884
E01028064,1478,768,710
E01028006,1371,738,633
E01028007,1114,553,561
E01028033,2296,1250,1046
E01028037,1661,830,831
E01028038,1450,708,742
E01028039,1163,570,593
E01028042,1436,726,710
E01028044,1526,732,794
E01028045,1913,925,988
E01028051,1524,689,835
E01028052,1664,789,875
E01028053,1514,719,795
E01028054,1487,734,753
E01028092,1321,630,691
E01028093,1006,499,507
E01028107,1565,808,757
E01028108,1485,729,756
E01028114,1515,721,794
E01028110,1461,725,736
E01028111,1428,683,745
E01028112,1547,768,779
E01028113,1491,732,759
E01028109,1697,849,848
E01028115,1501,719,782
E01028116,1559,781,778
E01028117,1534,786,748
E01028118,1639,800,839
E01028102,1370,666,704
E01028103,1147,573,574
E01028104,1446,709,737
E01028122,1584,752,832
E01028123,1901,926,975
E01028124,1528,762,766
E01028087,1598,794,804
E01028088,1472,726,746
E01028089,1341,675,666
E01028090,1382,661,721
E01028091,1477,732,745
E01028125,1632,805,827
E01028126,1444,689,755
E01028127,1696,848,848
E01028134,1466,708,758
E01028076,1239,610,629
E01028077,1456,732,724
E01028078,1593,802,791
E01028079,1365,695,670
E01028084,1797,880,917
E01028128,1742,866,876
E01028129,1499,711,788
E01028130,1757,891,866
E01028131,1491,742,749
E01028132,1057,507,550
E01028133,1457,718,739
E01028073,1528,745,783
E01028074,1610,844,766
E01028075,1661,849,812
E01028085,2025,1040,985
E01028086,1515,719,796
E01028080,1786,905,881
E01028081,1168,584,584
E01028082,1257,631,626
E01028083,1305,666,639
E01028097,1446,719,727
E01028098,1759,860,899
E01028099,1508,802,706
E01028100,1683,792,891
E01028101,1427,670,757
E01028069,1183,591,592
E01028070,1145,564,581
E01028094,1772,841,931
E01028095,1452,734,718
E01028096,1817,885,932
E01028135,1403,673,730
E01028136,1714,843,871
E01028137,2473,1205,1268
E01028138,1205,569,636
E01028139,1443,721,722
E01028105,1238,606,632
E01028106,1458,721,737
E01028119,2175,1114,1061
E01028120,1589,792,797
E01028121,1474,739,735
E01033412,2378,1158,1220
E01033413,2204,1126,1078
E01028189,2300,1155,1145
E01028198,1397,669,728
E01028199,1457,704,753
E01028200,1616,785,831
E01028201,1159,579,580
E01028150,1355,643,712
E01028151,1166,556,610
E01028152,1538,729,809
E01028153,1295,604,691
E01028154,1722,840,882
E01028213,1872,968,904
E01028143,1293,624,669
E01028205,1266,615,651
E01028206,1462,716,746
E01028207,1320,617,703
E01028208,1110,528,582
E01028173,1033,449,584
E01028174,1562,749,813
E01028175,1798,864,934
E01028209,1444,688,756
E01028144,1579,728,851
E01028165,1473,706,767
E01028166,1705,834,871
E01028167,1836,917,919
E01028179,1451,700,751
E01028180,1474,719,755
E01028181,1362,640,722
E01028182,1593,797,796
E01028183,1252,587,665
E01028148,1990,968,1022
E01028149,1623,776,847
E01028178,2164,1058,1106
E01028176,1542,751,791
E01028177,1552,722,830
E01028214,1464,723,741
E01028215,1347,660,687
E01028216,1290,632,658
E01028217,1337,649,688
E01028218,1502,745,757
E01028193,1354,645,709
E01028194,1488,733,755
E01028195,1396,678,718
E01028196,1428,705,723
E01028197,1379,703,676
E01028204,1339,675,664
E01028172,1142,557,585
E01028190,1594,777,817
E01028202,1456,711,745
E01028203,1391,686,705
E01028212,1626,781,845
E01028168,1321,649,672
E01028169,1456,698,758
E01028170,1438,700,738
E01028171,1460,702,758
E01028191,1824,929,895
E01028192,1556,779,777
E01028160,1519,746,773
E01028161,1496,724,772
E01028162,1496,754,742
E01028163,1482,764,718
E01028211,1372,692,680
E01028155,1414,715,699
E01028156,1308,682,626
E01028157,1299,662,637
E01028158,1559,769,790
E01028159,1301,612,689
E01028164,1285,639,646
E01028210,1382,650,732
E01028184,1166,570,596
E01028185,1852,892,960
E01028186,1515,756,759
E01028187,1420,671,749
E01028188,1445,706,739
E01028142,1969,956,1013
E01028146,1503,738,765
E01028147,1057,479,578
E01032622,1354,669,685
E01028224,1466,710,756
E01028257,1625,799,826
E01028258,1651,825,826
E01028259,1495,737,758
E01028223,1035,507,528
E01028225,1581,775,806
E01028226,1484,700,784
E01028260,1662,826,836
E01028251,1645,828,817
E01028252,1944,950,994
E01028253,1684,828,856
E01028277,1207,593,614
E01028278,1411,694,717
E01028271,1669,852,817
E01028279,1382,684,698
E01028280,1340,664,676
E01028281,1474,695,779
E01028283,1853,926,927
E01028242,1504,775,729
E01028250,1471,716,755
E01028272,1666,811,855
E01028273,1483,731,752
E01028229,1442,704,738
E01028232,1513,738,775
E01028267,1947,944,1003
E01028282,1140,526,614
E01033392,2240,1099,1141
E01028237,1561,754,807
E01028238,1584,789,795
E01028239,1598,759,839
E01028240,1479,740,739
E01028241,2283,1097,1186
E01028243,1843,863,980
E01028227,1365,654,711
E01028228,1189,572,617
E01028247,1683,882,801
E01028268,1758,926,832
E01028269,1451,720,731
E01028284,1664,827,837
E01028233,1883,917,966
E01028234,1726,796,930
E01028274,1400,731,669
E01028275,1604,782,822
E01028276,1558,783,775
E01028230,1432,705,727
E01028231,1430,644,786
E01028244,1486,735,751
E01028245,1312,635,677
E01028246,1684,848,836
E01028248,1476,710,766
E01028249,1354,651,703
E01028235,1572,789,783
E01028236,1724,857,867
E01028262,1496,746,750
E01028264,1911,942,969
E01028254,1378,686,692
E01028256,1606,828,778
E01028261,1732,852,880
E01028263,1607,783,824
E01028219,1389,667,722
E01028220,1791,912,879
E01028222,1562,738,824
E01028255,1316,643,673
E01028270,1509,721,788
E01033389,1329,642,687
E01033390,1548,764,784
E01033391,1179,581,598
E01028301,1928,963,965
E01028302,1583,777,806
E01028338,1599,751,848
E01028339,1795,896,899
E01028340,1501,723,778
E01028341,1617,810,807
E01028313,1991,948,1043
E01028314,2674,1307,1367
E01028321,1574,759,815
E01028322,1964,955,1009
E01028323,1650,817,833
E01028303,1527,775,752
E01028312,2255,1114,1141
E01028337,1529,747,782
E01028349,1504,729,775
E01028350,1171,581,590
E01028315,1448,714,734
E01028316,1484,715,769
E01028317,1639,830,809
E01028353,2771,1353,1418
E01028295,2005,1024,981
E01028297,1934,959,975
E01028327,1599,792,807
E01028328,1700,828,872
E01028329,1688,820,868
E01028296,1330,681,649
E01028298,1598,769,829
E01028299,1281,650,631
E01028300,1578,759,819
E01028342,1508,729,779
E01028343,2057,976,1081
E01028344,1420,698,722
E01028294,1731,861,870
E01028304,1466,753,713
E01028305,1374,671,703
E01028306,1614,807,807
E01028307,1264,627,637
E01028310,1683,883,800
E01028311,1515,763,752
E01028345,2153,988,1165
E01028346,2133,1036,1097
E01028347,1534,748,786
E01028348,1477,646,831
E01028292,2324,1131,1193
E01028293,1906,926,980
E01028333,1344,644,700
E01028334,1583,764,819
E01028335,1715,855,860
E01028308,1608,758,850
E01028309,1402,715,687
E01028318,1568,737,831
E01028319,1919,902,1017
E01028320,1684,783,901
E01028285,1226,597,629
E01028286,1250,619,631
E01028287,1450,688,762
E01028288,1501,712,789
E01028289,1326,672,654
E01028290,1455,698,757
E01028291,1549,749,800
E01028325,1205,603,602
E01028326,1274,626,648
E01028336,1122,552,570
E01028352,1214,599,615
E01033393,2190,1112,1078
E01033394,1278,598,680
E01028330,1630,789,841
E01028331,2251,1527,724
E01028332,1733,855,878
E01028351,1264,613,651
E01028371,2768,1764,1004
E01028403,2190,1042,1148
E01028411,2077,1043,1034
E01028357,1488,737,751
E01028358,1329,633,696
E01028359,1696,812,884
E01028360,1799,880,919
E01028361,1404,672,732
E01028362,1415,684,731
E01028393,1137,553,584
E01028394,1491,681,810
E01028395,1440,719,721
E01028413,1669,773,896
E01028414,1582,763,819
E01028415,1559,780,779
E01028354,1555,783,772
E01028355,1516,739,777
E01028384,1728,867,861
E01028385,1751,890,861
E01028386,1642,841,801
E01028396,1537,744,793
E01028398,1440,694,746
E01028399,1378,681,697
E01028416,1565,832,733
E01028417,1565,807,758
E01028418,1506,768,738
E01028356,1493,714,779
E01028375,1798,874,924
E01028376,1584,779,805
E01028377,1955,961,994
E01028397,1743,850,893
E01028363,1489,757,732
E01028364,1787,867,920
E01028365,1658,842,816
E01028391,1965,948,1017
E01028392,1947,869,1078
E01028372,1188,574,614
E01028373,1404,697,707
E01028374,1316,603,713
E01028400,1612,823,789
E01028401,1308,655,653
E01028366,1327,635,692
E01028367,1474,709,765
E01028368,1491,743,748
E01028369,1467,707,760
E01028370,1444,708,736
E01028402,1888,950,938
E01028419,2438,1219,1219
E01028420,1379,674,705
E01028404,1598,758,840
E01028405,1943,923,1020
E01028406,1650,820,830
E01028407,2025,994,1031
E01028379,1637,824,813
E01028412,1883,944,939
E01028421,2221,1097,1124
E01028380,1238,602,636
E01028381,1342,648,694
E01028382,1435,690,745
E01028383,1081,511,570
E01028378,1994,971,1023
E01028387,1746,845,901
E01028408,2639,1213,1426
E01028388,1677,833,844
E01028389,1447,676,771
E01028390,1610,766,844
E01028409,1301,626,675
E01028410,1280,622,658
E01013998,1329,647,682
E01014051,1715,848,867
E01014052,1496,754,742
E01014096,1503,737,766
E01014041,1515,728,787
E01014042,1662,808,854
E01014043,1125,535,590
E01014044,1473,721,752
E01014045,1571,768,803
E01014046,1450,722,728
E01014047,1439,695,744
E01014048,1456,718,738
E01013999,1488,743,745
E01014017,1475,720,755
E01014024,1286,631,655
E01014025,1410,689,721
E01014055,1583,802,781
E01014097,1315,650,665
E01014000,1396,705,691
E01014001,1434,718,716
E01014002,1397,644,753
E01014003,1512,770,742
E01014004,1419,701,718
E01014005,1552,777,775
E01014015,1639,800,839
E01014008,1596,802,794
E01014009,1498,745,753
E01014033,1729,826,903
E01014034,1511,708,803
E01014056,1541,770,771
E01014006,1579,786,793
E01014012,1676,811,865
E01014013,1936,991,945
E01014016,1510,714,796
E01014100,1547,758,789
E01014101,1075,533,542
E01014022,2051,1046,1005
E01014023,1760,889,871
E01014081,1441,717,724
E01014082,1892,946,946
E01014027,1253,620,633
E01014028,1445,704,741
E01014029,1514,703,811
E01014030,1388,689,699
E01014083,1606,786,820
E01014084,1542,756,786
E01014085,1420,715,705
E01014087,1471,778,693
E01014088,1414,701,713
E01014089,1476,696,780
E01013987,1627,789,838
E01013988,1864,893,971
E01014007,1730,839,891
E01014095,1494,703,791
E01013986,1702,841,861
E01013989,1566,793,773
E01014010,1626,905,721
E01014011,1513,733,780
E01014086,1448,729,719
E01014092,1808,904,904
E01014075,1703,829,874
E01014076,2181,1095,1086
E01014077,1555,770,785
E01014078,1461,744,717
E01014090,1499,727,772
E01014091,1498,720,778
E01014093,1441,667,774
E01014094,1525,738,787
E01014068,1472,728,744
E01014070,2247,1111,1136
E01014072,2061,1018,1043
E01014073,1938,951,987
E01014074,1594,813,781
E01013996,1545,768,777
E01013997,1983,1014,969
E01014079,1614,787,827
E01014080,1382,690,692
E01013992,1434,733,701
E01013993,1598,757,841
E01013994,1568,724,844
E01013995,1709,812,897
E01014071,1448,717,731
E01013990,1750,831,919
E01013991,1332,654,678
E01014014,1811,929,882
E01014054,1354,684,670
E01014035,1741,840,901
E01014036,1573,746,827
E01014037,1467,667,800
E01014038,1465,729,736
E01014039,1791,873,918
E01014040,1599,789,810
E01014018,1497,730,767
E01014019,1560,776,784
E01014020,1568,800,768
E01014021,1448,705,743
E01014026,2116,1082,1034
E01014059,2008,1005,1003
E01014060,1597,779,818
E01014069,1859,913,946
E01014098,1569,780,789
E01014099,1803,900,903
E01014061,1548,720,828
E01014062,1622,773,849
E01014063,1777,829,948
E01014064,1600,815,785
E01014065,1464,707,757
E01014066,1123,527,596
E01014067,1448,697,751
E01014031,1567,746,821
E01014032,1638,843,795
E01014049,1598,757,841
E01014050,1759,879,880
E01014053,1790,894,896
E01014057,1701,848,853
E01014058,1589,792,797
E01028853,1503,739,764
E01028854,1519,743,776
E01028855,1511,749,762
E01028856,1241,623,618
E01028857,1724,857,867
E01028826,1655,811,844
E01028827,1537,721,816
E01028844,1993,1315,678
E01028845,1939,936,1003
E01028838,1440,703,737
E01028839,1323,661,662
E01028840,1304,639,665
E01028841,1542,753,789
E01028850,2233,1115,1118
E01028851,1654,777,877
E01028852,1654,787,867
E01028830,1457,725,732
E01028831,1531,732,799
E01028836,1485,735,750
E01028837,1468,729,739
E01028832,1643,812,831
E01028833,1473,690,783
E01028834,1561,774,787
E01028835,1461,730,731
E01028828,1686,851,835
E01028829,1311,649,662
E01028842,1620,795,825
E01028847,1469,739,730
E01028859,1657,811,846
E01028843,1732,855,877
E01028846,1751,902,849
E01028848,1644,808,836
E01028849,1961,958,1003
E01028858,2123,1095,1028
E01028891,1701,851,850
E01028892,1397,687,710
E01028894,1534,767,767
E01028895,1707,851,856
E01028896,2072,1021,1051
E01028897,1460,693,767
E01028880,1633,807,826
E01028881,1262,625,637
E01028882,1554,784,770
E01028893,1533,761,772
E01028899,1521,758,763
E01028864,1477,727,750
E01028865,1726,833,893
E01028866,1333,648,685
E01028867,1297,625,672
E01028872,1630,860,770
E01028873,1793,887,906
E01028874,1326,619,707
E01028875,2501,1216,1285
E01028876,1733,840,893
E01028877,1298,628,670
E01028878,1565,775,790
E01028879,1557,785,772
E01028886,1688,809,879
E01028887,1380,629,751
E01028889,1401,658,743
E01028890,1401,709,692
E01028868,1563,762,801
E01028869,1445,752,693
E01028871,1210,604,606
E01028885,2890,1804,1086
E01028860,1887,928,959
E01028862,1587,784,803
E01028863,1403,716,687
E01028888,1641,818,823
E01028898,1424,708,716
E01028861,1238,629,609
E01028870,1561,774,787
E01028883,1652,932,720
E01028884,1522,733,789
E01028910,1542,790,752
E01028911,1295,643,652
E01028912,1179,554,625
E01028920,1279,622,657
E01028921,1577,789,788
E01028925,1465,628,837
E01028926,1385,676,709
E01028902,1097,523,574
E01028903,1271,577,694
E01028904,1486,715,771
E01028905,1749,831,918
E01028909,1427,684,743
E01033528,2545,1219,1326
E01028906,1243,651,592
E01028907,1733,795,938
E01028908,1499,770,729
E01028916,1544,725,819
E01028917,1511,786,725
E01028924,1638,821,817
E01028913,1546,761,785
E01028918,1475,712,763
E01028919,1379,711,668
E01028927,1056,528,528
E01028928,1536,750,786
E01028914,1079,551,528
E01028915,1363,662,701
E01028922,1287,650,637
E01028923,1579,779,800
E01028929,1464,722,742
E01028969,1482,695,787
E01028970,1336,637,699
E01028971,2118,1044,1074
E01028978,1539,751,788
E01028979,1235,618,617
E01028933,1611,774,837
E01028934,1615,786,829
E01028956,1538,757,781
E01028957,1637,817,820
E01028958,1839,894,945
E01028932,1898,962,936
E01028981,1621,799,822
E01028982,1612,791,821
E01028983,2011,999,1012
E01028930,1670,800,870
E01028931,2003,981,1022
E01028944,1663,831,832
E01028945,2045,1003,1042
E01028965,1437,683,754
E01028966,1264,649,615
E01028967,1573,758,815
E01028968,1363,632,731
E01028988,1664,791,873
E01028989,1721,845,876
E01028946,2309,1394,915
E01028972,1711,833,878
E01028973,1945,942,1003
E01028987,2071,1050,1021
E01028941,1889,852,1037
E01028942,1480,751,729
E01028943,2122,1056,1066
E01028951,1528,757,771
E01028953,1501,722,779
E01028947,1444,689,755
E01028948,1463,718,745
E01028949,1489,744,745
E01028985,1314,625,689
E01028938,1662,813,849
E01028939,1540,755,785
E01028984,1390,659,731
E01028986,1515,744,771
E01028940,1610,755,855
E01028952,1717,801,916
E01028962,1665,831,834
E01028963,1673,792,881
E01028964,1673,806,867
E01028974,1755,1071,684
E01028935,1489,737,752
E01028936,2086,1030,1056
E01028937,1504,721,783
E01028959,2533,1283,1250
E01028954,1266,645,621
E01028955,1090,527,563
E01028975,1777,884,893
E01028976,1769,900,869
E01028977,1937,941,996
E01028950,2318,1106,1212
E01028960,1322,657,665
E01028961,1691,871,820
E01028980,2175,1066,1109
E01028991,1238,617,621
E01028992,1585,762,823
E01033529,1042,531,511
E01033530,2007,1044,963
E01028990,1207,609,598
E01028997,2283,1072,1211
E01028998,2388,1137,1251
E01028993,1540,742,798
E01029004,1045,520,525
E01029013,1675,852,823
E01029014,1217,604,613
E01029015,1399,726,673
E01028994,1305,652,653
E01029003,2317,1172,1145
E01029005,1247,628,619
E01029016,1373,670,703
E01029006,1619,760,859
E01029007,1139,526,613
E01029009,1144,549,595
E01029010,1390,698,692
E01029011,1473,718,755
E01029012,1918,958,960
E01033526,1011,497,514
E01033527,1245,584,661
E01028995,1560,773,787
E01028996,1318,630,688
E01028999,1560,781,779
E01029000,1141,588,553
E01029001,1968,973,995
E01029002,1320,667,653
E01014257,1472,736,736
E01014258,1517,753,764
E01014259,1462,687,775
E01014260,1338,649,689
E01014264,1925,960,965
E01014357,1572,728,844
E01014358,1417,695,722
E01014359,1829,913,916
E01014360,2011,966,1045
E01014261,1404,666,738
E01014262,1359,660,699
E01014263,1699,795,904
E01014333,1460,718,742
E01014334,1428,662,766
E01014331,1538,772,766
E01014332,1673,792,881
E01014335,1721,840,881
E01014336,1611,802,809
E01014337,1715,819,896
E01014354,1772,836,936
E01014355,1921,952,969
E01014356,1765,857,908
E01014361,1588,804,784
E01014241,1601,780,821
E01014242,1465,729,736
E01014243,1415,690,725
E01014244,1573,749,824
E01014245,1749,875,874
E01014248,1474,756,718
E01014214,1455,727,728
E01014215,1520,757,763
E01014216,1406,666,740
E01014265,1538,754,784
E01014267,2383,1180,1203
E01014272,1448,703,745
E01014246,1604,789,815
E01014266,1214,581,633
E01014268,2093,995,1098
E01014270,1541,777,764
E01014271,1525,733,792
E01014247,1737,891,846
E01014250,1137,605,532
E01014251,1850,964,886
E01014252,1682,876,806
E01014255,2030,994,1036
E01014269,1629,816,813
E01014324,1453,706,747
E01014325,1335,679,656
E01014326,1483,775,708
E01014249,1736,914,822
E01014253,1551,744,807
E01014254,1572,840,732
E01014256,1621,814,807
E01014210,1490,721,769
E01014211,1484,687,797
E01014212,1311,632,679
E01014213,1238,633,605
E01014217,1435,677,758
E01014323,1274,615,659
E01014327,1452,704,748
E01014328,1441,739,702
E01014329,1532,763,769
E01014330,1595,894,701
E01014218,1511,729,782
E01014219,1272,610,662
E01014225,1476,715,761
E01014226,1456,668,788
E01014228,1311,657,654
E01014230,1494,747,747
E01014281,1752,1018,734
E01014285,2209,1183,1026
E01014286,1457,801,656
E01014287,1708,924,784
E01014231,1488,824,664
E01014282,1685,933,752
E01014283,2041,1254,787
E01014284,1470,881,589
E01033216,2395,1255,1140
E01014220,1637,796,841
E01014221,1588,769,819
E01014222,1527,731,796
E01014223,1613,808,805
E01014224,1604,758,846
E01014229,1778,835,943
E01014288,1596,778,818
E01014289,1567,766,801
E01014290,1525,762,763
E01014291,1393,700,693
E01014292,1622,816,806
E01014294,1327,649,678
E01014293,1678,897,781
E01014295,1706,840,866
E01014339,1659,857,802
E01014340,1892,932,960
E01014345,1718,930,788
E01014274,1837,858,979
E01014275,1423,687,736
E01014276,1573,782,791
E01014277,1558,783,775
E01014279,1732,868,864
E01014273,1280,651,629
E01014278,1354,680,674
E01014280,1313,660,653
E01014297,1305,644,661
E01014296,1423,703,720
E01014298,1593,771,822
E01014300,1427,672,755
E01014302,1822,932,890
E01014338,1487,774,713
E01014341,1760,898,862
E01014342,1516,745,771
E01014343,1770,892,878
E01014344,1512,755,757
E01014363,1350,670,680
E01014364,1496,736,760
E01014365,1478,722,756
E01014369,1298,635,663
E01014299,1431,712,719
E01014301,1753,878,875
E01014303,1596,798,798
E01014304,1458,724,734
E01014362,1420,714,706
E01014233,1411,678,733
E01014234,1584,776,808
E01014239,1484,732,752
E01014240,1529,722,807
E01014308,1668,821,847
E01014309,1285,613,672
E01014311,1363,659,704
E01014313,1568,739,829
E01014321,1425,731,694
E01014366,1899,975,924
E01014367,1460,705,755
E01014368,1597,771,826
E01014305,1395,737,658
E01014306,1419,690,729
E01014307,1383,690,693
E01014312,1425,693,732
E01014346,1577,772,805
E01014348,1366,658,708
E01014349,1429,707,722
E01014353,1710,820,890
E01014310,2062,1019,1043
E01014314,1413,708,705
E01014316,1566,777,789
E01014317,1557,726,831
E01014322,1662,802,860
E01014235,1587,767,820
E01014236,2344,1150,1194
E01014237,1592,825,767
E01014238,1525,762,763
E01014315,1331,661,670
E01014318,1448,746,702
E01014319,1510,737,773
E01014320,1291,641,650
E01014347,1413,699,714
E01014350,1370,684,686
E01014351,1585,750,835
E01014352,1386,699,687
E01014171,1419,721,698
E01014172,1407,697,710
E01014173,1550,763,787
E01014174,1627,809,818
E01014112,1673,825,848
E01014131,2242,1148,1094
E01014132,1080,536,544
E01014135,1235,616,619
E01014175,1140,570,570
E01014176,1495,720,775
E01014177,1384,681,703
E01014178,1514,777,737
E01014111,1550,763,787
E01014167,1949,962,987
E01014168,1389,693,696
E01014170,1482,710,772
E01014125,1563,809,754
E01014126,1459,707,752
E01014127,1726,852,874
E01014128,2135,1062,1073
E01014169,1737,834,903
E01014129,1029,524,505
E01014130,1413,692,721
E01014179,1192,594,598
E01014180,1334,639,695
E01014189,1537,761,776
E01014190,1702,834,868
E01014102,1823,883,940
E01014103,1235,610,625
E01014138,1486,716,770
E01014140,1463,718,745
E01014205,1382,666,716
E01014206,1322,658,664
E01014207,1291,644,647
E01014208,1226,583,643
E01014209,1458,732,726
E01014137,1533,762,771
E01014139,1396,679,717
E01014141,2799,1391,1408
E01014142,1402,662,740
E01014143,1486,740,746
E01014136,1639,812,827
E01014148,1493,774,719
E01014149,1089,549,540
E01014202,2389,1227,1162
E01014203,1542,773,769
E01014204,1981,996,985
E01014104,1700,848,852
E01014105,1935,951,984
E01014113,1635,835,800
E01014114,1456,744,712
E01014133,1813,880,933
E01014134,1308,615,693
E01014144,1530,740,790
E01014145,1768,886,882
E01014185,1641,771,870
E01014186,1434,695,739
E01014187,1471,742,729
E01014188,1538,780,758
E01014150,1644,827,817
E01014151,1504,752,752
E01014152,1307,607,700
E01014153,1761,879,882
E01014154,1681,861,820
E01014155,1648,819,829
E01014181,2003,1020,983
E01014182,1265,634,631
E01014183,1559,791,768
E01014184,1498,736,762
E01014146,2212,1078,1134
E01014147,2080,1035,1045
E01014156,2160,1058,1102
E01014157,1506,786,720
E01014158,1561,782,779
E01014124,1684,845,839
E01014163,1459,711,748
E01014164,1647,819,828
E01014165,1419,725,694
E01014166,1581,777,804
E01014191,1742,934,808
E01014192,1443,733,710
E01014193,1686,814,872
E01014194,1520,752,768
E01014195,1447,722,725
E01014196,1543,744,799
E01014119,1658,806,852
E01014120,1756,879,877
E01014121,1388,663,725
E01014122,1566,788,778
E01014123,1532,776,756
E01014106,1584,784,800
E01014107,1180,607,573
E01014108,1467,757,710
E01014109,1193,578,615
E01014110,1499,726,773
E01014197,1523,748,775
E01014198,1091,522,569
E01014199,1673,780,893
E01014200,1307,613,694
E01014201,1304,619,685
E01014159,1231,598,633
E01014160,1318,651,667
E01014161,1146,589,557
E01014162,1634,801,833
E01014115,1341,678,663
E01014116,1663,784,879
E01014117,1185,587,598
E01014118,1215,613,602
E01029368,1226,619,607
E01029369,1250,625,625
E01029370,1393,701,692
E01029371,1550,795,755
E01029402,1985,951,1034
E01029372,1358,664,694
E01029373,2306,1149,1157
E01029401,1605,782,823
E01029403,1504,743,761
E01029404,1496,741,755
E01029345,1656,804,852
E01029346,1699,780,919
E01029347,1432,710,722
E01029348,1751,877,874
E01029374,2349,1151,1198
E01029383,1570,794,776
E01029385,1479,749,730
E01029388,1375,674,701
E01029390,1124,564,560
E01029384,1936,959,977
E01029386,1436,718,718
E01029387,1478,754,724
E01029389,1645,840,805
E01029379,1767,871,896
E01029398,1682,842,840
E01029399,1589,802,787
E01029400,1706,849,857
E01029354,1548,754,794
E01029355,1571,763,808
E01029356,1497,762,735
E01029357,1354,686,668
E01029358,1316,625,691
E01029349,1280,633,647
E01029350,1526,753,773
E01029351,1503,739,764
E01029352,1351,679,672
E01029393,1671,841,830
E01029380,1539,778,761
E01029381,1506,764,742
E01029382,1645,801,844
E01029391,1666,828,838
E01029392,1963,968,995
E01029375,2504,1251,1253
E01029376,1974,946,1028
E01029377,1449,696,753
E01029378,1701,844,857
E01029353,1403,678,725
E01029364,1601,761,840
E01029365,1530,748,782
E01029366,1687,819,868
E01029367,2178,1046,1132
E01029359,1619,802,817
E01029360,1538,724,814
E01029361,1547,777,770
E01029362,1565,751,814
E01029363,1404,705,699
E01029394,1462,714,748
E01029395,1577,797,780
E01029396,1712,851,861
E01029397,2728,1334,1394
E01029405,1635,813,822
E01029406,1230,628,602
E01029422,1351,704,647
E01029423,1569,758,811
E01029467,2052,1007,1045
E01029430,1493,735,758
E01029431,1622,779,843
E01029432,1475,716,759
E01029433,1608,809,799
E01029459,1574,775,799
E01029460,1732,865,867
E01029461,1940,983,957
E01029462,1645,799,846
E01029443,1677,820,857
E01029444,1590,764,826
E01029463,1261,608,653
E01029464,1573,768,805
E01029465,1503,749,754
E01029466,1560,780,780
E01029454,1638,808,830
E01029455,1827,891,936
E01029456,1519,709,810
E01029457,1370,660,710
E01029458,1495,728,767
E01029411,1287,656,631
E01029412,1351,631,720
E01029424,1029,480,549
E01029425,2360,1598,762
E01029473,1414,697,717
E01029474,1207,567,640
E01029434,1567,756,811
E01029435,1496,715,781
E01029436,1859,936,923
E01029437,2317,1080,1237
E01029438,1512,719,793
E01029426,1747,852,895
E01029427,1521,736,785
E01029428,1584,789,795
E01029429,1350,692,658
E01029445,1932,995,937
E01029446,1730,849,881
E01029447,1739,891,848
E01029448,1660,774,886
E01029468,1655,813,842
E01029469,1846,895,951
E01029470,1562,778,784
E01029471,1772,852,920
E01029472,1631,789,842
E01029407,1454,750,704
E01029408,2118,1093,1025
E01029409,1681,902,779
E01029410,1556,784,772
E01032896,1092,605,487
E01032897,1173,594,579
E01032898,1256,655,601
E01029418,2106,1061,1045
E01029419,1547,759,788
E01029420,1732,809,923
E01029413,1488,743,745
E01029414,1658,828,830
E01029415,1622,802,820
E01029416,1245,616,629
E01029417,1218,589,629
E01029449,1650,798,852
E01029450,1502,774,728
E01029451,1745,813,932
E01029452,1574,790,784
E01029453,1506,720,786
E01029439,1445,704,741
E01029440,1293,652,641
E01029441,1513,707,806
E01029442,1342,641,701
E01029480,1809,921,888
E01029481,1882,915,967
E01029482,1644,791,853
E01029498,1799,898,901
E01029477,1547,763,784
E01029478,1582,755,827
E01029479,2818,1387,1431
E01029509,1679,815,864
E01029486,1419,735,684
E01029507,1690,849,841
E01029508,2313,1166,1147
E01029515,1823,881,942
E01029492,2006,974,1032
E01029499,1758,879,879
E01029501,1539,733,806
E01029526,1604,798,806
E01032899,1524,707,817
E01032900,2055,1009,1046
E01029483,1553,762,791
E01029484,1796,890,906
E01029485,1495,739,756
E01029500,1740,892,848
E01029520,1579,787,792
E01029524,1700,848,852
E01029525,1747,864,883
E01029487,1635,795,840
E01029493,1971,984,987
E01029494,1553,755,798
E01029495,1658,805,853
E01029497,1975,970,1005
E01029491,1774,856,918
E01029511,1601,773,828
E01029512,1918,911,1007
E01029518,2706,1310,1396
E01029519,2124,1060,1064
E01029516,1938,949,989
E01029517,1648,829,819
E01029530,1743,890,853
E01029531,1721,836,885
E01029475,2037,1003,1034
E01029476,1384,670,714
E01029489,1595,792,803
E01029490,1458,737,721
E01029505,1571,789,782
E01029506,1841,943,898
E01029496,1910,922,988
E01029527,1282,634,648
E01029528,1294,646,648
E01029529,1281,656,625
E01029513,1364,665,699
E01029514,1556,745,811
E01029521,1689,836,853
E01029522,1637,768,869
E01029523,1546,755,791
E01029488,2332,1494,838
E01029502,1692,851,841
E01029503,1585,769,816
E01029504,1534,764,770
E01029562,1353,648,705
E01029565,1260,634,626
E01029581,1577,812,765
E01029582,1829,925,904
E01029586,1223,608,615
E01029587,1244,613,631
E01029561,1477,699,778
E01029563,1391,694,697
E01029564,1346,686,660
E01029588,1540,778,762
E01029540,1430,691,739
E01029541,1573,748,825
E01029542,1336,651,685
E01029543,1302,649,653
E01029595,1234,628,606
E01029597,1481,752,729
E01029536,1517,763,754
E01029544,1362,681,681
E01029545,1559,801,758
E01029546,1434,729,705
E01029596,1160,570,590
E01029532,1469,738,731
E01029533,1526,754,772
E01029534,1518,748,770
E01029535,1414,695,719
E01029556,2510,1252,1258
E01029537,1571,773,798
E01029538,1750,840,910
E01029539,1565,787,778
E01029552,1479,739,740
E01029558,1667,823,844
E01029547,1455,697,758
E01029548,1475,690,785
E01029559,1428,745,683
E01029560,1599,767,832
E01029568,1464,735,729
E01029583,1452,697,755
E01029584,1190,595,595
E01029585,1464,752,712
E01029609,1666,819,847
E01029611,1612,794,818
E01029577,1552,775,777
E01029579,1643,804,839
E01029580,1430,721,709
E01029610,1321,652,669
E01029612,1247,611,636
E01029553,1433,698,735
E01029554,1203,605,598
E01029566,1232,579,653
E01029567,1617,798,819
E01029598,1796,867,929
E01029599,1441,695,746
E01029555,1772,880,892
E01029578,1611,829,782
E01029602,1920,950,970
E01029603,1481,776,705
E01029604,1662,856,806
E01029576,4460,2225,2235
E01029593,1785,896,889
E01029594,1832,892,940
E01029557,1254,614,640
E01029573,1498,725,773
E01029574,1375,663,712
E01029575,1018,481,537
E01029549,1684,833,851
E01029551,1616,797,819
E01029591,1511,712,799
E01029600,1423,692,731
E01029605,1264,631,633
E01029607,1416,679,737
E01029589,1209,571,638
E01029590,1353,635,718
E01029601,1484,708,776
E01029606,1499,739,760
E01029608,1480,731,749
E01033257,2499,1209,1290
E01029569,1441,735,706
E01029570,2468,1232,1236
E01029571,1375,676,699
E01029572,1664,834,830
E01029655,1972,951,1021
E01029656,1823,924,899
E01029657,1789,890,899
E01029658,1332,632,700
E01029659,1384,669,715
E01029660,2049,1039,1010
E01029621,1479,733,746
E01029646,1433,708,725
E01029647,2210,1077,1133
E01029648,1494,748,746
E01029617,1675,844,831
E01029618,1540,687,853
E01029668,1258,605,653
E01029669,1290,630,660
E01029670,1579,794,785
E01029620,1286,626,660
E01029622,1520,761,759
E01029623,1196,588,608
E01029624,1517,749,768
E01029625,1124,561,563
E01029641,1681,846,835
E01029642,1513,762,751
E01029638,2010,978,1032
E01029639,1424,704,720
E01029640,1483,741,742
E01029643,1501,715,786
E01029644,1448,718,730
E01029616,1475,719,756
E01029619,1883,951,932
E01029636,1440,716,724
E01029637,2558,1668,890
E01029632,1816,872,944
E01029633,1727,854,873
E01029634,1414,691,723
E01029635,1743,828,915
E01029613,1384,692,692
E01029614,1730,817,913
E01029615,1216,560,656
E01029627,1415,642,773
E01029626,1443,709,734
E01029628,1192,558,634
E01029629,1218,574,644
E01029630,1454,703,751
E01029631,1443,709,734
E01029654,2246,1106,1140
E01029661,1990,981,1009
E01029663,1456,710,746
E01029665,1810,895,915
E01029662,2279,1132,1147
E01029664,1595,775,820
E01029666,1556,729,827
E01029671,1490,740,750
E01029673,1659,791,868
E01029676,1057,494,563
E01029679,1454,686,768
E01029680,1536,748,788
E01029645,2033,979,1054
E01029667,2225,1124,1101
E01029672,1568,783,785
E01029674,1849,942,907
E01029675,1476,689,787
E01029677,1314,635,679
E01029678,1752,895,857
E01029649,1158,535,623
E01029650,1527,758,769
E01029651,1545,719,826
E01029652,1730,846,884
E01029653,1265,608,657
E01029702,1530,750,780
E01029703,1549,751,798
E01029704,1386,666,720
E01029705,1466,744,722
E01029681,1207,594,613
E01029682,1651,785,866
E01029683,1312,609,703
E01029748,1358,698,660
E01029749,1642,792,850
E01029740,1675,792,883
E01029744,2356,1125,1231
E01029745,1686,846,840
E01029746,1533,751,782
E01029753,1305,641,664
E01029756,1779,884,895
E01029733,1954,963,991
E01029739,1610,796,814
E01029741,1705,841,864
E01029754,1330,654,676
E01029755,1406,667,739
E01029695,2002,966,1036
E01029696,1508,768,740
E01029697,1614,699,915
E01029698,1533,738,795
E01029747,1453,746,707
E01029690,1550,777,773
E01029718,1962,994,968
E01029743,1396,683,713
E01029751,1563,769,794
E01029719,1559,763,796
E01029720,1630,806,824
E01029721,1624,777,847
E01029750,1558,755,803
E01029752,1288,585,703
E01029687,1870,926,944
E01029710,1434,699,735
E01029711,1514,745,769
E01029712,1917,926,991
E01029713,1580,775,805
E01029692,1592,773,819
E01029693,1696,1024,672
E01029722,1655,854,801
E01029725,2244,1628,616
E01029689,1671,892,779
E01029691,1213,652,561
E01029694,1445,799,646
E01029699,1966,990,976
E01029701,1940,1077,863
E01029686,1421,674,747
E01029700,1276,612,664
E01029723,1586,839,747
E01029724,1771,881,890
E01029732,2423,1506,917
E01029714,1589,785,804
E01029736,1585,756,829
E01029737,1577,772,805
E01029738,1378,667,711
E01029742,2080,1081,999
E01029715,1631,762,869
E01029716,1592,782,810
E01029717,1779,844,935
E01029727,1552,768,784
E01029728,1429,688,741
E01029684,1488,723,765
E01029685,1568,741,827
E01029730,1082,534,548
E01029731,1637,806,831
E01029757,1604,797,807
E01029758,1535,748,787
E01029759,1715,849,866
E01029760,1570,765,805
E01029688,2275,1139,1136
E01029706,1547,785,762
E01029707,1456,714,742
E01029708,1909,970,939
E01029709,1483,724,759
E01029726,1723,852,871
E01029729,1604,812,792
E01029734,2242,1081,1161
E01029735,2345,1162,1183
E01029797,1553,781,772
E01029806,1499,718,781
E01029808,1424,691,733
E01029809,1458,683,775
E01029810,1384,686,698
E01029767,1640,829,811
E01029769,1664,828,836
E01029770,1925,978,947
E01029802,1809,922,887
E01029763,1630,754,876
E01029764,1848,882,966
E01029765,1390,670,720
E01029766,1510,727,783
E01029774,1980,955,1025
E01029768,1374,672,702
E01029771,1641,753,888
E01029772,1752,883,869
E01029773,1538,769,769
E01029804,1763,874,889
E01029807,1143,532,611
E01029811,1557,770,787
E01029812,2009,997,1012
E01029814,1685,836,849
E01029792,2395,1187,1208
E01029793,1628,816,812
E01029805,1719,808,911
E01029813,2165,1069,1096
E01029815,1526,734,792
E01029816,1436,678,758
E01029801,1840,947,893
E01029803,1798,897,901
E01029817,1848,927,921
E01029762,1591,785,806
E01029775,1534,757,777
E01029776,1815,887,928
E01029777,1532,737,795
E01029779,1616,770,846
E01029780,1637,815,822
E01029794,1421,704,717
E01029818,1531,739,792
E01029819,1670,837,833
E01029761,1377,689,688
E01029782,2036,1041,995
E01029795,1662,831,831
E01029796,1480,718,762
E01029781,1524,765,759
E01029783,1416,679,737
E01029786,1463,723,740
E01029787,1716,837,879
E01029778,1720,866,854
E01029789,1029,514,515
E01029798,1698,840,858
E01029799,1841,925,916
E01029800,1556,744,812
E01029784,2201,1111,1090
E01029785,1809,877,932
E01029788,1356,697,659
E01029790,1955,977,978
E01029791,1389,672,717
E01029846,1267,619,648
E01029847,1342,659,683
E01029848,1231,611,620
E01029852,1743,814,929
E01029853,1721,789,932
E01029854,1513,743,770
E01029835,1661,803,858
E01029836,1278,625,653
E01029849,1470,703,767
E01029850,1310,639,671
E01029851,2132,1031,1101
E01029820,1558,785,773
E01029821,1470,727,743
E01029822,1576,788,788
E01029824,1832,873,959
E01029841,1451,734,717
E01029823,1483,717,766
E01029831,1494,742,752
E01029832,1636,788,848
E01029834,1541,750,791
E01029844,1244,617,627
E01029833,1693,865,828
E01029837,1591,793,798
E01029838,1568,803,765
E01029839,1235,623,612
E01029825,1338,675,663
E01029826,1546,768,778
E01029827,1457,705,752
E01029828,1328,636,692
E01029830,1190,568,622
E01029840,1360,670,690
E01029842,1354,644,710
E01029843,1497,728,769
E01029845,1113,506,607
E01029859,1846,906,940
E01029855,1543,738,805
E01029856,1465,739,726
E01029857,1418,711,707
E01029858,1590,768,822
E01029865,1676,831,845
E01029860,1329,679,650
E01029861,1348,639,709
E01029862,1340,660,680
E01029863,1753,888,865
E01029864,1605,799,806
E01029829,1995,1004,991
E01029867,1675,829,846
E01029868,1430,711,719
E01029869,1618,805,813
E01032901,1607,790,817
E01032902,1352,656,696
E01031035,1977,965,1012
E01031036,1527,758,769
E01031037,1500,738,762
E01031038,2017,996,1021
E01031039,1692,844,848
E01031040,1773,881,892
E01031016,1571,765,806
E01031025,1601,780,821
E01031026,1614,800,814
E01031031,2583,1299,1284
E01031032,1339,667,672
E01031009,2192,1096,1096
E01031010,1753,891,862
E01031011,1966,960,1006
E01031012,1442,680,762
E01031013,1043,504,539
E01031014,1204,606,598
E01031015,1403,693,710
E01031023,1578,801,777
E01031024,1617,815,802
E01031033,1851,883,968
E01031034,1879,945,934
E01031005,1429,711,718
E01031008,1353,666,687
E01031017,1283,647,636
E01031018,1137,556,581
E01031029,1503,720,783
E01031030,2235,1078,1157
E01031019,1709,839,870
E01031020,1524,733,791
E01031021,1572,741,831
E01031022,1676,813,863
E01031041,1711,835,876
E01031042,1733,848,885
E01031006,1471,734,737
E01031007,1218,613,605
E01031027,1472,742,730
E01031028,1866,961,905
E01031110,1525,723,802
E01031111,1122,569,553
E01031112,1636,794,842
E01031113,1466,712,754
E01031114,1507,723,784
E01031073,1884,925,959
E01031074,1550,788,762
E01031075,1646,773,873
E01032890,2241,1043,1198
E01031100,1357,695,662
E01031101,1442,720,722
E01031102,1364,685,679
E01031103,1333,685,648
E01031104,1447,667,780
E01031081,1693,828,865
E01031082,1386,721,665
E01031083,1552,780,772
E01031084,2227,1087,1140
E01031085,1375,690,685
E01031043,1647,868,779
E01031044,1680,822,858
E01031045,1729,855,874
E01031046,1728,865,863
E01031047,1934,964,970
E01031057,1566,785,781
E01031058,1453,702,751
E01031059,1470,734,736
E01031060,1442,718,724
E01031061,1521,748,773
E01031090,1447,703,744
E01031091,1455,688,767
E01031092,1466,734,732
E01031093,1348,679,669
E01031094,1162,575,587
E01031048,1265,623,642
E01031049,2258,1109,1149
E01031050,1838,948,890
E01031051,1375,654,721
E01031115,1762,867,895
E01031116,1690,795,895
E01031117,1502,704,798
E01031118,1202,573,629
E01031119,1631,846,785
E01031052,1512,728,784
E01031053,1441,672,769
E01031054,1569,767,802
E01031055,1654,817,837
E01031056,1500,729,771
E01031120,1395,678,717
E01031121,1203,593,610
E01031122,1482,716,766
E01031123,1260,642,618
E01031124,1537,764,773
E01031105,1434,700,734
E01031106,1437,714,723
E01031107,1158,579,579
E01031108,1389,705,684
E01031109,1623,802,821
E01031062,1237,607,630
E01031063,1310,644,666
E01031064,1202,571,631
E01031065,1525,727,798
E01031066,1392,647,745
E01031067,1487,733,754
E01031068,1692,830,862
E01031069,1476,720,756
E01031070,1491,719,772
E01031095,1247,626,621
E01031096,1380,680,700
E01031097,1653,816,837
E01031098,1493,736,757
E01031099,2270,1144,1126
E01031086,1873,938,935
E01031087,2211,1080,1131
E01031088,1942,933,1009
E01031089,1447,671,776
E01031077,1448,690,758
E01031078,2077,1015,1062
E01031079,1476,732,744
E01031080,1623,743,880
E01032588,1382,666,716
E01031129,1148,549,599
E01031159,1642,816,826
E01031160,2134,1097,1037
E01031182,2410,1327,1083
E01032891,1684,859,825
E01032892,2086,1009,1077
E01031137,1167,581,586
E01031138,1196,577,619
E01031139,1844,918,926
E01031140,1369,677,692
E01031141,1799,892,907
E01031142,1672,824,848
E01031171,1505,760,745
E01031172,1667,809,858
E01031173,1858,971,887
E01031174,1724,886,838
E01031151,1561,805,756
E01031152,1104,548,556
E01031153,1456,713,743
E01031154,1751,869,882
E01031181,1813,913,900
E01031130,1764,903,861
E01031131,1642,879,763
E01031132,1942,1003,939
E01031133,1589,826,763
E01031167,1378,686,692
E01031168,2766,1327,1439
E01031169,2003,1040,963
E01031170,1613,822,791
E01031125,1472,748,724
E01031127,1580,786,794
E01031164,2003,998,1005
E01031165,1595,802,793
E01032893,1872,923,949
E01032894,1362,668,694
E01032895,1440,721,719
E01031155,1408,692,716
E01031156,1466,719,747
E01031157,1956,970,986
E01031158,1085,554,531
E01031143,1526,779,747
E01031144,1288,632,656
E01031145,1526,788,738
E01031146,1525,737,788
E01031161,2006,1024,982
E01031162,1727,854,873
E01031163,1543,760,783
E01031179,1730,861,869
E01031180,2018,1002,1016
E01031134,1685,799,886
E01031135,1607,765,842
E01031136,1719,794,925
E01031175,1460,700,760
E01031176,1490,729,761
E01031177,1442,684,758
E01031178,1398,681,717
E01031147,1576,759,817
E01031148,1730,843,887
E01031149,1486,735,751
E01031150,1159,571,588
E01031166,1908,920,988
E01031213,1858,930,928
E01031243,1960,982,978
E01031244,1861,886,975
E01031195,2274,1081,1193
E01031202,1557,751,806
E01031203,1507,713,794
E01031204,1318,637,681
E01031239,1570,773,797
E01031240,1364,649,715
E01031241,1433,708,725
E01031242,1512,729,783
E01031219,1507,744,763
E01031220,1529,744,785
E01031221,1532,711,821
E01031222,1999,1007,992
E01031223,1347,693,654
E01031224,1144,567,577
E01031197,1202,591,611
E01031198,1283,626,657
E01031199,1476,735,741
E01031200,1583,790,793
E01031201,1566,747,819
E01031210,1258,613,645
E01031211,1074,514,560
E01031183,1648,803,845
E01031184,1519,756,763
E01031185,1370,645,725
E01031186,1546,728,818
E01031187,1886,917,969
E01031188,2228,1095,1133
E01031208,2068,1011,1057
E01031217,1201,582,619
E01031218,1200,617,583
E01031249,1201,549,652
E01031250,1476,709,767
E01031251,1199,575,624
E01031252,1365,639,726
E01031253,1522,729,793
E01031228,1589,787,802
E01031229,1822,857,965
E01031230,2406,1209,1197
E01031231,2146,1055,1091
E01031236,1605,798,807
E01031238,1333,671,662
E01031225,1641,781,860
E01031227,2007,943,1064
E01033250,1394,699,695
E01033251,1154,577,577
E01033252,1291,624,667
E01031232,2440,1155,1285
E01031233,1622,769,853
E01031234,1756,764,992
E01031235,1818,827,991
E01031237,1421,702,719
E01031189,1546,760,786
E01031190,1750,855,895
E01031191,1851,922,929
E01031192,1904,908,996
E01031248,2172,1059,1113
E01031194,2412,1209,1203
E01031205,1585,790,795
E01031206,1476,713,763
E01031207,1259,622,637
E01031247,2287,1115,1172
E01031196,2402,1198,1204
E01031212,2648,1274,1374
E01031245,1219,569,650
E01031246,1089,544,545
E01031193,2143,1036,1107
E01031209,2116,1028,1088
E01031214,1827,893,934
E01031215,1736,815,921
E01031216,1475,693,782
E01031254,1508,737,771
E01031255,1487,733,754
E01031256,1625,799,826
E01031257,1434,685,749
E01031258,1511,711,800
E01031296,1645,794,851
E01031297,1949,1000,949
E01031298,1654,781,873
E01031299,1424,703,721
E01031300,1716,837,879
E01031303,1498,715,783
E01031304,1505,749,756
E01031305,1521,734,787
E01031306,1494,757,737
E01031307,1445,713,732
E01031281,1485,753,732
E01031282,1469,737,732
E01031283,1278,634,644
E01031284,1232,607,625
E01031277,1557,762,795
E01031278,1461,712,749
E01031279,1359,645,714
E01031280,1313,639,674
E01031301,1420,699,721
E01031302,1022,507,515
E01031308,3496,1758,1738
E01031273,1326,709,617
E01031274,1504,700,804
E01031275,1252,608,644
E01031276,1542,762,780
E01031272,1806,903,903
E01031285,2086,1012,1074
E01031286,1463,703,760
E01031287,1561,762,799
E01031288,1710,827,883
E01031289,1525,731,794
E01033253,1446,782,664
E01033256,1265,708,557
E01031309,1726,885,841
E01031310,1344,676,668
E01031311,1360,652,708
E01031312,1192,575,617
E01031313,1358,688,670
E01031314,1338,661,677
E01031290,1666,878,788
E01031291,1563,833,730
E01031292,1495,728,767
E01031293,1679,797,882
E01031294,1581,777,804
E01031295,1182,582,600
E01031271,1749,852,897
E01031332,1398,693,705
E01031333,1353,677,676
E01031334,1522,706,816
E01031335,1475,776,699
E01031336,2143,1146,997
E01031337,1502,795,707
E01031321,1332,678,654
E01031322,1862,943,919
E01031323,1588,773,815
E01031324,2021,1030,991
E01031325,1402,653,749
E01033254,1440,718,722
E01033255,1659,833,826
E01031315,2201,1115,1086
E01031316,1445,678,767
E01031317,1510,729,781
E01031318,1920,957,963
E01031319,1996,987,1009
E01031320,1420,744,676
E01031261,1547,842,705
E01031262,1430,761,669
E01031263,1868,1024,844
E01031264,1699,856,843
E01031265,1439,735,704
E01031266,1948,1108,840
E01031259,1370,681,689
E01031260,1188,593,595
E01031267,1776,879,897
E01031268,2732,1346,1386
E01031269,1663,801,862
E01031327,1531,742,789
E01031328,2208,1072,1136
E01031329,2561,1307,1254
E01031330,1486,728,758
E01031331,1786,852,934
E01009417,1493,752,741
E01009418,1471,674,797
E01009419,1322,644,678
E01009433,1759,832,927
E01009415,1638,796,842
E01009422,1912,918,994
E01009423,1677,772,905
E01009425,1693,789,904
E01009416,2669,1293,1376
E01009420,1537,753,784
E01009426,1449,694,755
E01009429,1497,736,761
E01009431,1583,789,794
E01009421,1635,791,844
E01009424,1520,727,793
E01009427,1494,733,761
E01009428,1644,792,852
E01009430,1631,786,845
E01009468,1513,716,797
E01009445,1682,770,912
E01009446,2432,1161,1271
E01009447,1601,786,815
E01009448,1631,773,858
E01009452,1657,766,891
E01009455,1323,642,681
E01009432,1508,748,760
E01009435,1826,880,946
E01009437,1785,851,934
E01009444,1538,759,779
E01009454,1511,764,747
E01009221,1483,728,755
E01009464,1385,704,681
E01009465,1381,692,689
E01009467,1559,731,828
E01009220,1560,757,803
E01009222,1576,744,832
E01009224,1469,670,799
E01009233,1534,722,812
E01009449,1829,885,944
E01009451,1431,715,716
E01009453,1467,736,731
E01009466,1632,807,825
E01009471,1817,859,958
E01009135,1450,716,734
E01009469,1437,721,716
E01009470,1439,704,735
E01009472,1659,814,845
E01009473,1595,769,826
E01009474,1600,754,846
E01009127,1571,733,838
E01009128,1374,674,700
E01009130,1505,740,765
E01009131,1448,718,730
E01009133,1492,711,781
E01009134,1589,741,848
E01009137,1606,774,832
E01009434,1567,768,799
E01009436,1441,729,712
E01009438,1450,688,762
E01009440,1580,734,846
E01009450,1635,807,828
E01009223,1527,721,806
E01009225,1640,743,897
E01009227,1618,792,826
E01009228,1657,809,848
E01009121,2306,1057,1249
E01009122,1626,784,842
E01009129,1628,778,850
E01009132,1560,729,831
E01009136,1651,775,876
E01009457,1519,766,753
E01009459,1649,795,854
E01009461,1332,644,688
E01009463,1493,713,780
E01009235,1607,768,839
E01009243,1518,739,779
E01009245,1453,706,747
E01009246,1581,776,805
E01009247,1504,719,785
E01009226,1486,721,765
E01009229,1578,759,819
E01009230,1512,757,755
E01009231,1879,928,951
E01009001,1529,759,770
E01009003,1680,858,822
E01009456,1690,810,880
E01009458,1485,687,798
E01009460,1652,817,835
E01009462,1680,819,861
E01009234,1520,733,787
E01009236,1551,748,803
E01009244,1436,678,758
E01009248,1767,845,922
E01009403,1506,711,795
E01009404,1552,770,782
E01009405,1406,689,717
E01009406,1648,811,837
E01009407,1717,838,879
E01009439,1384,696,688
E01009441,1445,705,740
E01009442,1472,721,751
E01009443,1220,571,649
E01009123,1437,669,768
E01009124,1607,715,892
E01009125,1757,825,932
E01009232,1571,750,821
E01009002,1470,675,795
E01009006,1522,747,775
E01009007,1604,822,782
E01033632,2286,1112,1174
E01009237,1468,713,755
E01009238,1632,790,842
E01009240,1580,767,813
E01009241,1707,823,884
E01009242,1786,876,910
E01009005,1336,670,666
E01009009,1472,717,755
E01009098,2091,1016,1075
E01009100,2064,945,1119
E01009105,1613,778,835
E01009126,1412,695,717
E01009408,1711,837,874
E01009409,1641,806,835
E01009410,1780,874,906
E01009008,1484,702,782
E01009011,1760,896,864
E01009012,1457,734,723
E01009102,1491,732,759
E01009104,1585,743,842
E01009096,1651,778,873
E01009097,2040,916,1124
E01009099,1777,797,980
E01009101,1616,710,906
E01009103,1536,722,814
E01009106,1351,659,692
E01008915,1374,683,691
E01009411,1818,879,939
E01009412,1753,866,887
E01009413,1655,855,800
E01009414,1912,970,942
E01008998,1827,877,950
E01008999,1580,784,796
E01009000,1710,853,857
E01009013,1902,938,964
E01009400,1452,702,750
E01009401,1668,843,825
E01033630,1139,587,552
E01033646,1624,855,769
E01009049,1631,825,806
E01009056,2026,1039,987
E01009263,1629,800,829
E01009264,1415,678,737
E01009265,1752,871,881
E01009051,1621,858,763
E01009053,1481,772,709
E01009054,1654,820,834
E01009058,1668,863,805
E01009061,1816,926,890
E01009239,1875,861,1014
E01009266,1711,856,855
E01009269,1535,762,773
E01009270,1966,1017,949
E01009271,1522,738,784
E01009273,1603,825,778
E01009050,1826,976,850
E01009057,2064,1090,974
E01009059,1800,948,852
E01009060,1597,814,783
E01033621,2874,1423,1451
E01009268,1517,752,765
E01009272,1401,643,758
E01009274,2143,1081,1062
E01009349,1679,817,862
E01009351,1693,836,857
E01009354,1471,722,749
E01008899,1237,611,626
E01008901,1686,854,832
E01008916,1531,767,764
E01033636,3385,1717,1668
E01009079,1629,819,810
E01009080,1113,509,604
E01009081,1301,658,643
E01009083,1488,653,835
E01009275,1576,823,753
E01009350,1562,797,765
E01009352,1715,895,820
E01009353,1615,811,804
E01009355,1575,813,762
E01033635,2889,1473,1416
E01008905,1701,835,866
E01008907,1675,879,796
E01009047,1804,937,867
E01009048,1762,966,796
E01009062,1729,837,892
E01008909,1633,754,879
E01033628,2430,1232,1198
E01033637,2838,1367,1471
E01009084,1742,816,926
E01009085,1977,944,1033
E01009087,1514,768,746
E01009089,1527,764,763
E01009090,1857,882,975
E01009201,1720,820,900
E01009202,1503,712,791
E01009203,2837,1394,1443
E01009082,1411,672,739
E01009086,1881,932,949
E01009480,1756,862,894
E01009481,2289,1115,1174
E01009486,2018,1008,1010
E01009487,2205,1057,1148
E01009088,1610,752,858
E01009091,1554,725,829
E01009305,1610,800,810
E01009307,1529,707,822
E01009309,1418,637,781
E01009304,1807,863,944
E01009306,1550,750,800
E01009308,1943,877,1066
E01009310,1861,852,1009
E01009348,1969,953,1016
E01009358,2053,1089,964
E01009359,1968,1017,951
E01009360,2435,1146,1289
E01009361,2109,1044,1065
E01009478,1835,910,925
E01009479,2206,1113,1093
E01009482,1721,850,871
E01009484,1755,903,852
E01009485,1835,917,918
E01008906,1780,891,889
E01008911,1609,788,821
E01009347,1766,844,922
E01033559,1263,720,543
E01033638,1750,865,885
E01008910,1812,932,880
E01008913,1481,769,712
E01008914,2715,1441,1274
E01033561,2939,1475,1464
E01033617,2962,1402,1560
E01009194,2846,1452,1394
E01009483,1851,943,908
E01009488,2163,1055,1108
E01009489,2001,1016,985
E01009491,1794,913,881
E01009192,2749,1376,1373
E01009199,1415,700,715
E01009204,1793,907,886
E01033644,2998,1491,1507
E01009151,2007,946,1061
E01009152,2163,1151,1012
E01009153,2147,1073,1074
E01009345,2377,1479,898
E01009346,1682,797,885
E01009092,1675,745,930
E01009093,1603,739,864
E01009094,1434,679,755
E01009298,1578,760,818
E01009311,1658,806,852
E01009511,1486,727,759
E01009475,2072,977,1095
E01009476,1889,985,904
E01009477,1692,807,885
E01009490,1927,962,965
E01009492,1754,885,869
E01009095,1700,845,855
E01009507,1551,803,748
E01009508,1548,746,802
E01009509,1747,864,883
E01009510,1606,767,839
E01009297,1606,762,844
E01009299,1637,769,868
E01009300,1803,858,945
E01009301,1604,748,856
E01009303,1479,726,753
E01009195,2600,1341,1259
E01009197,1679,804,875
E01009198,1761,894,867
E01033647,1398,677,721
E01033649,1801,878,923
E01009138,1646,824,822
E01009139,1583,814,769
E01009140,1915,1018,897
E01009145,1981,1031,950
E01009147,1683,908,775
E01009512,1616,783,833
E01009514,1510,708,802
E01009516,1412,679,733
E01009517,1709,836,873
E01009325,1797,911,886
E01009342,1738,856,882
E01009343,1706,844,862
E01033642,3105,1544,1561
E01008986,1801,964,837
E01008987,1540,751,789
E01008988,2037,1132,905
E01008989,1742,933,809
E01008990,1171,533,638
E01008991,1515,732,783
E01008882,1747,842,905
E01008896,1575,765,810
E01008898,1674,789,885
E01009326,1919,952,967
E01009341,1558,762,796
E01009513,1720,836,884
E01008881,1599,778,821
E01008897,1686,847,839
E01009515,1564,763,801
E01009518,1608,794,814
E01009521,1640,827,813
E01009302,1507,730,777
E01009314,1586,746,840
E01009321,1840,854,986
E01009322,1386,689,697
E01009323,1471,706,765
E01009329,2341,1209,1132
E01009334,1889,936,953
E01009337,1788,907,881
E01009338,1569,789,780
E01009380,1700,874,826
E01009362,1316,682,634
E01009363,1554,803,751
E01009364,1338,683,655
E01009365,1719,929,790
E01009379,1669,860,809
E01009312,1576,753,823
E01009324,1641,782,859
E01009519,1519,763,756
E01009520,1752,887,865
E01009066,1508,746,762
E01009070,1678,763,915
E01009252,1538,766,772
E01009260,1535,751,784
E01009261,1607,770,837
E01008984,2090,1046,1044
E01008994,1695,849,846
E01008996,1571,773,798
E01008997,1445,705,740
E01009065,1716,885,831
E01009067,1480,690,790
E01009068,1543,698,845
E01009069,1564,747,817
E01009072,1599,745,854
E01008885,1308,630,678
E01008886,1564,762,802
E01008888,1658,850,808
E01009313,1571,771,800
E01009368,1468,769,699
E01009371,1777,957,820
E01009397,1759,860,899
E01033650,2596,1292,1304
E01008883,1816,889,927
E01008884,1870,906,964
E01008887,1478,719,759
E01008889,1775,916,859
E01008982,1475,743,732
E01008992,1800,859,941
E01009283,1476,745,731
E01033631,4965,2436,2529
E01009249,1586,740,846
E01009250,1615,788,827
E01009251,1499,740,759
E01009253,1540,724,816
E01009255,1553,739,814
E01009257,1522,727,795
E01009315,1594,817,777
E01009316,1647,778,869
E01009317,1670,821,849
E01009318,1533,760,773
E01009319,1634,855,779
E01009320,1544,786,758
E01009372,1822,905,917
E01009373,1838,897,941
E01009396,2153,1113,1040
E01033643,3095,1571,1524
E01009367,1642,859,783
E01009375,1932,972,960
E01009377,1370,687,683
E01009383,1452,768,684
E01009399,1590,809,781
E01009366,1581,794,787
E01009374,1147,563,584
E01009376,1674,861,813
E01033648,2715,1374,1341
E01009073,1614,742,872
E01009074,1672,817,855
E01009254,1558,745,813
E01009256,1565,748,817
E01009258,1526,716,810
E01009071,1615,808,807
E01009075,1634,808,826
E01009078,1433,711,722
E01033562,2504,1260,1244
E01009183,1604,818,786
E01009186,1701,887,814
E01033645,3485,1765,1720
E01008890,1734,862,872
E01008891,1560,785,775
E01008892,1527,736,791
E01008893,1716,912,804
E01008894,1412,686,726
E01008895,1822,891,931
E01009015,1736,850,886
E01009014,2023,991,1032
E01009018,1673,848,825
E01009026,1578,775,803
E01009028,1790,854,936
E01009029,1548,728,820
E01009182,1624,867,757
E01009184,1606,869,737
E01009187,1572,786,786
E01009188,1523,728,795
E01009384,1334,705,629
E01009385,1297,707,590
E01009185,1634,789,845
E01009389,1761,879,882
E01009390,1564,870,694
E01009394,1730,881,849
E01008918,1726,789,937
E01008920,1389,670,719
E01008921,1426,696,730
E01008931,1439,660,779
E01009259,1607,739,868
E01008919,1577,756,821
E01009064,1477,718,759
E01009077,1706,807,899
E01009291,1537,711,826
E01009500,1536,709,827
E01009284,2287,1042,1245
E01009286,2212,1069,1143
E01009289,2097,948,1149
E01009290,2000,951,1049
E01033634,4054,1885,2169
E01009017,1669,785,884
E01009043,1971,951,1020
E01009044,1624,813,811
E01009045,1712,838,874
E01009046,1800,872,928
E01009395,1681,860,821
E01009016,1559,777,782
E01009022,1749,850,899
E01009023,1673,831,842
E01009030,1475,727,748
E01009281,1429,623,806
E01009292,1648,829,819
E01009294,1837,907,930
E01009295,1770,820,950
E01009280,1317,650,667
E01009282,1648,891,757
E01009288,1234,592,642
E01009293,1516,777,739
E01009296,1499,761,738
E01008924,1427,693,734
E01009501,1564,716,848
E01009502,1508,709,799
E01009503,1541,738,803
E01009505,1662,807,855
E01008917,1335,661,674
E01008923,1347,637,710
E01008925,1301,642,659
E01008927,1390,668,722
E01008928,1485,654,831
E01009019,1611,794,817
E01009020,1511,709,802
E01009021,1620,757,863
E01009024,1623,775,848
E01009025,1514,710,804
E01009033,1770,884,886
E01009175,1470,757,713
E01009177,1578,769,809
E01009178,1594,794,800
E01009179,1720,841,879
E01009189,1496,720,776
E01008933,1556,768,788
E01008934,1405,672,733
E01009031,1655,829,826
E01009037,1620,780,840
E01009176,1650,805,845
E01008929,1479,697,782
E01008930,1498,700,798
E01009495,1225,573,652
E01033629,2593,1210,1383
E01008953,1564,755,809
E01008963,1371,658,713
E01008964,1473,687,786
E01008965,1529,739,790
E01008966,1688,824,864
E01009032,1794,897,897
E01009034,1691,829,862
E01009035,1812,886,926
E01009036,1514,753,761
E01009494,1626,710,916
E01009496,1481,716,765
E01009497,1767,848,919
E01009504,1471,707,764
E01009506,1494,752,742
E01008967,1687,822,865
E01008968,1707,847,860
E01008970,1541,742,799
E01008981,1538,737,801
E01008932,1544,727,817
E01008935,1675,801,874
E01008936,1568,751,817
E01008938,1593,775,818
E01008939,1543,719,824
E01008951,1427,679,748
E01008952,1595,778,817
E01008955,1533,768,765
E01008956,1513,698,815
E01008957,1658,792,866
E01008950,1431,655,776
E01008954,1357,671,686
E01008958,1554,683,871
E01009493,1470,801,669
E01008937,1426,672,754
E01008940,1538,732,806
E01008941,1522,735,787
E01008944,1716,823,893
E01008959,1759,785,974
E01008960,1606,780,826
E01008961,1495,760,735
E01008962,1907,906,1001
E01008942,1599,787,812
E01008943,1458,693,765
E01008969,1646,793,853
E01008971,1691,798,893
E01008972,1790,830,960
E01008973,1906,918,988
E01008974,2881,1455,1426
E01008975,1549,775,774
E01009172,1420,676,744
E01009173,1733,863,870
E01009174,1255,602,653
E01009498,1636,759,877
E01009499,1740,807,933
E01009205,1531,776,755
E01009206,1624,824,800
E01009211,1442,742,700
E01009218,1527,755,772
E01009219,1564,751,813
E01008976,1541,719,822
E01008978,1393,699,694
E01008979,1605,767,838
E01008980,1626,801,825
E01008945,1835,888,947
E01008946,1485,756,729
E01008947,1392,678,714
E01008948,1459,707,752
E01008949,1262,641,621
E01008977,1574,744,830
E01009109,1368,617,751
E01009119,1439,690,749
E01009120,1438,676,762
E01009162,1602,745,857
E01009207,1659,817,842
E01009208,1531,754,777
E01009209,2128,1060,1068
E01009213,1486,704,782
E01009155,1356,667,689
E01009157,1510,729,781
E01009160,1586,774,812
E01009161,1412,683,729
E01033633,2353,1122,1231
E01009117,2060,957,1103
E01009210,1855,897,958
E01009212,1678,794,884
E01009214,1652,798,854
E01009215,1650,811,839
E01009108,1341,648,693
E01009111,1387,694,693
E01009112,1508,727,781
E01009116,1426,683,743
E01009118,1469,701,768
E01009107,1741,821,920
E01009110,1565,750,815
E01009113,1518,721,797
E01009114,1571,748,823
E01009115,1417,686,731
E01009158,1897,913,984
E01009163,1452,673,779
E01009165,1352,666,686
E01009169,1680,817,863
E01009159,1775,856,919
E01009164,1484,711,773
E01009167,1550,762,788
E01009171,1597,759,838
E01009166,1319,637,682
E01009168,1489,761,728
E01009170,1483,725,758
E01009216,1991,949,1042
E01009217,1630,819,811
E01009039,1705,846,859
E01009040,1747,863,884
E01009041,1661,827,834
E01009042,1379,681,698
E01032589,1411,657,754
E01009262,1756,847,909
E01009267,1756,856,900
E01009276,1618,766,852
E01009278,1729,839,890
E01009279,1528,758,770
E01032591,1645,824,821
E01008995,1816,928,888
E01033557,2059,1025,1034
E01033624,1033,501,532
E01033626,1069,566,503
E01033640,1296,663,633
E01009378,2065,1159,906
E01033567,1172,660,512
E01033615,1019,620,399
E01033616,1012,686,326
E01009143,1419,758,661
E01009146,1923,1098,825
E01033564,1231,710,521
E01033639,1803,912,891
E01009141,1760,881,879
E01033565,1021,599,422
E01033618,1191,693,498
E01033619,1134,599,535
E01033627,1078,601,477
E01033620,1020,597,423
E01033622,1713,955,758
E01033623,1120,712,408
E01033625,1694,976,718
E01009200,1712,871,841
E01009327,1633,798,835
E01009328,2366,1197,1169
E01009331,2145,1080,1065
E01009332,1706,847,859
E01009333,1654,813,841
E01009335,1882,909,973
E01009344,1615,820,795
E01009339,1521,771,750
E01009340,2708,1362,1346
E01009382,1836,929,907
E01009391,1622,847,775
E01009392,1774,890,884
E01009393,1645,858,787
E01033641,3296,1673,1623
E01009589,1425,713,712
E01032536,1897,944,953
E01032537,1950,940,1010
E01032538,2180,1047,1133
E01009590,1388,687,701
E01009591,1540,762,778
E01009593,1654,832,822
E01009598,1619,800,819
E01009604,1459,732,727
E01009605,1499,725,774
E01009607,1495,764,731
E01009608,1581,771,810
E01009610,1464,731,733
E01009564,1657,800,857
E01009575,1310,609,701
E01009606,1478,711,767
E01009609,1589,751,838
E01009524,1504,692,812
E01009525,1435,689,746
E01009527,1610,813,797
E01009594,1377,680,697
E01009577,1293,615,678
E01009579,1681,791,890
E01009581,1569,720,849
E01009584,1422,681,741
E01009585,1062,477,585
E01009709,1065,498,567
E01009576,1575,754,821
E01009578,1425,711,714
E01009582,1740,816,924
E01009583,1608,761,847
E01009586,1671,831,840
E01009565,1715,857,858
E01009566,1581,806,775
E01009567,1838,939,899
E01009568,1788,902,886
E01009523,1532,741,791
E01009526,1615,795,820
E01009528,1595,796,799
E01009531,1539,731,808
E01009587,1535,768,767
E01009624,1628,770,858
E01009625,2346,1131,1215
E01009626,1638,806,832
E01009622,1782,809,973
E01009623,1523,744,779
E01009627,1561,764,797
E01009628,1511,722,789
E01009599,1240,600,640
E01009663,1438,691,747
E01009710,1393,704,689
E01009711,1411,707,704
E01009522,1434,670,764
E01009529,1541,763,778
E01009530,1385,671,714
E01009645,1474,721,753
E01009569,1309,639,670
E01009570,1802,936,866
E01009571,1623,851,772
E01009572,2176,1119,1057
E01009573,1544,798,746
E01009574,1600,814,786
E01009655,1853,903,950
E01009656,1604,806,798
E01009659,1724,874,850
E01009662,1440,747,693
E01009664,1511,768,743
E01009643,1499,735,764
E01009644,1657,787,870
E01009647,1751,810,941
E01009648,1545,759,786
E01009652,1446,710,736
E01009653,1574,762,812
E01009613,1309,636,673
E01009657,1672,814,858
E01009712,1597,775,822
E01009714,1539,741,798
E01009716,1743,844,899
E01009580,1213,584,629
E01009713,1397,673,724
E01009715,1377,665,712
E01009717,1458,738,720
E01009718,1687,857,830
E01009629,2758,1431,1327
E01009630,1685,781,904
E01009631,1329,635,694
E01009632,1642,944,698
E01009650,1600,914,686
E01009614,1457,681,776
E01009654,1764,853,911
E01009658,1509,774,735
E01009660,1773,950,823
E01009646,1524,761,763
E01009692,1274,591,683
E01009693,1500,715,785
E01009694,1428,692,736
E01009695,1546,767,779
E01009696,1516,752,764
E01009704,1475,715,760
E01009705,1459,714,745
E01009636,2270,1202,1068
E01009637,1488,747,741
E01009638,1503,839,664
E01009639,1746,888,858
E01009640,1871,955,916
E01009641,2875,1531,1344
E01009697,1454,737,717
E01009698,1526,758,768
E01009703,2591,1240,1351
E01009706,1491,732,759
E01009649,1418,711,707
E01009684,1405,674,731
E01009685,1642,794,848
E01009686,1674,812,862
E01009687,1407,710,697
E01009615,1778,917,861
E01009616,1559,733,826
E01009617,1272,626,646
E01009618,1526,755,771
E01009620,1466,713,753
E01009621,1366,677,689
E01009633,1781,950,831
E01009634,1641,880,761
E01009635,3207,1834,1373
E01009661,1824,946,878
E01009674,1590,757,833
E01009699,1430,714,716
E01009700,1614,790,824
E01009701,1519,716,803
E01009702,1444,700,744
E01009688,1479,784,695
E01009689,1475,810,665
E01009690,1471,731,740
E01009691,1360,706,654
E01009548,2273,1198,1075
E01009553,2099,1208,891
E01009642,2766,1677,1089
E01009651,1648,902,746
E01009676,1482,712,770
E01009681,1286,653,633
E01009682,1531,771,760
E01009683,1354,645,709
E01009532,1338,638,700
E01009535,1330,657,673
E01009536,1472,743,729
E01009543,1761,882,879
E01009707,1869,919,950
E01009708,1486,709,777
E01009554,1321,669,652
E01009555,1452,746,706
E01009556,1522,740,782
E01009557,1329,658,671
E01009558,1490,775,715
E01009559,1401,674,727
E01009537,1494,717,777
E01009538,1447,687,760
E01009611,2138,1016,1122
E01009612,1402,679,723
E01032527,1571,752,819
E01032528,1521,712,809
E01009679,1463,739,724
E01032531,2600,1242,1358
E01032532,1320,645,675
E01032533,1857,945,912
E01009549,1619,795,824
E01009550,1854,913,941
E01009552,1595,770,825
E01032534,1906,895,1011
E01032535,1185,581,604
E01009544,1543,794,749
E01009619,1885,1031,854
E01032529,1238,583,655
E01032530,1849,924,925
E01009539,1587,783,804
E01009540,1926,919,1007
E01009541,1532,742,790
E01009542,1774,970,804
E01009560,1539,776,763
E01009561,1587,766,821
E01009562,1642,819,823
E01009563,1672,808,864
E01009672,2086,1020,1066
E01009666,1310,647,663
E01009667,1356,645,711
E01009668,1643,793,850
E01009670,1664,847,817
E01009665,1188,601,587
E01009669,1288,638,650
E01009671,4248,2171,2077
E01033058,2674,1374,1300
E01009588,1538,731,807
E01009592,1633,768,865
E01009596,1524,752,772
E01009597,1788,854,934
E01032587,1747,861,886
E01009763,1857,891,966
E01009764,1425,711,714
E01009767,1468,701,767
E01009769,1579,788,791
E01009770,1453,710,743
E01009773,1543,739,804
E01009777,1451,739,712
E01009778,1550,784,766
E01009895,1407,673,734
E01009896,1486,710,776
E01009897,1455,732,723
E01009898,1477,707,770
E01009901,1397,675,722
E01009902,1269,615,654
E01009765,1604,799,805
E01009766,1584,784,800
E01009768,1387,659,728
E01009771,1392,667,725
E01009775,1600,779,821
E01009776,1534,758,776
E01009758,1703,831,872
E01009760,1317,652,665
E01009772,1343,607,736
E01009774,1577,760,817
E01009788,1578,776,802
E01009756,1411,658,753
E01009757,1652,804,848
E01009759,1291,663,628
E01009762,1398,646,752
E01033187,2338,1109,1229
E01009781,1899,940,959
E01009786,1497,732,765
E01009789,1459,723,736
E01009790,1545,780,765
E01009779,1359,661,698
E01009782,1557,751,806
E01009783,1467,737,730
E01009785,1448,717,731
E01009899,1436,704,732
E01009900,1464,711,753
E01009780,2071,1021,1050
E01009784,1669,823,846
E01009787,1571,785,786
E01009880,1603,785,818
E01009882,1415,712,703
E01009891,1729,835,894
E01009892,1508,745,763
E01009893,1716,817,899
E01009894,1757,835,922
E01009844,1499,751,748
E01009879,2049,995,1054
E01009881,2077,1116,961
E01009885,1561,790,771
E01009816,1473,720,753
E01009817,1283,605,678
E01009819,1560,766,794
E01009820,1548,741,807
E01009748,1636,796,840
E01009839,1646,825,821
E01009883,1368,670,698
E01009884,1548,789,759
E01009886,1592,792,800
E01009814,1329,631,698
E01009815,1325,653,672
E01009818,1139,564,575
E01009821,1400,681,719
E01009822,1504,722,782
E01009887,1783,868,915
E01009888,1615,798,817
E01009889,1838,921,917
E01009890,1693,820,873
E01009749,1454,729,725
E01009750,1521,771,750
E01009823,1401,714,687
E01009824,1648,813,835
E01009751,1498,733,765
E01009752,1504,745,759
E01009753,1578,754,824
E01009754,1641,792,849
E01009841,1605,780,825
E01009840,1435,696,739
E01009842,1837,968,869
E01009843,1569,759,810
E01009871,1844,952,892
E01009875,1594,769,825
E01009825,1435,710,725
E01009826,1469,725,744
E01009827,1600,777,823
E01009828,1378,685,693
E01009829,1547,764,783
E01009830,1607,775,832
E01009872,1499,760,739
E01009873,1509,732,777
E01009874,1615,825,790
E01009876,1668,822,846
E01009877,1566,763,803
E01009911,1354,679,675
E01009912,1708,821,887
E01009913,1544,775,769
E01009914,1429,688,741
E01009915,1721,834,887
E01009916,1695,850,845
E01009741,2291,1219,1072
E01009744,1871,930,941
E01009746,1661,845,816
E01009747,1492,741,751
E01009731,1566,780,786
E01009740,1682,808,874
E01009742,1568,744,824
E01009743,1795,862,933
E01009745,1713,841,872
E01009917,1266,628,638
E01009918,1424,664,760
E01009919,1240,624,616
E01009920,1409,708,701
E01009864,1636,795,841
E01009865,1491,722,769
E01009866,1652,808,844
E01009867,1734,861,873
E01009878,2023,980,1043
E01009791,1509,765,744
E01009792,1583,777,806
E01009795,1657,798,859
E01009796,1510,738,772
E01009798,1702,847,855
E01009719,1443,720,723
E01009722,1370,665,705
E01009727,1353,674,679
E01009728,1351,701,650
E01009729,1570,787,783
E01009720,1416,694,722
E01009723,1258,637,621
E01009724,1497,732,765
E01009730,1488,743,745
E01009903,1458,698,760
E01009904,1447,693,754
E01009909,1362,632,730
E01009910,1579,772,807
E01009793,1387,683,704
E01009794,1477,720,757
E01009797,1348,620,728
E01009801,1664,815,849
E01009721,1898,910,988
E01009725,1439,680,759
E01009726,1332,681,651
E01009834,1605,774,831
E01009833,1392,689,703
E01009835,1563,772,791
E01009869,1590,767,823
E01009870,1460,779,681
E01009809,1628,776,852
E01009813,1600,780,820
E01009861,1549,741,808
E01009862,1759,848,911
E01009863,1844,901,943
E01009868,1560,763,797
E01009734,1528,756,772
E01009735,1495,751,744
E01009736,1395,684,711
E01009737,1479,713,766
E01009738,1558,750,808
E01009856,1983,1008,975
E01009905,1389,671,718
E01009906,1621,866,755
E01009907,1468,707,761
E01009908,1652,814,838
E01009800,1567,737,830
E01009802,1619,788,831
E01009803,1631,803,828
E01009804,1328,662,666
E01009831,1469,748,721
E01009836,1834,910,924
E01009837,1604,811,793
E01009838,1668,845,823
E01009847,1465,724,741
E01009848,1430,698,732
E01009849,1541,751,790
E01009851,1438,689,749
E01009732,1744,861,883
E01009733,1779,887,892
E01009739,1537,756,781
E01009799,1497,723,774
E01009805,1402,689,713
E01009806,1451,713,738
E01009854,1533,751,782
E01009857,1613,785,828
E01009858,1565,912,653
E01009859,1616,790,826
E01009845,1521,755,766
E01009846,1473,719,754
E01009850,1480,710,770
E01009852,1493,720,773
E01009832,1650,780,870
E01009853,1387,668,719
E01009855,1632,780,852
E01009860,1533,768,765
E01009807,1801,876,925
E01009808,1452,695,757
E01009810,1741,842,899
E01009811,1536,752,784
E01009812,1530,754,776
E01010085,1606,777,829
E01010086,1742,869,873
E01010087,1718,853,865
E01010088,1547,770,777
E01010089,1867,887,980
E01009969,1944,904,1040
E01009970,1498,745,753
E01009971,1617,749,868
E01009973,2439,1194,1245
E01009960,1585,778,807
E01009961,1238,599,639
E01009966,1217,588,629
E01009967,1807,870,937
E01010092,1907,920,987
E01009962,1336,614,722
E01009963,1347,626,721
E01009964,1524,736,788
E01009965,1419,715,704
E01010090,1704,837,867
E01010091,1516,742,774
E01010096,1479,711,768
E01010097,1766,862,904
E01009968,1471,730,741
E01009972,1817,896,921
E01009974,1492,717,775
E01009975,1640,819,821
E01010030,1505,743,762
E01010034,1408,711,697
E01010035,1368,704,664
E01010036,1651,817,834
E01009982,1561,757,804
E01009983,1460,705,755
E01010029,1399,666,733
E01010037,1097,537,560
E01009991,2204,1054,1150
E01009994,1545,767,778
E01009995,1622,794,828
E01009996,1579,768,811
E01009997,1734,847,887
E01009998,1966,936,1030
E01010008,1588,776,812
E01010010,1342,643,699
E01010011,1645,824,821
E01010012,1400,680,720
E01010007,1281,621,660
E01010009,1423,687,736
E01010013,1247,606,641
E01010014,1632,780,852
E01010093,1095,555,540
E01010094,1465,710,755
E01010095,1382,703,679
E01010098,1712,823,889
E01010099,1636,806,830
E01010100,1763,854,909
E01009978,1736,901,835
E01010031,1566,794,772
E01010032,1448,688,760
E01010033,1539,812,727
E01010074,2335,1122,1213
E01010066,1498,724,774
E01010067,1528,812,716
E01010068,1636,754,882
E01010070,1589,753,836
E01010075,1458,732,726
E01010076,1287,619,668
E01009976,2510,1225,1285
E01009977,1763,896,867
E01009979,1561,758,803
E01009980,2283,1124,1159
E01010069,1832,917,915
E01010071,1728,870,858
E01009947,1937,947,990
E01009992,1701,837,864
E01009993,1876,898,978
E01010103,1891,952,939
E01010104,1645,821,824
E01010105,1483,755,728
E01009981,1797,899,898
E01009985,1719,856,863
E01032887,2757,1438,1319
E01009986,1367,699,668
E01009987,1233,644,589
E01009989,1645,855,790
E01010106,1557,813,744
E01009988,1778,878,900
E01010101,1883,981,902
E01010102,1754,892,862
E01010107,1751,944,807
E01010015,1686,850,836
E01010016,1626,785,841
E01010018,2068,1021,1047
E01010072,2290,1130,1160
E01010073,1502,729,773
E01010077,1531,725,806
E01010079,1523,767,756
E01010080,1793,897,896
E01010081,1517,768,749
E01010082,2303,1172,1131
E01010083,1704,827,877
E01010084,1599,751,848
E01010046,2067,1027,1040
E01010047,1872,920,952
E01010048,1678,882,796
E01010049,1624,831,793
E01010050,1521,785,736
E01010052,1410,682,728
E01010053,1974,963,1011
E01010017,1895,952,943
E01010019,1729,890,839
E01010020,1887,920,967
E01010021,1700,833,867
E01010039,1374,660,714
E01010043,1464,738,726
E01010044,1395,679,716
E01010078,1275,625,650
E01010059,1926,959,967
E01010061,1828,951,877
E01010062,1594,778,816
E01010063,2145,1108,1037
E01010064,1800,847,953
E01010065,2690,1311,1379
E01009934,1455,700,755
E01009935,1916,961,955
E01009936,1638,811,827
E01010004,1558,787,771
E01010054,1906,930,976
E01010055,1697,857,840
E01010056,1600,776,824
E01010057,1965,955,1010
E01010060,1972,987,985
E01010038,1789,862,927
E01010040,1429,690,739
E01010041,1690,808,882
E01010045,1599,756,843
E01010000,1572,790,782
E01010002,2112,1082,1030
E01010003,1499,748,751
E01010005,1510,762,748
E01010006,1653,828,825
E01009938,1703,841,862
E01009943,1471,692,779
E01009944,1503,713,790
E01010051,1232,567,665
E01010058,1641,789,852
E01009937,1590,766,824
E01009939,1761,862,899
E01009940,1489,724,765
E01009941,1538,749,789
E01009942,1648,782,866
E01009929,1708,828,880
E01009930,1521,741,780
E01009931,2242,1107,1135
E01009932,1691,820,871
E01009999,1377,683,694
E01009921,1579,805,774
E01009922,1267,596,671
E01009924,1375,656,719
E01009925,1349,653,696
E01009926,1413,657,756
E01009927,1564,797,767
E01009928,1759,841,918
E01009933,1494,733,761
E01009952,1963,1006,957
E01009955,1929,996,933
E01009956,1571,784,787
E01009959,1438,723,715
E01010042,1787,864,923
E01009923,1446,700,746
E01010024,1513,723,790
E01010026,1727,804,923
E01010027,1519,746,773
E01010001,1743,819,924
E01010022,1550,750,800
E01010023,1752,844,908
E01010025,1546,750,796
E01010028,1394,683,711
E01009953,1676,848,828
E01009954,1737,815,922
E01009957,1658,751,907
E01009958,1593,789,804
E01009946,1683,804,879
E01009948,1472,721,751
E01009949,1563,765,798
E01009950,1658,833,825
E01009951,1897,993,904
E01032592,1759,834,925
E01010118,1290,632,658
E01010120,1293,579,714
E01010121,1416,715,701
E01010122,1380,673,707
E01010235,1495,727,768
E01010236,1512,699,813
E01010239,1568,747,821
E01010240,1334,627,707
E01010117,1386,686,700
E01010119,1506,732,774
E01010123,1420,696,724
E01010124,1526,770,756
E01010146,1616,714,902
E01010234,1268,592,676
E01010237,1891,898,993
E01010238,1408,687,721
E01010145,1514,752,762
E01010147,1463,708,755
E01010148,1831,846,985
E01010149,1444,722,722
E01010125,1482,726,756
E01010129,1516,713,803
E01010139,1082,520,562
E01010141,1363,729,634
E01010140,1520,710,810
E01010142,1433,692,741
E01010143,1424,681,743
E01010144,1657,800,857
E01010111,1465,734,731
E01010126,1468,710,758
E01010127,1763,902,861
E01010128,1451,691,760
E01010130,1785,864,921
E01010131,1395,664,731
E01010109,1392,699,693
E01010110,1644,827,817
E01010112,1554,747,807
E01010113,1332,630,702
E01010114,1811,866,945
E01010157,1416,705,711
E01010159,1413,673,740
E01010162,1513,741,772
E01010163,1465,716,749
E01010132,1432,657,775
E01010133,1521,742,779
E01010134,1426,693,733
E01010135,1498,733,765
E01010138,1400,721,679
E01010136,1284,627,657
E01010137,1312,631,681
E01010158,1513,692,821
E01010160,1507,737,770
E01010161,1525,764,761
E01010174,1634,791,843
E01010175,1711,844,867
E01010177,1350,657,693
E01010178,1862,925,937
E01010172,1544,760,784
E01010173,1451,710,741
E01010176,1383,666,717
E01010179,1584,737,847
E01010115,1498,730,768
E01010116,1467,725,742
E01010227,1891,906,985
E01010228,1636,789,847
E01010232,2045,958,1087
E01010195,1592,781,811
E01010226,1604,703,901
E01010229,1494,750,744
E01010230,1795,838,957
E01010231,1705,831,874
E01010233,1818,911,907
E01010108,1976,969,1007
E01010164,1587,802,785
E01010165,1473,695,778
E01010167,1519,754,765
E01010199,1863,922,941
E01010200,1471,683,788
E01010201,1652,826,826
E01010204,1248,599,649
E01010205,1493,718,775
E01010206,1691,813,878
E01010192,1626,820,806
E01010196,1675,829,846
E01010197,1676,813,863
E01010198,1584,761,823
E01010218,1321,629,692
E01010219,1605,754,851
E01010221,1438,681,757
E01010222,1479,717,762
E01010191,1844,892,952
E01010202,1567,763,804
E01010203,1733,845,888
E01010209,1748,851,897
E01010213,1700,799,901
E01010208,1535,731,804
E01010210,1570,727,843
E01010211,1402,634,768
E01010217,1518,765,753
E01010190,1698,818,880
E01010193,1376,685,691
E01010194,1642,794,848
E01010207,1450,702,748
E01010166,1454,707,747
E01010168,1871,934,937
E01010169,1622,813,809
E01010170,1524,746,778
E01010171,1344,651,693
E01010151,1574,708,866
E01010152,1378,681,697
E01010153,1544,745,799
E01010154,1665,777,888
E01010155,1556,785,771
E01010156,1558,749,809
E01010212,1419,715,704
E01010214,1217,576,641
E01010215,1623,794,829
E01010216,1524,738,786
E01010150,1625,799,826
E01010184,1429,689,740
E01010185,1557,754,803
E01010186,1923,913,1010
E01010187,1516,771,745
E01010188,1747,872,875
E01010180,1269,624,645
E01010181,1951,963,988
E01010183,1362,693,669
E01010189,1604,800,804
E01032885,1197,644,553
E01032886,1974,1017,957
E01010220,1649,809,840
E01010223,1212,568,644
E01010225,1491,725,766
E01032590,1748,850,898
E01010301,1480,726,754
E01010303,1541,756,785
E01010306,1962,968,994
E01010307,1770,857,913
E01010302,1502,746,756
E01010304,1708,850,858
E01010305,1422,724,698
E01010308,1291,670,621
E01010345,1082,550,532
E01010346,1393,700,693
E01010347,1497,733,764
E01010350,1463,709,754
E01010249,1774,891,883
E01010250,1436,686,750
E01010252,1767,854,913
E01010254,1491,744,747
E01010348,1442,685,757
E01010349,1259,610,649
E01010351,1700,836,864
E01010352,1632,809,823
E01010284,1524,701,823
E01010285,1716,861,855
E01010286,1703,835,868
E01010290,1621,798,823
E01010251,1412,711,701
E01010253,1243,610,633
E01010255,1337,630,707
E01010256,1529,740,789
E01010257,1218,594,624
E01010292,1621,821,800
E01010294,1527,741,786
E01010296,1464,700,764
E01010297,1439,717,722
E01010291,1418,669,749
E01010293,1511,724,787
E01010298,1172,582,590
E01010299,1601,755,846
E01010300,1493,714,779
E01010319,1402,701,701
E01010321,1593,779,814
E01010353,1461,704,757
E01010354,1534,767,767
E01010395,1376,680,696
E01010397,1656,794,862
E01010398,1652,811,841
E01010399,1582,784,798
E01010282,1317,658,659
E01010287,1516,709,807
E01010288,1725,838,887
E01010289,1653,816,837
E01010277,1617,803,814
E01010283,1936,976,960
E01032889,1965,965,1000
E01010393,1497,745,752
E01010394,1448,717,731
E01010396,1602,778,824
E01010400,1884,900,984
E01010241,2219,1053,1166
E01010242,1655,820,835
E01010243,1511,714,797
E01010244,1508,710,798
E01010320,1342,641,701
E01010322,1527,729,798
E01010323,1487,736,751
E01010324,1562,739,823
E01010271,1803,907,896
E01010272,1518,769,749
E01010273,1547,765,782
E01010295,1474,704,770
E01010279,1679,815,864
E01010374,1808,898,910
E01010375,2208,1090,1118
E01032888,2636,1300,1336
E01010378,1261,631,630
E01010379,1324,653,671
E01010382,1540,762,778
E01010383,1422,651,771
E01010376,1364,701,663
E01010377,1547,760,787
E01010380,1505,732,773
E01010381,1486,760,726
E01010267,1710,839,871
E01010268,1783,894,889
E01010274,1579,745,834
E01010275,1522,749,773
E01010245,1541,745,796
E01010246,1567,786,781
E01010247,1659,804,855
E01010248,1638,794,844
E01010388,1442,711,731
E01010258,1746,791,955
E01010259,1633,772,861
E01010260,1594,751,843
E01010266,1398,650,748
E01010317,1600,794,806
E01010318,1540,752,788
E01010325,1675,862,813
E01010369,1830,968,862
E01010401,1463,706,757
E01010403,1738,845,893
E01010404,1814,884,930
E01010407,1658,781,877
E01010408,1548,766,782
E01010269,1654,831,823
E01010270,1782,885,897
E01010362,1758,839,919
E01010363,1887,958,929
E01010402,1704,859,845
E01010405,1683,826,857
E01010406,2573,1280,1293
E01010409,1602,771,831
E01010385,1560,805,755
E01010386,1605,768,837
E01010387,1569,760,809
E01010392,1551,756,795
E01010326,1641,808,833
E01010327,1700,825,875
E01010328,1472,750,722
E01010330,1490,742,748
E01010368,1891,1007,884
E01010370,1833,939,894
E01010371,2282,1256,1026
E01010372,1593,818,775
E01010373,1899,860,1039
E01010361,1508,762,746
E01010364,1533,743,790
E01010365,1496,749,747
E01010366,1760,873,887
E01010367,1724,852,872
E01010384,1491,724,767
E01010389,1487,744,743
E01010390,1728,816,912
E01010391,1984,968,1016
E01010261,1609,777,832
E01010263,1687,870,817
E01010264,1644,787,857
E01010265,1853,936,917
E01010336,1618,815,803
E01010340,1759,873,886
E01010341,1713,852,861
E01010342,1645,805,840
E01010343,1589,811,778
E01010344,1703,836,867
E01010331,1682,841,841
E01010332,1846,903,943
E01010333,1614,798,816
E01010334,1561,750,811
E01010262,1585,781,804
E01010309,1890,939,951
E01010311,1647,814,833
E01010316,1677,817,860
E01010335,1709,820,889
E01010337,1420,671,749
E01010338,1844,929,915
E01010339,1532,731,801
E01010310,1750,886,864
E01010312,1747,873,874
E01010313,1510,726,784
E01010314,1566,779,787
E01010315,1285,637,648
E01010329,1590,769,821
E01010355,1465,704,761
E01010356,1551,763,788
E01010357,1868,920,948
E01010358,1465,702,763
E01010359,1566,735,831
E01010360,1505,734,771
E01010434,1683,806,877
E01010436,1436,697,739
E01010437,1226,617,609
E01010438,1373,678,695
E01010439,1365,650,715
E01010440,1560,739,821
E01010441,1384,659,725
E01010495,1679,797,882
E01010497,1211,598,613
E01010499,1409,685,724
E01010500,1416,669,747
E01010496,1463,674,789
E01010498,1453,729,724
E01010541,1461,710,751
E01010543,1449,693,756
E01010456,1469,670,799
E01010457,1583,791,792
E01010462,1585,750,835
E01010481,1595,756,839
E01010555,1499,733,766
E01010556,1481,732,749
E01010557,1440,725,715
E01010559,1412,682,730
E01010560,1670,823,847
E01010435,1405,678,727
E01010501,1488,688,800
E01010502,1356,656,700
E01010503,1331,655,676
E01010482,1349,639,710
E01010483,1432,661,771
E01010484,1379,657,722
E01010485,1669,750,919
E01010458,1729,814,915
E01010459,1635,813,822
E01010460,1632,805,827
E01010461,1574,746,828
E01010566,1795,838,957
E01010539,1602,773,829
E01010540,1443,689,754
E01010542,1527,741,786
E01010544,1497,744,753
E01010545,1673,844,829
E01010554,1404,675,729
E01010558,1689,834,855
E01010562,1563,795,768
E01010563,1493,735,758
E01010567,1510,737,773
E01010478,1395,726,669
E01010479,1579,724,855
E01010480,1261,631,630
E01010486,1788,848,940
E01010474,1625,767,858
E01010561,1604,790,814
E01010564,1951,1021,930
E01010565,1868,900,968
E01010522,1743,898,845
E01010523,1588,831,757
E01010524,1535,803,732
E01010525,1422,669,753
E01010546,1518,717,801
E01010547,1538,744,794
E01010548,1415,647,768
E01010549,1515,738,777
E01010553,1570,764,806
E01010471,1719,922,797
E01010472,1895,910,985
E01010473,2458,1391,1067
E01010475,1639,831,808
E01010476,1833,958,875
E01010477,1706,817,889
E01010526,1487,732,755
E01010527,1874,1031,843
E01010528,1864,1059,805
E01010529,1618,917,701
E01010506,1659,959,700
E01010508,1413,826,587
E01010510,1589,835,754
E01010511,1625,854,771
E01010512,1443,750,693
E01010442,1305,623,682
E01010443,1711,833,878
E01010444,1320,657,663
E01010445,1373,663,710
E01010447,1819,942,877
E01010448,1528,749,779
E01010509,1478,719,759
E01010550,1595,774,821
E01010551,1628,841,787
E01010552,1847,881,966
E01010463,1635,840,795
E01010464,1598,849,749
E01010465,1641,805,836
E01010466,1492,696,796
E01010470,1408,725,683
E01010521,2547,1418,1129
E01010487,1522,752,770
E01010488,1436,685,751
E01010493,1539,756,783
E01010504,1387,661,726
E01010505,1290,634,656
E01010507,1473,705,768
E01010418,1538,750,788
E01010421,1584,743,841
E01010423,1552,725,827
E01010424,1579,789,790
E01010417,1651,831,820
E01010419,1437,715,722
E01010420,1298,633,665
E01010425,1351,676,675
E01010446,1630,833,797
E01010467,1588,795,793
E01010468,1500,704,796
E01010469,1422,692,730
E01010516,1445,724,721
E01010518,1623,804,819
E01010414,1962,989,973
E01010415,1710,842,868
E01010416,1665,783,882
E01010422,1694,863,831
E01010489,1534,732,802
E01010490,1728,899,829
E01010491,1505,689,816
E01010492,1340,663,677
E01010494,1585,764,821
E01010449,2317,1123,1194
E01010450,1738,876,862
E01010451,1577,807,770
E01010452,1565,781,784
E01010455,1835,916,919
E01010427,1699,847,852
E01010431,1606,805,801
E01010432,1560,782,778
E01010519,1602,779,823
E01010520,1647,813,834
E01010513,1530,689,841
E01010514,1624,831,793
E01010515,1638,814,824
E01010517,1609,784,825
E01010533,1721,843,878
E01010535,1564,744,820
E01010536,1645,813,832
E01010537,1462,713,749
E01010410,1670,810,860
E01010411,1663,838,825
E01010412,2036,1008,1028
E01010413,1710,831,879
E01010531,1762,812,950
E01010532,1653,815,838
E01010534,1592,808,784
E01010538,1638,796,842
E01010426,1544,809,735
E01010428,1444,753,691
E01010429,1290,639,651
E01010430,1710,853,857
E01010433,1169,572,597
E01010453,1925,921,1004
E01010454,1636,826,810
E01010530,1382,704,678
E01032138,1419,692,727
E01032139,1670,813,857
E01032140,1702,796,906
E01032141,1479,721,758
E01032136,1330,678,652
E01032137,1534,764,770
E01032168,1118,557,561
E01032169,1119,552,567
E01032176,2165,1072,1093
E01032126,2078,1018,1060
E01032170,1446,707,739
E01032171,1517,752,765
E01032172,1450,725,725
E01032133,1647,783,864
E01032135,1648,806,842
E01032145,1451,727,724
E01032147,1193,570,623
E01032134,1645,792,853
E01032146,1659,806,853
E01032177,1148,567,581
E01032178,1287,617,670
E01032142,1531,771,760
E01032143,1476,720,756
E01032144,1794,852,942
E01032149,1232,613,619
E01032127,1635,821,814
E01032128,1419,698,721
E01032129,1416,698,718
E01032152,1338,632,706
E01032148,1100,528,572
E01032150,1500,747,753
E01032151,1366,670,696
E01032153,1466,697,769
E01032155,1742,890,852
E01032122,2089,1058,1031
E01032123,1524,742,782
E01032124,1499,700,799
E01032125,1452,693,759
E01032154,1805,896,909
E01032159,1757,829,928
E01032160,1687,812,875
E01032161,1447,705,742
E01032156,1793,899,894
E01032157,1728,762,966
E01032173,1676,832,844
E01032175,1607,797,810
E01032158,1454,686,768
E01032162,1915,940,975
E01033059,1592,793,799
E01033061,1906,898,1008
E01032130,2669,1321,1348
E01032131,1709,836,873
E01032132,2167,1043,1124
E01032174,1557,750,807
E01032166,2094,1060,1034
E01033060,2149,1570,579
E01033062,2396,1210,1186
E01033243,1245,616,629
E01032193,2172,1070,1102
E01032212,1918,957,961
E01032213,1589,817,772
E01032214,2188,1043,1145
E01032181,2104,1023,1081
E01032190,1849,915,934
E01032199,1752,866,886
E01032223,2142,1082,1060
E01032179,1675,841,834
E01032180,1832,909,923
E01032182,2016,1004,1012
E01032183,1406,696,710
E01032194,1448,661,787
E01032195,1612,778,834
E01032196,1592,787,805
E01032197,1503,707,796
E01032205,1070,534,536
E01032206,1180,572,608
E01032207,1441,697,744
E01032217,1571,757,814
E01032188,1975,944,1031
E01032189,1982,965,1017
E01032220,1492,758,734
E01032221,1385,718,667
E01032222,1389,695,694
E01032201,1588,751,837
E01032202,1735,831,904
E01032203,1494,753,741
E01032204,1608,771,837
E01032191,2312,1121,1191
E01032192,1600,754,846
E01032211,1779,837,942
E01032184,1541,712,829
E01032185,1428,688,740
E01032186,1445,600,845
E01032187,1717,810,907
E01032208,1464,725,739
E01032209,1483,753,730
E01032210,1130,517,613
E01032218,1577,792,785
E01032219,1619,817,802
E01032198,2115,1040,1075
E01032200,2063,999,1064
E01032215,1123,524,599
E01032216,1527,745,782
E01032226,2005,1007,998
E01032227,1057,530,527
E01032243,1403,676,727
E01032244,1240,609,631
E01032240,1341,670,671
E01032241,1385,681,704
E01032242,1378,663,715
E01032245,1385,688,697
E01032232,1668,811,857
E01032233,2978,1502,1476
E01032234,1819,840,979
E01032235,1817,877,940
E01032224,1779,957,822
E01032225,1148,560,588
E01032239,1812,986,826
E01032262,2139,1097,1042
E01032273,1396,709,687
E01032275,1359,676,683
E01032277,1304,654,650
E01032278,1603,797,806
E01032236,1779,921,858
E01032237,1511,729,782
E01032238,1356,694,662
E01032264,1765,903,862
E01032255,1416,724,692
E01032263,1784,889,895
E01032266,1589,800,789
E01032274,1294,647,647
E01032259,1530,696,834
E01032269,1638,803,835
E01032270,1337,638,699
E01032271,1313,655,658
E01032272,1242,612,630
E01032253,1311,670,641
E01032265,1596,785,811
E01032267,1675,841,834
E01032268,1225,605,620
E01032276,1475,756,719
E01032250,1389,699,690
E01032251,1762,868,894
E01032252,1434,713,721
E01032254,1603,801,802
E01032256,1506,715,791
E01032257,1463,732,731
E01032258,1478,712,766
E01032260,1382,629,753
E01032246,1404,698,706
E01032247,1418,686,732
E01032248,1477,750,727
E01032249,1579,790,789
E01032261,1415,715,700
E01032228,1387,702,685
E01032229,1483,736,747
E01032230,1464,701,763
E01032231,1718,843,875
E01032296,1650,787,863
E01032297,1605,790,815
E01032298,1794,867,927
E01032299,1539,774,765
E01032300,1587,773,814
E01032303,1175,554,621
E01032304,1447,691,756
E01032331,1386,688,698
E01032332,1197,583,614
E01032330,1217,625,592
E01032334,2350,1162,1188
E01032335,1602,821,781
E01032336,1565,748,817
E01032279,1299,638,661
E01032312,1465,755,710
E01032327,1564,732,832
E01032328,1487,690,797
E01032329,1988,983,1005
E01032301,1428,704,724
E01032302,1241,632,609
E01032310,1462,761,701
E01032311,1525,754,771
E01032313,1348,648,700
E01032333,1962,928,1034
E01032314,1135,555,580
E01032315,2096,985,1111
E01032316,1175,568,607
E01032317,1506,712,794
E01032280,1610,790,820
E01032281,1366,669,697
E01032282,1759,919,840
E01033246,1154,578,576
E01033247,1090,600,490
E01032337,1898,922,976
E01032338,2078,1009,1069
E01032339,1663,811,852
E01032318,1584,741,843
E01032319,1710,852,858
E01032320,1816,910,906
E01032321,1492,752,740
E01032322,1818,873,945
E01032305,1655,841,814
E01032306,1534,740,794
E01032307,1791,877,914
E01032309,1580,752,828
E01032285,1693,828,865
E01032292,1629,857,772
E01032294,1446,722,724
E01033248,1015,532,483
E01033249,1232,652,580
E01032286,1689,862,827
E01032287,1615,800,815
E01032288,1578,754,824
E01032289,1486,737,749
E01032290,1522,730,792
E01032283,1643,770,873
E01032284,1971,962,1009
E01032295,2419,1240,1179
E01032308,1586,758,828
E01032323,1481,712,769
E01032324,1365,660,705
E01032325,1597,770,827
E01032326,1408,673,735
E01032354,2452,1188,1264
E01032386,1330,663,667
E01032387,1384,691,693
E01032401,1496,737,759
E01032368,1228,609,619
E01032369,1543,732,811
E01032370,1265,613,652
E01032371,1348,631,717
E01032359,1803,830,973
E01032360,1933,941,992
E01032361,1694,840,854
E01032357,1187,567,620
E01032358,1450,717,733
E01032365,1803,855,948
E01032367,1487,683,804
E01032362,1979,971,1008
E01032363,1521,765,756
E01032364,1661,817,844
E01032366,1602,770,832
E01032399,1690,830,860
E01032400,2251,1141,1110
E01032404,2360,1201,1159
E01032345,1447,727,720
E01032346,1331,669,662
E01032395,1206,590,616
E01032417,1491,719,772
E01032392,1518,743,775
E01032393,1552,773,779
E01032394,1187,609,578
E01032416,1117,548,569
E01032355,1293,630,663
E01032356,1123,540,583
E01032402,1506,719,787
E01032403,1444,706,738
E01032375,1165,574,591
E01032382,1244,594,650
E01032383,1480,726,754
E01032410,1354,697,657
E01032411,1597,764,833
E01032390,1364,677,687
E01032391,1097,544,553
E01032414,1524,737,787
E01032415,1643,1001,642
E01032405,1330,656,674
E01032406,1389,667,722
E01032407,1420,705,715
E01032408,1357,639,718
E01032409,1569,771,798
E01032340,1433,711,722
E01032341,1315,656,659
E01032349,1513,718,795
E01032350,1052,526,526
E01032388,1343,658,685
E01032389,1267,618,649
E01032343,2336,1167,1169
E01032377,1792,881,911
E01032378,1705,838,867
E01032376,1507,748,759
E01032384,1313,655,658
E01032385,1225,568,657
E01032396,1668,822,846
E01032342,1565,776,789
E01032344,1448,719,729
E01032379,1879,945,934
E01032380,1575,762,813
E01032381,1903,925,978
E01032397,1745,854,891
E01032398,1767,883,884
E01032351,1503,711,792
E01032352,1501,735,766
E01032353,1577,732,845
E01032374,1291,632,659
E01032347,1289,646,643
E01032348,1215,587,628
E01032372,1452,714,738
E01032373,1253,626,627
E01032412,1229,595,634
E01032413,1068,520,548
E01032431,1441,735,706
E01032432,1454,840,614
E01032433,1303,630,673
E01032439,1373,679,694
E01032440,1190,537,653
E01032479,2087,1027,1060
E01032441,1257,635,622
E01032442,1471,730,741
E01032443,1335,650,685
E01032444,1207,590,617
E01032445,1520,728,792
E01032436,1522,762,760
E01032438,1514,757,757
E01032446,1440,686,754
E01032447,1468,728,740
E01032448,1227,588,639
E01032434,1650,828,822
E01032435,1446,711,735
E01032437,1801,901,900
E01032450,2269,1122,1147
E01032430,1678,842,836
E01032480,1782,874,908
E01032481,1717,834,883
E01032482,1399,698,701
E01032451,1531,755,776
E01032452,1567,764,803
E01032453,1681,792,889
E01032454,1666,807,859
E01032449,1594,816,778
E01032464,1495,708,787
E01032465,1495,712,783
E01032466,1391,652,739
E01032467,1158,567,591
E01032468,1168,562,606
E01032474,1703,879,824
E01032475,1658,835,823
E01032476,1399,696,703
E01032477,1193,589,604
E01032478,1529,738,791
E01032469,1738,879,859
E01032470,1818,908,910
E01032471,1608,803,805
E01032418,1315,680,635
E01032419,1313,642,671
E01032420,1261,641,620
E01032421,1243,622,621
E01032422,1447,674,773
E01032427,1563,761,802
E01032428,1635,843,792
E01032429,1520,732,788
E01032472,1204,614,590
E01032473,1239,601,638
E01032455,1506,730,776
E01032456,1220,580,640
E01032457,1348,628,720
E01032458,1367,666,701
E01032459,1438,676,762
E01032460,1785,872,913
E01032461,1978,1053,925
E01032462,2224,1086,1138
E01032463,1635,795,840
E01032423,1499,738,761
E01032424,1423,688,735
E01032425,1430,683,747
E01032426,1439,720,719
E01017540,1466,725,741
E01017541,1286,638,648
E01017544,1431,669,762
E01017545,1492,741,751
E01017464,1460,740,720
E01017465,1426,695,731
E01017503,1311,645,666
E01017504,1978,952,1026
E01017546,1225,603,622
E01017547,1547,794,753
E01017478,1715,831,884
E01017479,1269,607,662
E01017480,2091,963,1128
E01017481,1200,591,609
E01017528,2493,1221,1272
E01017495,2003,969,1034
E01017496,1473,722,751
E01017542,1383,692,691
E01017543,1464,765,699
E01033431,1462,681,781
E01033432,2249,1078,1171
E01017453,1330,662,668
E01017454,1473,711,762
E01017455,1458,714,744
E01017456,1432,688,744
E01017457,1180,562,618
E01017458,1280,644,636
E01017529,1295,632,663
E01017530,1410,720,690
E01017531,1354,627,727
E01017532,1271,636,635
E01017533,1209,577,632
E01017534,1533,740,793
E01017488,1451,705,746
E01017489,1581,732,849
E01017490,1383,645,738
E01017491,1548,781,767
E01017492,1470,695,775
E01017493,1657,769,888
E01017459,1688,823,865
E01017460,1586,782,804
E01017461,1904,937,967
E01017462,1621,811,810
E01017463,1345,639,706
E01017482,1344,682,662
E01017483,1988,890,1098
E01017484,1288,759,529
E01017485,1388,745,643
E01017497,1407,724,683
E01017498,1277,637,640
E01017499,1334,657,677
E01017500,1147,637,510
E01017501,1362,613,749
E01017502,1721,983,738
E01017524,1560,756,804
E01017525,1206,604,602
E01017526,1455,692,763
E01017527,1174,569,605
E01017466,1921,1074,847
E01017467,1297,615,682
E01017468,1315,642,673
E01017469,1753,865,888
E01017470,1275,611,664
E01017471,1508,802,706
E01017535,1456,707,749
E01017536,2391,1224,1167
E01017537,1369,657,712
E01017538,1815,924,891
E01017539,1521,780,741
E01017518,1534,729,805
E01017519,1578,742,836
E01017520,1461,728,733
E01017521,1528,771,757
E01017522,1811,924,887
E01017523,1556,703,853
E01017472,1462,688,774
E01017473,2252,1143,1109
E01017474,1728,855,873
E01017475,1521,749,772
E01017476,1457,704,753
E01017477,1261,588,673
E01017509,1253,599,654
E01017510,1510,704,806
E01017511,1258,635,623
E01017512,1454,721,733
E01017505,1535,765,770
E01017506,1552,739,813
E01017507,1356,650,706
E01017508,1618,789,829
E01017513,1489,698,791
E01017514,1635,786,849
E01017515,1597,778,819
E01017516,1481,740,741
E01017517,1592,784,808
E01017486,1719,822,897
E01017487,1808,860,948
E01017548,1862,891,971
E01017549,1408,667,741
E01017550,2702,1321,1381
E01017551,1447,714,733
E01017552,1190,588,602
E01017553,1258,617,641
E01017554,1451,717,734
E01017433,1588,780,808
E01017434,1684,860,824
E01017436,2329,1192,1137
E01017430,1392,701,691
E01017431,1481,746,735
E01017432,1491,715,776
E01017435,1692,829,863
E01017425,1062,526,536
E01017426,1370,654,716
E01017427,1731,865,866
E01017428,1631,796,835
E01017429,1405,714,691
E01017412,1520,779,741
E01017422,1516,752,764
E01017423,1536,761,775
E01017424,1374,680,694
E01017383,1870,938,932
E01017384,1612,775,837
E01017385,1653,847,806
E01017386,1782,886,896
E01017387,1350,645,705
E01017388,1344,669,675
E01017381,1473,726,747
E01017382,1474,698,776
E01017389,1944,977,967
E01017390,2049,975,1074
E01017379,1191,596,595
E01017380,1241,608,633
E01017394,1540,804,736
E01017397,1673,852,821
E01033194,2667,1509,1158
E01017410,1199,603,596
E01017411,1514,754,760
E01017419,1612,794,818
E01017420,1520,722,798
E01017421,1738,864,874
E01017416,1981,1003,978
E01017417,2365,1175,1190
E01017418,1557,752,805
E01017451,1418,685,733
E01017452,1166,559,607
E01017376,1845,933,912
E01017377,1971,965,1006
E01017378,1768,867,901
E01017413,1756,866,890
E01017414,1736,873,863
E01017415,1852,903,949
E01017437,1528,753,775
E01017438,1662,826,836
E01017439,1676,819,857
E01017440,1374,685,689
E01017441,1935,989,946
E01017444,1842,924,918
E01017371,1300,621,679
E01017372,1472,710,762
E01017373,1488,748,740
E01017374,1472,733,739
E01017375,1443,721,722
E01017391,1367,676,691
E01017392,1511,740,771
E01017393,1745,837,908
E01017442,2052,1018,1034
E01017443,1805,953,852
E01017446,1731,860,871
E01017447,2067,1011,1056
E01017449,1486,736,750
E01033188,1430,693,737
E01033189,1542,760,782
E01033190,1376,675,701
E01017399,1495,756,739
E01017400,1496,745,751
E01017401,1271,635,636
E01017402,1599,806,793
E01017403,1419,708,711
E01017404,1348,690,658
E01017405,1449,720,729
E01017406,1555,775,780
E01017407,1602,807,795
E01017398,2400,1216,1184
E01017408,1072,538,534
E01017409,1225,611,614
E01017445,1791,868,923
E01017450,2300,1164,1136
E01017558,1798,886,912
E01017559,1703,822,881
E01017560,1491,743,748
E01017616,2320,1159,1161
E01017577,2169,1097,1072
E01017615,2097,1039,1058
E01017620,1802,902,900
E01017621,1640,822,818
E01017622,1681,837,844
E01017603,1501,760,741
E01017604,1661,830,831
E01017605,1416,686,730
E01017606,1514,742,772
E01017607,1409,695,714
E01017555,1910,943,967
E01017556,1579,794,785
E01017557,1759,810,949
E01017608,1729,828,901
E01017609,1668,783,885
E01017589,1653,846,807
E01017590,1528,783,745
E01017591,1696,834,862
E01017610,1133,555,578
E01017611,1267,623,644
E01017612,1325,645,680
E01017613,1387,684,703
E01017614,1495,766,729
E01017600,1939,1001,938
E01017601,1487,724,763
E01017602,1554,756,798
E01017618,1645,797,848
E01017619,2171,1080,1091
E01017573,1424,715,709
E01017575,2478,1245,1233
E01017576,1407,688,719
E01033191,1417,714,703
E01033192,1524,749,775
E01033193,1589,799,790
E01017578,1749,876,873
E01017579,1467,691,776
E01017580,2138,1002,1136
E01017581,1828,874,954
E01017617,1305,655,650
E01017582,1518,767,751
E01017583,1843,909,934
E01017584,1968,936,1032
E01017585,1417,725,692
E01017566,1498,721,777
E01017595,1197,589,608
E01017596,1539,736,803
E01017597,1448,714,734
E01017598,1058,552,506
E01017599,2125,1058,1067
E01017565,1521,748,773
E01017567,1655,812,843
E01017568,1850,904,946
E01017569,1612,781,831
E01017570,1936,970,966
E01017592,1540,758,782
E01017593,1487,720,767
E01017594,2166,1048,1118
E01017623,1680,840,840
E01017624,1877,892,985
E01017625,1609,800,809
E01017626,1709,860,849
E01017571,1231,591,640
E01017572,1354,680,674
E01017586,1455,717,738
E01017587,1548,780,768
E01017588,1172,560,612
E01017561,1497,764,733
E01017562,1440,674,766
E01017563,1583,766,817
E01017564,1406,692,714
E01015706,1406,672,734
E01015707,1442,722,720
E01015708,1399,720,679
E01015709,1466,711,755
E01015710,1494,731,763
E01015770,1279,652,627
E01015801,1761,881,880
E01015803,1505,744,761
E01015804,1830,917,913
E01015805,1335,679,656
E01015769,1195,574,621
E01015771,1427,683,744
E01015772,1475,700,775
E01015773,1333,634,699
E01015774,1444,673,771
E01015802,1518,730,788
E01015744,1438,702,736
E01015746,1507,710,797
E01015747,1434,690,744
E01015748,1660,782,878
E01015749,1894,915,979
E01015751,1721,793,928
E01015752,1339,644,695
E01015753,1413,711,702
E01015754,1773,835,938
E01015755,1672,788,884
E01015764,1555,754,801
E01015765,1649,813,836
E01015766,1675,815,860
E01015767,1572,808,764
E01015768,1453,690,763
E01015783,1722,852,870
E01015785,2134,1061,1073
E01015693,1545,745,800
E01015694,1443,710,733
E01015695,1592,793,799
E01015696,1385,638,747
E01015697,1771,837,934
E01015745,1590,801,789
E01015797,1307,656,651
E01015798,1342,641,701
E01015799,1388,692,696
E01015800,1523,764,759
E01015812,1359,666,693
E01015813,1314,630,684
E01015756,1593,743,850
E01015757,1533,716,817
E01015758,1494,740,754
E01015759,1506,730,776
E01015760,1490,715,775
E01015761,1652,801,851
E01015700,2438,1228,1210
E01015701,2219,1144,1075
E01015704,2116,1038,1078
E01015782,2070,1050,1020
E01015784,2200,1111,1089
E01015786,2210,1117,1093
E01015711,1703,861,842
E01015712,1805,930,875
E01015715,1822,915,907
E01015716,1854,867,987
E01015717,1537,762,775
E01015750,2186,1105,1081
E01015740,1565,781,784
E01015775,1609,790,819
E01015776,1892,911,981
E01015777,1732,861,871
E01015778,1726,874,852
E01015796,1461,732,729
E01015713,1408,709,699
E01015714,1727,872,855
E01015718,1614,769,845
E01015762,1699,846,853
E01015763,1552,746,806
E01015721,1536,773,763
E01015722,1275,621,654
E01015806,1318,652,666
E01015808,1414,681,733
E01015809,1413,736,677
E01015810,1391,654,737
E01015811,1428,721,707
E01015703,2145,1102,1043
E01015726,2328,1190,1138
E01015731,1971,1020,951
E01015787,2013,1010,1003
E01015788,2033,1040,993
E01015719,1423,722,701
E01015720,1525,764,761
E01015723,1311,653,658
E01015779,1474,712,762
E01015780,1645,811,834
E01015781,1545,750,795
E01015807,1363,652,711
E01015698,1885,1005,880
E01015699,1838,919,919
E01015702,1780,892,888
E01015705,1697,903,794
E01015725,1751,887,864
E01015727,1898,1040,858
E01015739,1908,1057,851
E01015741,2256,1250,1006
E01015742,1769,930,839
E01015743,1548,836,712
E01015789,1747,971,776
E01015794,2505,1366,1139
E01015724,2342,1227,1115
E01015728,1802,921,881
E01015729,1961,1096,865
E01015730,2340,1267,1073
E01015732,1523,734,789
E01015733,1807,846,961
E01015734,1855,921,934
E01015735,1730,890,840
E01015736,1740,840,900
E01015737,1535,749,786
E01015738,1806,1010,796
E01015790,1620,850,770
E01015791,2492,1337,1155
E01015792,1742,937,805
E01015793,1727,914,813
E01015795,2154,1272,882
E01015629,1740,844,896
E01015635,1534,746,788
E01015636,1150,573,577
E01015679,1792,892,900
E01015678,1422,708,714
E01015680,1511,723,788
E01015681,1552,743,809
E01015682,1442,716,726
E01015630,1539,786,753
E01015631,1306,660,646
E01015659,1951,994,957
E01015684,1491,718,773
E01015685,1611,783,828
E01015589,1654,807,847
E01015590,1222,602,620
E01015626,1485,764,721
E01015628,2268,1288,980
E01015617,1317,650,667
E01015618,1084,519,565
E01015619,2033,943,1090
E01015620,1704,845,859
E01015674,1495,696,799
E01015675,1582,778,804
E01015676,1507,752,755
E01015683,1836,878,958
E01015686,1505,728,777
E01015607,1407,648,759
E01015609,1735,883,852
E01015656,1541,756,785
E01015657,1975,958,1017
E01015658,1553,756,797
E01015660,1530,745,785
E01015605,1630,792,838
E01015608,1559,756,803
E01015610,1564,765,799
E01015633,2223,1069,1154
E01015634,1850,896,954
E01015593,1430,702,728
E01015596,1655,797,858
E01015662,1450,741,709
E01015663,1451,688,763
E01015664,1672,811,861
E01015603,2292,1212,1080
E01015604,1963,1005,958
E01015632,2028,1059,969
E01015661,1749,906,843
E01015677,1065,513,552
E01015591,1479,743,736
E01015592,1529,740,789
E01015594,1822,906,916
E01015595,1459,689,770
E01015597,1573,764,809
E01015601,2055,1021,1034
E01015651,2060,1051,1009
E01015652,2030,1037,993
E01015653,1818,879,939
E01015654,2374,1144,1230
E01015606,1725,843,882
E01015611,2097,1067,1030
E01015613,1549,774,775
E01015614,1799,890,909
E01015615,1614,798,816
E01015616,1779,892,887
E01015599,1881,1010,871
E01015600,1875,990,885
E01015602,1947,1033,914
E01015612,2183,1101,1082
E01015655,2136,1111,1025
E01015598,1498,741,757
E01015687,1590,772,818
E01015689,1435,701,734
E01015690,1204,598,606
E01015691,1391,662,729
E01015622,2361,1208,1153
E01015665,1668,829,839
E01015688,1421,705,716
E01015692,1421,676,745
E01033173,1907,961,946
E01033182,1472,745,727
E01015621,1975,967,1008
E01015623,1713,848,865
E01015624,1627,829,798
E01015666,1300,611,689
E01015668,1777,869,908
E01015627,1740,851,889
E01015644,1946,954,992
E01015645,1634,800,834
E01015646,1913,923,990
E01015648,1413,679,734
E01015667,1324,668,656
E01015669,1394,689,705
E01015670,1440,731,709
E01015671,1573,757,816
E01015672,1580,771,809
E01015673,1496,727,769
E01015637,1462,706,756
E01015639,1512,732,780
E01015640,1467,731,736
E01015641,1259,600,659
E01015642,1527,755,772
E01015647,1399,642,757
E01015638,1557,742,815
E01015650,2023,1034,989
E01033174,1221,567,654
E01033179,1526,702,824
E01033181,1574,785,789
E01015643,1375,685,690
E01033175,1476,757,719
E01033176,1605,804,801
E01033177,1419,718,701
E01033178,1545,739,806
E01033180,1632,811,821
E01015833,1543,766,777
E01015834,1464,708,756
E01015835,1659,807,852
E01015836,1515,729,786
E01015837,1683,819,864
E01015838,1500,736,764
E01015863,2371,1152,1219
E01015864,1360,665,695
E01015865,1425,692,733
E01015866,1532,745,787
E01015867,1434,663,771
E01015868,1604,822,782
E01015814,1423,679,744
E01015815,1598,761,837
E01015816,1485,714,771
E01015817,1573,760,813
E01015818,1712,818,894
E01015819,1428,692,736
E01015857,1543,758,785
E01015858,1724,866,858
E01015859,1923,959,964
E01015860,1540,769,771
E01015861,1694,819,875
E01015862,1547,749,798
E01015820,1485,738,747
E01015821,1565,753,812
E01015822,1223,584,639
E01015823,1659,790,869
E01015824,1545,737,808
E01015825,1600,795,805
E01015826,1398,666,732
E01015869,1630,808,822
E01015870,1643,802,841
E01015871,1617,796,821
E01015872,1688,818,870
E01015873,1301,617,684
E01015874,1669,840,829
E01015875,1665,832,833
E01015901,1461,709,752
E01015902,1682,840,842
E01015903,1598,793,805
E01015904,1648,801,847
E01015905,1428,732,696
E01015906,1581,799,782
E01015907,1449,726,723
E01015908,1611,794,817
E01015909,1551,760,791
E01015910,1507,755,752
E01015911,1306,636,670
E01015912,1497,692,805
E01015913,1682,835,847
E01015883,1383,666,717
E01015884,2119,1012,1107
E01015885,1656,781,875
E01015886,1495,745,750
E01015887,1594,759,835
E01015888,1463,690,773
E01015895,1958,1006,952
E01015896,1966,988,978
E01015897,2037,992,1045
E01015898,1690,828,862
E01015899,1899,963,936
E01015900,1454,748,706
E01015845,1623,769,854
E01015846,1756,847,909
E01015847,1733,858,875
E01015848,1646,787,859
E01015849,1669,804,865
E01015850,1656,827,829
E01015827,1661,815,846
E01015828,1632,873,759
E01015829,1562,716,846
E01015830,1574,749,825
E01015831,1998,1065,933
E01015832,1618,764,854
E01015876,2168,1069,1099
E01015877,1785,840,945
E01015878,1354,671,683
E01015879,1401,659,742
E01015880,1452,689,763
E01015881,1391,685,706
E01015882,1608,777,831
E01015839,1679,810,869
E01015840,1740,876,864
E01015841,2356,1244,1112
E01015842,1878,894,984
E01015843,1687,798,889
E01015844,1790,893,897
E01015851,1695,844,851
E01015852,1735,898,837
E01015853,1820,879,941
E01015854,2028,1056,972
E01015855,2024,1042,982
E01015856,1761,893,868
E01015889,1439,695,744
E01015890,1516,754,762
E01015891,1443,699,744
E01015892,1703,819,884
E01015893,1579,704,875
E01015894,1535,772,763
E01015914,1365,687,678
E01015915,1462,714,748
E01015916,1522,717,805
E01015917,1679,795,884
E01015918,1419,659,760
E01015919,1313,643,670
E01015920,1520,714,806
E01015943,1486,750,736
E01015944,1242,595,647
E01015946,1536,757,779
E01015997,1389,673,716
E01015999,1387,716,671
E01015945,1214,590,624
E01015983,1455,729,726
E01015987,1482,698,784
E01015988,1464,626,838
E01015998,1598,775,823
E01015984,1312,643,669
E01015985,1390,651,739
E01015986,1504,711,793
E01015990,1503,739,764
E01016001,1351,653,698
E01015977,1865,888,977
E01015978,1281,637,644
E01015979,1373,676,697
E01015980,1596,785,811
E01015989,1563,783,780
E01015991,1425,703,722
E01015992,1888,948,940
E01016000,1414,689,725
E01016002,1368,674,694
E01015932,1585,787,798
E01015971,1459,708,751
E01015972,1704,866,838
E01015973,1758,857,901
E01015974,1421,675,746
E01015975,1559,769,790
E01015927,1857,889,968
E01015928,1747,878,869
E01015929,1503,714,789
E01015930,1764,905,859
E01015931,1324,701,623
E01015976,1779,885,894
E01015922,1518,738,780
E01015923,1577,774,803
E01015924,1551,760,791
E01015925,1565,778,787
E01015926,1525,762,763
E01015957,1539,760,779
E01015958,1315,677,638
E01015993,1602,773,829
E01015994,1556,730,826
E01015995,1671,836,835
E01015996,1631,818,813
E01015963,1189,576,613
E01015964,1555,760,795
E01015965,1446,722,724
E01015966,1580,800,780
E01015933,1551,715,836
E01015934,1496,720,776
E01015935,1604,806,798
E01015936,1697,806,891
E01015937,1633,817,816
E01015938,1884,878,1006
E01015947,1408,696,712
E01015948,1538,761,777
E01015949,1690,808,882
E01015950,1728,842,886
E01015960,1470,736,734
E01015967,1522,754,768
E01015968,1367,661,706
E01015969,1737,839,898
E01015970,1329,687,642
E01015921,1176,606,570
E01016011,1513,786,727
E01016012,2513,1289,1224
E01016013,2202,1129,1073
E01016014,2537,1225,1312
E01016015,1713,880,833
E01015955,1550,774,776
E01015956,2059,1013,1046
E01015959,1667,844,823
E01015961,1502,761,741
E01015962,1657,825,832
E01015951,1681,854,827
E01015952,2045,1046,999
E01015953,2082,1129,953
E01015954,2278,1134,1144
E01016003,1966,956,1010
E01016004,1662,759,903
E01016005,1556,765,791
E01016006,1694,801,893
E01016007,1489,750,739
E01016008,1524,765,759
E01016009,1707,817,890
E01016010,1457,707,750
E01015982,2566,1301,1265
E01033610,1648,803,845
E01033611,1631,824,807
E01033613,1539,718,821
E01015939,1564,787,777
E01015941,1448,722,726
E01015942,1607,802,805
E01033612,1580,802,778
E01033614,1872,936,936
E01017975,1652,824,828
E01017976,1658,890,768
E01017977,1617,824,793
E01017978,1551,773,778
E01017979,1558,775,783
E01017980,1106,558,548
E01017949,1620,848,772
E01017950,1364,700,664
E01017951,1467,754,713
E01017952,1492,758,734
E01017953,1620,829,791
E01017954,1507,718,789
E01017971,1669,867,802
E01017972,1622,815,807
E01017973,1759,833,926
E01017974,1738,889,849
E01032792,1306,675,631
E01032802,1311,652,659
E01018006,1656,826,830
E01018007,1612,809,803
E01018008,1641,847,794
E01018009,1935,1020,915
E01018010,1785,922,863
E01017955,1469,709,760
E01017956,1651,897,754
E01017957,1522,603,919
E01017958,5143,2956,2187
E01017943,1751,921,830
E01017944,1407,724,683
E01017945,1726,927,799
E01017946,1629,827,802
E01017947,1671,858,813
E01017948,1723,847,876
E01017983,1896,987,909
E01017984,1615,824,791
E01017985,2605,1304,1301
E01017986,3647,1870,1777
E01032797,5254,2948,2306
E01017987,1735,877,858
E01017988,1693,900,793
E01017989,2201,1114,1087
E01017990,1247,638,609
E01017991,1457,748,709
E01017997,2284,1158,1126
E01017998,1718,849,869
E01017999,1801,895,906
E01018000,1751,909,842
E01018001,1698,893,805
E01017965,1707,869,838
E01017966,2703,1433,1270
E01017967,1764,888,876
E01017968,1589,794,795
E01017969,1623,786,837
E01017959,1693,860,833
E01017960,1334,610,724
E01017961,1199,562,637
E01017962,1625,811,814
E01017963,1593,779,814
E01017964,1336,671,665
E01018002,1579,781,798
E01018003,1574,774,800
E01018005,2037,1012,1025
E01032794,1276,654,622
E01032795,1568,758,810
E01017992,1898,905,993
E01017993,2118,948,1170
E01017994,1652,807,845
E01017995,1476,712,764
E01017996,1983,981,1002
E01018042,1455,685,770
E01018043,2121,1051,1070
E01018044,1715,895,820
E01018045,1347,682,665
E01018046,2100,1016,1084
E01018020,1505,747,758
E01018021,1508,726,782
E01018022,1411,724,687
E01018055,2042,1028,1014
E01018056,1910,915,995
E01018027,1752,846,906
E01018029,2542,1261,1281
E01018032,2523,1226,1297
E01018033,1932,914,1018
E01033426,1510,768,742
E01033430,1514,739,775
E01018024,1094,548,546
E01018025,1545,775,770
E01018026,1391,668,723
E01018030,1036,492,544
E01033425,1983,988,995
E01033428,1434,717,717
E01018036,1643,830,813
E01018037,1393,713,680
E01018038,1570,768,802
E01018039,1323,662,661
E01018053,1707,859,848
E01018054,2264,1143,1121
E01018047,1907,934,973
E01018049,1663,833,830
E01018050,1395,691,704
E01018051,1693,831,862
E01018052,1778,908,870
E01033427,1332,684,648
E01033429,1931,994,937
E01018034,1564,790,774
E01018035,2204,1063,1141
E01018040,1264,631,633
E01018041,1114,552,562
E01018013,1748,827,921
E01018014,1807,885,922
E01018015,1339,660,679
E01018016,1415,712,703
E01018011,2615,1264,1351
E01018012,1399,669,730
E01018057,2025,974,1051
E01018017,1263,622,641
E01018019,1036,506,530
E01018023,2253,1128,1125
E01032611,1803,899,904
E01018094,1763,848,915
E01018095,1555,760,795
E01018096,1576,794,782
E01018097,1411,712,699
E01018063,2331,1163,1168
E01018073,2300,1125,1175
E01018107,1680,815,865
E01018108,2000,999,1001
E01018109,1862,905,957
E01018069,1763,863,900
E01018070,1701,826,875
E01018071,1844,846,998
E01018093,2371,1155,1216
E01018103,1182,587,595
E01018104,1222,620,602
E01033111,1421,691,730
E01033112,1164,590,574
E01018066,1449,684,765
E01018067,1812,894,918
E01018068,1534,776,758
E01018090,1768,845,923
E01018091,1423,728,695
E01018092,1704,839,865
E01018081,1918,1178,740
E01018082,1931,945,986
E01018083,1950,962,988
E01018084,2036,994,1042
E01018064,2002,970,1032
E01018072,1697,817,880
E01018074,1221,582,639
E01018075,1239,578,661
E01018098,1241,595,646
E01018099,1265,622,643
E01018100,1199,591,608
E01018101,1333,641,692
E01018077,1759,890,869
E01018078,1640,756,884
E01018079,1712,797,915
E01018080,2319,1138,1181
E01018058,1548,740,808
E01018059,1332,670,662
E01018060,1846,937,909
E01018061,1272,636,636
E01018085,1717,810,907
E01018086,1707,832,875
E01018087,2038,976,1062
E01018088,1571,748,823
E01018065,2181,1072,1109
E01018076,2088,1009,1079
E01018111,2211,1097,1114
E01018062,2512,1198,1314
E01018102,2577,1281,1296
E01018105,1155,580,575
E01018106,1551,770,781
E01018110,2658,1334,1324
E01018212,1672,819,853
E01018213,1895,934,961
E01018214,1973,956,1017
E01018215,1398,677,721
E01018216,2461,1214,1247
E01018217,1642,800,842
E01018127,1515,750,765
E01018128,1152,554,598
E01018200,1648,819,829
E01018201,1443,721,722
E01018156,1680,814,866
E01018157,2043,1039,1004
E01018158,1680,832,848
E01018159,1408,711,697
E01018160,1668,835,833
E01018191,1195,597,598
E01018192,1444,739,705
E01018193,1188,589,599
E01018194,1410,707,703
E01018195,1299,614,685
E01018208,1634,811,823
E01018209,1480,757,723
E01018210,1402,672,730
E01018211,1838,900,938
E01018196,1260,629,631
E01018197,1500,734,766
E01018198,1659,837,822
E01018199,1516,761,755
E01018206,1910,938,972
E01018207,1530,763,767
E01018121,1361,683,678
E01018122,1156,580,576
E01018123,1606,829,777
E01018124,2003,1003,1000
E01018143,1651,783,868
E01018144,1497,736,761
E01018145,1323,656,667
E01018146,2170,1074,1096
E01018147,1736,888,848
E01018139,1546,747,799
E01018140,1283,653,630
E01018141,1604,764,840
E01018142,1524,738,786
E01018113,1487,737,750
E01018116,1277,673,604
E01018117,1625,784,841
E01018118,1960,946,1014
E01033433,2222,1133,1089
E01018161,1381,669,712
E01018162,1616,790,826
E01018163,1434,700,734
E01018164,1281,635,646
E01018165,1287,638,649
E01018170,1399,688,711
E01018171,1471,739,732
E01018138,1924,982,942
E01018148,2504,1231,1273
E01018149,1479,739,740
E01018150,1724,838,886
E01018151,1767,892,875
E01018166,1556,790,766
E01018167,1465,738,727
E01018168,1925,960,965
E01018169,1569,757,812
E01018131,1553,772,781
E01018132,1632,800,832
E01018133,1676,822,854
E01018134,1850,881,969
E01018125,1566,772,794
E01018126,1609,808,801
E01018152,1506,758,748
E01018153,1847,900,947
E01018129,1541,764,777
E01018130,1701,803,898
E01018202,1443,694,749
E01018203,1384,676,708
E01018204,1392,681,711
E01018205,1817,908,909
E01018115,2426,1791,635
E01018119,1504,758,746
E01018120,1789,835,954
E01018137,1714,857,857
E01018135,2942,1428,1514
E01018136,1748,873,875
E01018154,1756,865,891
E01018155,1488,743,745
E01018187,1924,958,966
E01018188,1470,714,756
E01018189,1322,646,676
E01018190,1556,780,776
E01018172,1405,658,747
E01018173,1183,589,594
E01018174,1572,805,767
E01018175,1382,708,674
E01018176,1273,647,626
E01018181,2762,1383,1379
E01018182,1489,786,703
E01018183,1476,720,756
E01018184,1345,680,665
E01018185,1650,818,832
E01018186,1755,876,879
E01018177,1502,777,725
E01018178,1475,719,756
E01018179,1407,705,702
E01018180,1320,658,662
E01018304,1848,891,957
E01018305,1332,654,678
E01018306,1530,757,773
E01018307,2167,1100,1067
E01018233,1575,779,796
E01018234,1672,818,854
E01018235,1684,816,868
E01018236,1612,768,844
E01018237,1527,765,762
E01018266,2657,1337,1320
E01018284,1264,650,614
E01018285,1199,595,604
E01018298,1821,1116,705
E01018299,1654,829,825
E01018300,1162,597,565
E01018301,1377,687,690
E01018221,1659,827,832
E01018222,1509,767,742
E01018223,1880,925,955
E01018257,1363,630,733
E01018258,1626,803,823
E01018259,1325,680,645
E01018260,1780,838,942
E01018262,1459,728,731
E01033120,1459,712,747
E01033121,1588,826,762
E01018272,1332,668,664
E01018273,1607,791,816
E01018274,1740,895,845
E01018297,1682,841,841
E01018224,1428,719,709
E01018225,1078,494,584
E01018248,2338,1201,1137
E01018249,1007,491,516
E01018250,1214,574,640
E01018231,2478,1240,1238
E01018232,2346,1126,1220
E01018251,1220,619,601
E01018252,1450,693,757
E01018255,1149,559,590
E01018242,1280,607,673
E01018243,1765,860,905
E01018244,1628,807,821
E01018286,1612,820,792
E01018287,1331,670,661
E01018296,1079,556,523
E01018292,1408,703,705
E01018293,1481,717,764
E01018294,1646,786,860
E01018295,1569,776,793
E01018245,1700,858,842
E01018246,1628,783,845
E01018247,1572,799,773
E01018275,2329,1112,1217
E01018240,1232,617,615
E01018253,1080,545,535
E01018254,1322,656,666
E01018256,1507,758,749
E01018291,1218,600,618
E01018279,1492,701,791
E01018280,1506,775,731
E01018281,1564,780,784
E01018282,1309,655,654
E01018283,1274,620,654
E01018218,1770,895,875
E01018219,1405,680,725
E01018220,1507,740,767
E01018263,1478,731,747
E01018264,1606,767,839
E01018265,1762,843,919
E01018238,1455,729,726
E01018239,1353,641,712
E01018288,1155,560,595
E01018289,1153,552,601
E01018302,1499,761,738
E01018303,1201,618,583
E01018241,1206,605,601
E01018267,2328,1134,1194
E01018268,1905,932,973
E01018269,1377,663,714
E01018270,1120,561,559
E01018271,1431,682,749
E01018226,1525,850,675
E01018227,1896,914,982
E01018228,1667,818,849
E01018290,2404,1188,1216
E01033113,1120,537,583
E01033114,1539,784,755
E01033115,1407,691,716
E01033117,1314,668,646
E01033119,1805,902,903
E01018276,1431,692,739
E01018277,1719,860,859
E01018278,1738,850,888
E01033116,1686,831,855
E01033118,1463,744,719
E01021237,1384,681,703
E01021238,1387,688,699
E01021242,1227,613,614
E01021250,1548,764,784
E01021251,1587,782,805
E01021245,1449,684,765
E01021246,1478,707,771
E01021248,1433,713,720
E01021249,1559,763,796
E01021252,1428,687,741
E01021239,1443,718,725
E01021240,1628,798,830
E01021241,1573,730,843
E01021243,1689,861,828
E01021247,1482,733,749
E01021244,1446,702,744
E01021253,1699,844,855
E01021255,1363,651,712
E01021256,1465,710,755
E01021258,1589,734,855
E01021334,1704,811,893
E01021336,1628,769,859
E01021338,1455,705,750
E01021339,1389,672,717
E01021264,1448,745,703
E01021329,1494,708,786
E01021330,1589,770,819
E01021332,1429,696,733
E01021333,1553,740,813
E01021335,1428,721,707
E01021337,1410,694,716
E01021340,1610,784,826
E01021341,1611,798,813
E01021345,2003,980,1023
E01021331,1537,755,782
E01021342,1602,755,847
E01021343,1760,844,916
E01021344,2213,1109,1104
E01021346,1959,985,974
E01021254,1457,745,712
E01021257,1517,729,788
E01021259,1530,744,786
E01021260,2388,1135,1253
E01021261,1705,844,861
E01021262,1563,760,803
E01021263,1839,895,944
E01021274,1867,878,989
E01021279,1637,788,849
E01021301,1518,717,801
E01021303,1328,660,668
E01021307,1334,651,683
E01021308,1286,640,646
E01021309,1321,663,658
E01021312,1598,797,801
E01021265,1550,707,843
E01021267,1716,843,873
E01021269,1665,776,889
E01021270,1502,756,746
E01021272,1603,729,874
E01021271,1765,852,913
E01021302,1548,766,782
E01021304,1452,702,750
E01021305,1465,696,769
E01021306,1470,716,754
E01021273,1683,816,867
E01021275,1649,801,848
E01021276,1446,698,748
E01021277,1416,688,728
E01021278,1669,802,867
E01021266,1658,765,893
E01021268,1659,681,978
E01021318,2043,1007,1036
E01021320,1651,794,857
E01021321,1610,733,877
E01021286,1734,843,891
E01021288,1811,801,1010
E01021289,1792,850,942
E01021290,1775,809,966
E01021291,1667,830,837
E01021287,1506,753,753
E01021292,1518,744,774
E01021293,1685,800,885
E01021298,1588,747,841
E01021319,1583,733,850
E01021313,1467,737,730
E01021314,1373,660,713
E01021315,1499,710,789
E01021316,1491,695,796
E01021317,1625,826,799
E01021322,1523,769,754
E01021323,1760,839,921
E01021324,1651,792,859
E01021325,1565,758,807
E01021327,1688,819,869
E01021294,1616,786,830
E01021295,1685,826,859
E01021296,1720,853,867
E01021297,1638,808,830
E01021299,1512,743,769
E01021280,1527,740,787
E01021281,1494,721,773
E01021282,1527,750,777
E01021283,1581,793,788
E01021284,1580,773,807
E01021285,1355,683,672
E01021300,2107,1021,1086
E01021310,1334,721,613
E01021311,1349,684,665
E01021326,1818,886,932
E01021328,1566,764,802
E01021375,1152,559,593
E01021376,1406,693,713
E01021414,2145,1060,1085
E01021430,2175,1102,1073
E01021398,1493,751,742
E01021406,2166,1087,1079
E01021407,2180,1098,1082
E01021382,1292,622,670
E01021397,1764,866,898
E01021399,1606,776,830
E01021400,1687,855,832
E01021387,1968,949,1019
E01021388,1623,784,839
E01021391,1712,817,895
E01021392,1671,792,879
E01021393,1509,772,737
E01021404,2063,1031,1032
E01021411,1227,591,636
E01021412,1471,740,731
E01021413,1269,636,633
E01021389,1826,945,881
E01021390,1597,736,861
E01021408,1778,862,916
E01021409,1806,869,937
E01021410,1657,790,867
E01021349,1424,712,712
E01021351,1584,790,794
E01021352,1677,796,881
E01021355,2010,947,1063
E01021356,1423,694,729
E01021381,1173,595,578
E01021354,1295,648,647
E01021357,1514,723,791
E01021358,2230,1064,1166
E01021359,2052,961,1091
E01021350,1719,859,860
E01021353,1779,891,888
E01021365,2291,1148,1143
E01033458,1313,654,659
E01033459,1819,910,909
E01021364,1642,799,843
E01021366,1557,767,790
E01021383,2136,1028,1108
E01021405,2299,1124,1175
E01021368,1523,778,745
E01021370,1639,787,852
E01021372,1825,944,881
E01021373,2391,1177,1214
E01021374,1535,729,806
E01021360,2001,982,1019
E01021361,1624,805,819
E01021367,1508,716,792
E01021369,2887,1413,1474
E01021380,2311,1159,1152
E01021347,2478,1238,1240
E01021371,1726,823,903
E01021384,2334,1129,1205
E01021385,1331,622,709
E01021386,1650,792,858
E01021377,1756,855,901
E01021378,1610,739,871
E01021379,1835,911,924
E01021401,1509,760,749
E01021402,2078,1034,1044
E01021403,1561,794,767
E01021362,1487,772,715
E01021417,1506,720,786
E01021418,1491,727,764
E01021419,1661,812,849
E01021426,1307,627,680
E01021428,1403,691,712
E01021423,1570,761,809
E01021425,1537,746,791
E01021427,1369,689,680
E01021429,1344,668,676
E01021415,1459,652,807
E01021416,1601,774,827
E01021420,1657,824,833
E01021422,1634,766,868
E01033460,1216,610,606
E01033461,1502,766,736
E01033462,1066,542,524
E01021348,1576,783,793
E01021394,1444,711,733
E01021395,1470,712,758
E01021396,1462,715,747
E01021424,2030,989,1041
E01021441,1505,726,779
E01021442,1348,658,690
E01021443,1496,690,806
E01021444,1609,792,817
E01021469,1155,561,594
E01021470,1079,535,544
E01021471,1573,776,797
E01021457,1399,668,731
E01021458,1633,762,871
E01021459,1315,626,689
E01021460,1619,772,847
E01021448,1405,676,729
E01021449,1596,742,854
E01021450,2065,1008,1057
E01021451,1551,732,819
E01021452,1467,711,756
E01021431,1566,745,821
E01021432,1681,800,881
E01021434,1310,612,698
E01021461,1450,712,738
E01021464,1567,750,817
E01021447,2450,1196,1254
E01021453,1218,622,596
E01021455,1352,671,681
E01021465,1872,958,914
E01021466,1812,896,916
E01021467,1748,853,895
E01021438,2025,984,1041
E01021462,1393,695,698
E01021463,1553,724,829
E01021468,1891,931,960
E01021433,1928,892,1036
E01021436,2201,1085,1116
E01021439,2312,1140,1172
E01021475,1516,741,775
E01033063,1340,649,691
E01033064,1370,672,698
E01021435,1858,861,997
E01021437,1730,787,943
E01021472,1533,717,816
E01021473,1351,656,695
E01021474,1573,764,809
E01021445,2175,1066,1109
E01021446,1537,764,773
E01021454,1245,600,645
E01021456,1229,604,625
E01021513,1624,798,826
E01021514,1518,733,785
E01021515,1352,650,702
E01021525,1508,757,751
E01021527,1672,807,865
E01021509,1366,678,688
E01021510,1450,701,749
E01021511,1328,641,687
E01021528,1612,769,843
E01021531,1373,666,707
E01021476,1905,932,973
E01021477,1540,751,789
E01021478,1724,837,887
E01021516,1364,662,702
E01021479,1525,743,782
E01021481,1549,763,786
E01021483,1747,857,890
E01021512,1564,758,806
E01021526,1617,782,835
E01021517,1602,768,834
E01021519,1471,713,758
E01021530,1426,710,716
E01021532,1450,700,750
E01021482,1627,787,840
E01021518,1917,894,1023
E01021520,1563,752,811
E01021529,1498,715,783
E01021480,1829,933,896
E01021521,1422,711,711
E01021522,1745,854,891
E01021523,1367,660,707
E01021524,1586,761,825
E01021487,1375,680,695
E01021494,1490,729,761
E01021504,1514,745,769
E01021505,1413,709,704
E01021506,1320,644,676
E01021492,1743,838,905
E01021493,1549,743,806
E01021495,2011,934,1077
E01021496,1432,730,702
E01021485,1256,607,649
E01021486,1274,618,656
E01021488,1468,687,781
E01021503,1414,691,723
E01021507,1600,743,857
E01021508,1382,694,688
E01021484,1370,673,697
E01021498,1488,716,772
E01021499,1669,849,820
E01021501,1414,695,719
E01021502,2225,1130,1095
E01021489,1416,720,696
E01021490,1493,734,759
E01021491,1663,812,851
E01021497,1495,726,769
E01021500,1696,817,879
E01021538,2709,1312,1397
E01021539,1298,669,629
E01021540,1534,766,768
E01021541,1465,707,758
E01021542,2052,1007,1045
E01021543,1714,804,910
E01021587,1460,719,741
E01021590,1472,702,770
E01021591,1499,725,774
E01021550,1404,714,690
E01021597,1466,726,740
E01021598,1476,709,767
E01021600,1173,583,590
E01021601,1558,740,818
E01021616,1441,709,732
E01021617,1368,673,695
E01021619,1513,757,756
E01021620,1450,724,726
E01021623,1250,611,639
E01021624,1232,605,627
E01021536,1576,768,808
E01021537,2021,989,1032
E01021568,1586,781,805
E01033142,2174,1063,1111
E01033144,1852,910,942
E01021576,1637,749,888
E01021588,1412,667,745
E01021589,1504,736,768
E01021592,1592,732,860
E01021596,1571,788,783
E01021618,1484,728,756
E01021621,1551,801,750
E01021622,1467,720,747
E01021625,1453,702,751
E01021626,1415,704,711
E01021544,1311,665,646
E01021545,1618,779,839
E01021546,1458,705,753
E01021547,1558,782,776
E01021628,1686,812,874
E01021629,1659,818,841
E01021573,1716,889,827
E01021575,1698,828,870
E01021599,1837,914,923
E01021631,1900,868,1032
E01033138,1515,768,747
E01033139,1461,755,706
E01021574,2350,1222,1128
E01021578,1698,879,819
E01021582,1848,970,878
E01021627,1535,927,608
E01033140,1111,575,536
E01033141,1023,491,532
E01021551,1360,660,700
E01021632,1443,703,740
E01021633,1384,657,727
E01021634,1521,760,761
E01021635,1383,654,729
E01021636,1095,522,573
E01021556,1655,815,840
E01021577,1471,714,757
E01021579,1610,769,841
E01021580,1440,727,713
E01021584,1227,623,604
E01021548,1306,665,641
E01021560,1650,781,869
E01021561,1788,892,896
E01021564,1492,722,770
E01021571,1612,781,831
E01021562,1762,836,926
E01021563,1685,836,849
E01021565,1591,762,829
E01021566,1720,840,880
E01033137,1577,789,788
E01033145,1385,675,710
E01021557,1264,637,627
E01021558,1266,614,652
E01021583,1575,762,813
E01021585,1272,621,651
E01021586,1550,745,805
E01021533,2270,1126,1144
E01021535,1790,847,943
E01021569,1611,817,794
E01021570,1942,973,969
E01021572,1534,742,792
E01021552,1538,730,808
E01021553,1382,675,707
E01021554,1440,720,720
E01021555,1378,679,699
E01021559,1505,734,771
E01021602,1676,829,847
E01021604,2286,1168,1118
E01033143,2589,1268,1321
E01021611,1501,772,729
E01021612,1527,731,796
E01021613,1818,886,932
E01021614,1767,907,860
E01021615,1474,722,752
E01021605,1250,619,631
E01021606,1715,831,884
E01021607,1517,744,773
E01021608,1145,556,589
E01021609,1424,710,714
E01021610,1315,645,670
E01021593,1665,804,861
E01021594,1627,816,811
E01021595,1729,854,875
E01021655,1394,685,709
E01021656,1549,761,788
E01021659,2079,1031,1048
E01021661,1776,869,907
E01021668,1651,837,814
E01021669,1525,719,806
E01021670,1550,752,798
E01021671,1457,712,745
E01033720,2012,1010,1002
E01033721,1792,898,894
E01021660,1477,748,729
E01021728,1636,820,816
E01021729,1708,822,886
E01021730,1730,838,892
E01021679,2360,1189,1171
E01021680,2826,1376,1450
E01021681,2690,1349,1341
E01021682,2689,1324,1365
E01021646,2023,988,1035
E01021647,1791,900,891
E01021648,2356,1184,1172
E01021649,1874,916,958
E01021650,1952,987,965
E01021696,1559,733,826
E01021697,1660,828,832
E01021698,1507,751,756
E01021699,1490,681,809
E01021700,1511,704,807
E01033719,1667,822,845
E01033722,1597,826,771
E01021673,1426,654,772
E01021674,1358,653,705
E01021675,1312,641,671
E01021676,1453,678,775
E01021654,1915,930,985
E01021662,1596,815,781
E01021663,1099,533,566
E01021677,1212,611,601
E01021678,1339,688,651
E01021683,2368,1726,642
E01021684,1515,768,747
E01021685,1917,922,995
E01021686,1848,919,929
E01021687,1630,787,843
E01021688,1404,685,719
E01021718,1521,761,760
E01021719,1541,763,778
E01021720,1561,704,857
E01021721,1985,955,1030
E01021722,1675,796,879
E01021651,1626,825,801
E01021652,1524,777,747
E01021653,1332,678,654
E01021717,1726,845,881
E01021689,1453,693,760
E01021690,1320,645,675
E01021691,1466,709,757
E01021692,1493,715,778
E01021693,1664,794,870
E01021711,1295,608,687
E01021713,1191,590,601
E01021714,1782,907,875
E01021715,1462,719,743
E01033723,2630,1286,1344
E01021657,1582,760,822
E01021658,1051,488,563
E01021664,2045,1000,1045
E01021665,1364,652,712
E01021666,1295,635,660
E01021667,1477,704,773
E01021736,3391,1657,1734
E01021737,1232,593,639
E01021738,2104,1026,1078
E01021739,1563,773,790
E01021740,1735,838,897
E01021637,1184,610,574
E01021638,1244,594,650
E01021639,1975,1089,886
E01021640,1205,585,620
E01021641,1403,700,703
E01021642,2003,966,1037
E01021643,2448,1189,1259
E01021644,1710,856,854
E01021645,1493,757,736
E01021694,1447,716,731
E01021695,1149,564,585
E01021723,1641,789,852
E01021724,1670,794,876
E01021725,1290,647,643
E01021726,1527,740,787
E01021727,1455,701,754
E01021731,1445,667,778
E01021732,1523,716,807
E01021733,1501,726,775
E01021734,1357,657,700
E01021735,1357,638,719
E01021702,1331,638,693
E01021703,1275,616,659
E01021704,1516,762,754
E01021705,2034,1026,1008
E01021706,1352,634,718
E01021707,1366,641,725
E01021708,1421,697,724
E01021709,1434,720,714
E01021710,1952,942,1010
E01021768,2138,1052,1086
E01021795,2014,1018,996
E01021797,1314,662,652
E01021798,1536,753,783
E01021799,1627,766,861
E01021741,1970,996,974
E01021792,1205,587,618
E01021793,1523,759,764
E01021794,1146,545,601
E01021801,2193,1081,1112
E01021769,2237,1116,1121
E01021796,2122,1053,1069
E01021800,2256,1135,1121
E01021753,1407,685,722
E01021754,1538,753,785
E01021755,1101,541,560
E01021802,2205,1030,1175
E01021760,1512,737,775
E01021761,1850,869,981
E01021762,1380,631,749
E01021763,1496,734,762
E01021756,1527,756,771
E01021757,1626,787,839
E01021758,1548,709,839
E01021759,1491,716,775
E01021811,1364,628,736
E01021813,1386,695,691
E01021814,1531,706,825
E01021815,1547,747,800
E01021816,1328,641,687
E01021807,1534,764,770
E01021808,1486,721,765
E01021809,1425,705,720
E01021810,1822,892,930
E01021817,2491,1231,1260
E01021806,2236,1133,1103
E01021812,1241,626,615
E01021818,1758,857,901
E01021770,2013,975,1038
E01021803,1327,659,668
E01021804,1441,677,764
E01021805,1294,628,666
E01021774,1409,704,705
E01021775,1457,683,774
E01021776,1367,642,725
E01021777,1372,652,720
E01021778,1454,727,727
E01021779,1491,727,764
E01021786,1253,606,647
E01021787,1548,775,773
E01021788,1558,748,810
E01021789,1575,766,809
E01021790,1480,693,787
E01021791,1557,768,789
E01021771,1523,718,805
E01021772,1490,739,751
E01021773,1513,711,802
E01021783,1554,736,818
E01021784,1532,717,815
E01021780,1468,709,759
E01021781,1475,725,750
E01021782,1410,683,727
E01021785,1620,773,847
E01021742,1375,657,718
E01021743,1693,755,938
E01021744,1548,765,783
E01021745,1525,718,807
E01021746,1783,847,936
E01021747,1727,813,914
E01021748,1729,867,862
E01021749,2207,1074,1133
E01021750,1269,638,631
E01021751,1341,668,673
E01021752,1550,737,813
E01021764,1770,808,962
E01021765,1620,769,851
E01021766,1491,719,772
E01021767,1739,847,892
E01021854,1639,811,828
E01021855,1394,657,737
E01021856,1421,663,758
E01021857,2514,1229,1285
E01021844,1365,650,715
E01021845,1434,660,774
E01021846,1351,665,686
E01021847,1459,678,781
E01021848,1575,765,810
E01021849,1603,782,821
E01021850,1430,688,742
E01021851,1485,745,740
E01021852,1571,747,824
E01021853,1334,666,668
E01021839,1513,738,775
E01021840,1441,697,744
E01021841,1393,664,729
E01021842,1529,713,816
E01021843,2081,1007,1074
E01021824,1732,855,877
E01021825,1618,788,830
E01021826,1602,796,806
E01021827,1628,764,864
E01021828,2315,1124,1191
E01021819,1546,755,791
E01021820,1507,707,800
E01021822,1621,762,859
E01021823,1712,835,877
E01021870,1308,632,676
E01021831,1426,700,726
E01021868,1599,739,860
E01021869,1351,660,691
E01021871,1471,703,768
E01021872,1815,896,919
E01021821,1337,644,693
E01021834,1497,680,817
E01021835,1492,726,766
E01021836,1441,688,753
E01021837,1439,694,745
E01021829,1468,736,732
E01021830,1183,597,586
E01021832,1247,611,636
E01021833,1219,574,645
E01021865,1338,654,684
E01021838,1491,707,784
E01021858,1492,730,762
E01021859,1461,721,740
E01021860,1526,740,786
E01021861,1300,632,668
E01021862,1448,691,757
E01021863,1591,818,773
E01021864,1437,730,707
E01021866,1338,658,680
E01021867,1416,702,714
E01021908,1977,984,993
E01021909,1349,673,676
E01021910,1469,727,742
E01021911,1247,613,634
E01021882,2024,976,1048
E01021883,1636,834,802
E01021912,1999,981,1018
E01021913,1501,747,754
E01021884,1413,706,707
E01021885,1131,581,550
E01021886,1479,751,728
E01021887,2213,1057,1156
E01021888,1939,950,989
E01021889,2189,1055,1134
E01021890,1742,871,871
E01021891,1467,665,802
E01021892,1030,469,561
E01021893,1544,755,789
E01021894,1245,585,660
E01021895,1226,583,643
E01021896,1350,680,670
E01021897,1156,566,590
E01021898,1271,619,652
E01021901,1878,939,939
E01021904,1505,760,745
E01021905,1257,634,623
E01021906,1510,736,774
E01021907,2182,1104,1078
E01021873,1373,703,670
E01021874,1348,655,693
E01021875,1407,701,706
E01021899,1385,707,678
E01021900,1097,549,548
E01021902,1807,923,884
E01021903,1612,813,799
E01021878,1401,686,715
E01021879,1366,680,686
E01021880,1428,712,716
E01021881,1164,578,586
E01033057,2312,1150,1162
E01021942,1579,778,801
E01021943,1754,846,908
E01021944,1632,815,817
E01021945,1562,778,784
E01021914,2095,1051,1044
E01021927,1353,668,685
E01021928,1543,710,833
E01021929,1640,827,813
E01021931,1338,650,688
E01021933,1365,706,659
E01021934,1416,699,717
E01021935,1353,655,698
E01021936,1697,806,891
E01021937,1648,833,815
E01021938,1495,695,800
E01021939,1686,822,864
E01021940,2120,1061,1059
E01021941,2096,1022,1074
E01021915,1347,669,678
E01021916,1072,518,554
E01021953,1483,703,780
E01021955,1823,858,965
E01021918,1521,745,776
E01021919,1296,637,659
E01021925,1637,800,837
E01021960,2203,1169,1034
E01021961,1494,718,776
E01021920,2026,1024,1002
E01021926,2102,1017,1085
E01021957,1471,734,737
E01021958,1243,598,645
E01021959,1701,814,887
E01021930,1375,719,656
E01021932,1536,761,775
E01021952,1410,640,770
E01021954,1520,743,777
E01021956,1459,699,760
E01021950,1465,715,750
E01021951,1272,600,672
E01021962,1256,576,680
E01021963,1363,679,684
E01021964,1572,750,822
E01021966,1755,813,942
E01021946,1556,779,777
E01021947,1197,590,607
E01021948,1335,657,678
E01021949,1518,748,770
E01021965,2293,1131,1162
E01021917,1876,950,926
E01021921,1501,731,770
E01021922,1591,766,825
E01021923,1364,673,691
E01021924,1282,641,641
E01021997,1323,695,628
E01021998,1353,680,673
E01021999,1728,801,927
E01022001,1668,836,832
E01022000,1631,775,856
E01022006,1618,756,862
E01022007,1690,840,850
E01033051,2373,1162,1211
E01021978,2233,1102,1131
E01022013,1554,775,779
E01022014,1359,645,714
E01022015,1389,652,737
E01022019,1492,738,754
E01022020,1740,804,936
E01022021,1371,666,705
E01021991,1017,514,503
E01021992,1171,575,596
E01022002,1914,917,997
E01022004,1656,782,874
E01022005,1715,845,870
E01022028,1358,656,702
E01021971,1042,536,506
E01021972,1269,643,626
E01022051,1452,739,713
E01022052,1440,705,735
E01021985,1332,608,724
E01021986,1445,649,796
E01022054,1479,675,804
E01022055,1307,554,753
E01022056,1586,770,816
E01021973,1139,566,573
E01021974,1161,585,576
E01022016,1734,840,894
E01022017,1427,718,709
E01022018,1429,689,740
E01021987,1225,557,668
E01021994,1130,520,610
E01021995,1369,638,731
E01021996,1348,592,756
E01022009,1387,675,712
E01022010,1546,727,819
E01022011,1791,863,928
E01022012,1900,818,1082
E01021967,2009,976,1033
E01021983,1353,671,682
E01021993,2253,1117,1136
E01022053,1795,903,892
E01021984,2027,949,1078
E01022039,1478,686,792
E01022040,1727,814,913
E01022041,1457,665,792
E01021979,1484,708,776
E01021980,1765,856,909
E01021981,1690,828,862
E01021982,1784,874,910
E01022046,1576,789,787
E01022008,2051,979,1072
E01022033,1413,667,746
E01022034,1501,689,812
E01022035,1476,680,796
E01021975,1484,693,791
E01021976,1408,675,733
E01021977,1657,788,869
E01022022,1479,740,739
E01022044,1624,780,844
E01022042,1486,690,796
E01022043,1908,959,949
E01022048,1591,718,873
E01022049,1492,705,787
E01022050,1668,769,899
E01022023,1459,700,759
E01022024,1498,678,820
E01022030,1630,773,857
E01022031,1364,662,702
E01022032,1793,830,963
E01021970,1639,746,893
E01022025,1616,817,799
E01022026,1588,778,810
E01022027,1632,781,851
E01021968,1776,838,938
E01021969,1426,658,768
E01022036,1237,579,658
E01022037,1493,664,829
E01022038,1470,691,779
E01021988,1778,913,865
E01021989,1451,685,766
E01021990,1570,741,829
E01022045,1426,683,743
E01022047,1275,603,672
E01022057,1736,855,881
E01022075,1839,898,941
E01022077,1563,767,796
E01022094,1709,834,875
E01022074,1509,719,790
E01022076,1686,794,892
E01022078,1526,736,790
E01022079,1706,819,887
E01022080,1584,825,759
E01022081,2312,1082,1230
E01022082,1779,903,876
E01022061,1461,710,751
E01022071,1708,843,865
E01022072,1886,936,950
E01022073,1557,778,779
E01022098,1520,753,767
E01022092,1752,875,877
E01022093,1760,837,923
E01022097,1900,954,946
E01022099,2407,1316,1091
E01022062,2092,1034,1058
E01022063,1587,778,809
E01022083,1699,832,867
E01022084,1608,800,808
E01022085,1570,797,773
E01022087,1803,893,910
E01022089,1552,769,783
E01022086,1369,699,670
E01022090,2367,1184,1183
E01022091,2349,1173,1176
E01022095,1577,788,789
E01022067,1800,857,943
E01022068,1589,769,820
E01033054,1087,541,546
E01033055,1462,706,756
E01033056,1329,631,698
E01022058,1701,868,833
E01022064,1759,872,887
E01022069,1563,729,834
E01022088,1560,776,784
E01033052,1884,936,948
E01033053,1882,929,953
E01022059,1615,800,815
E01022060,1956,970,986
E01022070,1930,930,1000
E01022096,1853,908,945
E01023316,1446,720,726
E01023317,2547,1228,1319
E01023318,1612,780,832
E01023319,1576,774,802
E01023327,1440,685,755
E01023328,1380,673,707
E01023329,1311,640,671
E01023330,1507,752,755
E01023331,1549,748,801
E01023320,1929,952,977
E01023321,1955,948,1007
E01023322,1765,887,878
E01023323,1591,797,794
E01023289,1531,760,771
E01023290,1658,811,847
E01023291,1552,771,781
E01023292,1497,730,767
E01023340,1736,855,881
E01023341,1783,858,925
E01023342,2648,1258,1390
E01023343,1871,873,998
E01023344,1725,834,891
E01023307,1575,760,815
E01023308,1703,849,854
E01023309,1713,823,890
E01023310,2201,1022,1179
E01023311,1655,811,844
E01023312,1680,852,828
E01023313,1640,802,838
E01023315,1861,904,957
E01023302,1488,711,777
E01023303,1560,750,810
E01023304,1549,753,796
E01023305,1382,666,716
E01023306,1467,707,760
E01023314,1336,659,677
E01023324,1409,657,752
E01023325,1421,666,755
E01023326,1634,773,861
E01023297,1364,684,680
E01023298,1578,750,828
E01023299,1690,858,832
E01023300,1408,618,790
E01023301,1606,787,819
E01023293,1731,850,881
E01023294,1517,694,823
E01023295,1422,696,726
E01023296,1666,792,874
E01023332,2067,953,1114
E01023333,1844,901,943
E01023334,1703,840,863
E01023335,1723,868,855
E01023336,2022,946,1076
E01023337,1675,829,846
E01023338,2201,1070,1131
E01023339,1509,722,787
E01023430,1206,611,595
E01023431,1295,646,649
E01023432,1448,733,715
E01023433,1464,709,755
E01023423,1390,665,725
E01023424,1390,687,703
E01023425,1337,628,709
E01023426,1546,713,833
E01023418,1409,682,727
E01023419,2118,1049,1069
E01023420,1551,751,800
E01023352,2447,1196,1251
E01023421,1478,733,745
E01023422,1270,634,636
E01023434,1533,765,768
E01023435,1493,762,731
E01023436,1208,605,603
E01023437,1531,748,783
E01023355,1546,765,781
E01023356,1125,554,571
E01023416,1454,703,751
E01023417,1359,643,716
E01023393,1669,862,807
E01023394,1376,692,684
E01023395,1632,826,806
E01023396,1559,777,782
E01023397,1338,664,674
E01023401,1820,878,942
E01023402,1618,793,825
E01023403,1504,692,812
E01023404,1315,631,684
E01023405,1507,758,749
E01023361,1701,854,847
E01023362,1734,829,905
E01023363,1553,748,805
E01023364,1294,630,664
E01023390,2028,1017,1011
E01023391,1702,808,894
E01023399,1602,782,820
E01023392,1626,762,864
E01023427,1673,838,835
E01023428,1477,724,753
E01023429,1801,852,949
E01023369,1462,702,760
E01023370,1659,828,831
E01023371,1509,722,787
E01023372,1453,695,758
E01023345,1557,773,784
E01023346,1309,623,686
E01023347,1326,621,705
E01023348,1656,779,877
E01023365,1264,629,635
E01023366,1499,743,756
E01023367,1171,553,618
E01023368,1716,817,899
E01023349,1945,920,1025
E01023350,1629,789,840
E01023351,1589,768,821
E01023398,2425,1250,1175
E01023400,1802,872,930
E01023383,1497,728,769
E01023384,1910,930,980
E01023385,1661,842,819
E01023409,1497,771,726
E01023410,1357,654,703
E01023411,1493,709,784
E01023412,1270,645,625
E01023413,1344,649,695
E01023354,1683,864,819
E01023379,1605,779,826
E01023380,1148,562,586
E01023381,1325,665,660
E01023382,1488,722,766
E01033022,1311,689,622
E01033023,1509,789,720
E01023386,1522,753,769
E01023387,1386,648,738
E01023388,1592,785,807
E01023389,1683,829,854
E01023357,1669,831,838
E01023358,1477,721,756
E01023359,1823,857,966
E01023360,1473,753,720
E01023414,1432,707,725
E01023415,1381,672,709
E01023373,1903,1302,601
E01023374,1418,694,724
E01023375,1537,779,758
E01023376,1268,608,660
E01023377,1212,572,640
E01023378,1661,814,847
E01023406,1915,911,1004
E01023407,1664,805,859
E01023408,1635,785,850
E01023462,1337,686,651
E01023464,2170,1078,1092
E01023465,1450,739,711
E01023466,1758,849,909
E01023467,2395,1189,1206
E01023494,1206,583,623
E01023495,1291,668,623
E01023508,1472,722,750
E01023509,1356,685,671
E01023452,1388,676,712
E01023453,1470,732,738
E01023454,1311,631,680
E01023455,1338,638,700
E01023463,1203,586,617
E01023493,2468,1234,1234
E01023449,1620,781,839
E01023450,1937,974,963
E01023451,2141,1039,1102
E01023438,1449,702,747
E01023439,1358,657,701
E01023440,1641,797,844
E01023441,1457,701,756
E01023442,2095,1039,1056
E01023498,2653,1309,1344
E01023506,1406,705,701
E01023507,1682,857,825
E01023443,1561,758,803
E01023444,1629,809,820
E01023445,1733,848,885
E01023446,2135,1043,1092
E01023447,1248,572,676
E01023448,1523,755,768
E01023456,1435,719,716
E01023457,1507,724,783
E01023458,1331,669,662
E01023459,1389,672,717
E01023460,1519,766,753
E01023461,1623,804,819
E01023491,1279,646,633
E01023492,1492,750,742
E01023496,1291,585,706
E01023497,1571,757,814
E01023485,2277,1123,1154
E01023486,2514,1226,1288
E01033609,2338,1137,1201
E01023499,1753,857,896
E01023500,1734,896,838
E01023501,1513,723,790
E01023502,1735,840,895
E01023503,1723,857,866
E01023512,1860,899,961
E01023513,1488,727,761
E01023514,1792,843,949
E01023518,2045,1014,1031
E01023519,1735,840,895
E01023520,1608,796,812
E01023510,1513,720,793
E01023511,1517,755,762
E01023515,1561,795,766
E01023516,2085,1065,1020
E01023517,1595,772,823
E01023470,1763,846,917
E01023471,1334,631,703
E01023472,1343,630,713
E01023473,1455,722,733
E01023474,1561,760,801
E01023487,1374,670,704
E01023488,1609,752,857
E01023489,1309,644,665
E01023490,1272,624,648
E01023482,1953,954,999
E01023483,1969,974,995
E01023484,1531,755,776
E01023475,1461,711,750
E01023476,1478,730,748
E01023477,2096,1075,1021
E01023478,1708,872,836
E01023479,1567,778,789
E01023468,1368,688,680
E01023469,1510,738,772
E01023480,1576,767,809
E01023481,1669,866,803
E01023504,1363,648,715
E01023505,1714,836,878
E01023576,1477,708,769
E01023577,1707,795,912
E01023578,1590,744,846
E01023579,1382,620,762
E01023580,1719,814,905
E01023567,2058,1008,1050
E01023568,1511,722,789
E01023569,1622,774,848
E01023570,1472,681,791
E01023571,1504,717,787
E01023572,1447,693,754
E01023573,1210,552,658
E01023574,1601,745,856
E01023575,1582,743,839
E01023581,1336,656,680
E01023582,1713,795,918
E01023583,1425,677,748
E01023584,1032,505,527
E01023523,1726,890,836
E01023524,1537,770,767
E01023525,1676,825,851
E01023526,1780,869,911
E01023527,1444,684,760
E01023534,1695,839,856
E01023535,1694,781,913
E01023536,1604,742,862
E01023537,1770,866,904
E01023538,1676,792,884
E01023529,1494,710,784
E01023530,1223,582,641
E01023531,1964,953,1011
E01023532,1649,824,825
E01023533,1598,762,836
E01023552,1664,804,860
E01023553,1687,826,861
E01023554,1670,798,872
E01023555,1706,855,851
E01023544,1187,580,607
E01023545,1235,614,621
E01023546,1805,883,922
E01023547,1679,841,838
E01023528,1652,840,812
E01023564,1717,817,900
E01023565,1707,846,861
E01023566,1686,823,863
E01023539,2926,1467,1459
E01023540,1696,824,872
E01023541,1918,963,955
E01023542,1776,886,890
E01023543,1366,662,704
E01023558,1682,785,897
E01023559,1514,754,760
E01023560,1482,690,792
E01023561,1620,764,856
E01023562,1469,735,734
E01023563,1496,682,814
E01023548,1813,883,930
E01023549,1675,742,933
E01023550,1691,844,847
E01023551,1534,750,784
E01023556,1538,764,774
E01023557,1522,730,792
E01023660,2205,1081,1124
E01023661,1366,670,696
E01023662,1548,767,781
E01023654,1554,772,782
E01023655,1511,741,770
E01023656,2165,1071,1094
E01023657,2506,1258,1248
E01023658,1598,800,798
E01023659,1328,669,659
E01023635,1476,705,771
E01023636,1805,902,903
E01023637,1700,816,884
E01023638,1557,750,807
E01023587,1097,566,531
E01023588,1342,659,683
E01023589,1643,858,785
E01023590,1710,840,870
E01023591,1510,745,765
E01023592,1576,756,820
E01023593,1402,702,700
E01023585,1167,572,595
E01023586,1529,726,803
E01023597,1218,592,626
E01023598,1390,683,707
E01023600,1390,663,727
E01023663,2091,1025,1066
E01033024,1619,833,786
E01033025,1286,619,667
E01033026,1580,825,755
E01033027,1471,768,703
E01023630,1653,758,895
E01023631,1663,802,861
E01023632,1373,657,716
E01023633,1376,681,695
E01023634,1308,644,664
E01023649,1253,609,644
E01023650,1477,726,751
E01023651,1230,612,618
E01023652,1451,664,787
E01023644,1657,799,858
E01023645,1528,734,794
E01023646,1389,651,738
E01023647,1532,755,777
E01023648,1231,586,645
E01023639,1357,653,704
E01023640,1212,571,641
E01023641,1327,668,659
E01023642,1326,656,670
E01023643,1368,672,696
E01023601,2132,1105,1027
E01023602,1580,804,776
E01023603,1572,770,802
E01023604,1369,697,672
E01023605,1444,727,717
E01023617,1488,745,743
E01023618,1511,734,777
E01023619,1619,845,774
E01023620,1324,655,669
E01023621,1346,654,692
E01023611,1638,772,866
E01023612,1794,863,931
E01023613,1653,798,855
E01023614,1950,955,995
E01023615,1583,807,776
E01023616,2036,964,1072
E01023606,1640,787,853
E01023607,1473,705,768
E01023608,1509,732,777
E01023609,1570,775,795
E01023610,1370,658,712
E01023594,2194,1086,1108
E01023622,1177,546,631
E01023623,1468,727,741
E01023624,1331,666,665
E01023625,1106,544,562
E01023653,2179,1054,1125
E01023595,1494,710,784
E01023596,1099,520,579
E01023626,2167,1078,1089
E01023627,1754,840,914
E01023628,1723,854,869
E01023629,1770,871,899
E01023690,1607,761,846
E01023691,1458,712,746
E01023692,1412,682,730
E01023693,1288,621,667
E01023694,1474,723,751
E01023685,1690,845,845
E01023686,1593,775,818
E01023687,1521,725,796
E01023688,1428,709,719
E01023689,1459,748,711
E01023699,1534,709,825
E01023700,1356,641,715
E01023701,1779,853,926
E01023702,1609,785,824
E01023703,1465,727,738
E01023746,1545,731,814
E01023747,1792,845,947
E01023748,1383,670,713
E01023749,1690,813,877
E01023695,1578,795,783
E01023696,1736,859,877
E01023697,1855,902,953
E01023698,1606,812,794
E01023722,1429,716,713
E01023723,1692,826,866
E01023724,1588,742,846
E01023725,1517,743,774
E01023713,1872,917,955
E01023734,1648,801,847
E01023735,1746,859,887
E01023736,1560,733,827
E01023709,1658,788,870
E01023710,1564,769,795
E01023711,1588,775,813
E01023712,1687,838,849
E01023669,1681,760,921
E01023670,2172,1002,1170
E01023671,1892,886,1006
E01023672,1958,954,1004
E01023673,1441,728,713
E01023714,1822,884,938
E01023715,1604,768,836
E01023716,2040,1004,1036
E01023666,1714,881,833
E01023674,1862,911,951
E01023675,1409,697,712
E01023676,2173,1077,1096
E01023726,1671,860,811
E01023727,1916,992,924
E01023728,2203,1102,1101
E01023729,1812,931,881
E01023664,1751,878,873
E01023665,1590,796,794
E01023667,1431,703,728
E01023668,1406,736,670
E01023742,1484,731,753
E01023743,1723,866,857
E01023744,1470,724,746
E01023745,1727,856,871
E01023677,1240,649,591
E01023678,1899,959,940
E01023679,1478,736,742
E01023680,1345,670,675
E01023681,1601,833,768
E01023682,1730,845,885
E01023683,1660,798,862
E01023684,1623,798,825
E01023737,1338,634,704
E01023738,1586,818,768
E01023739,1506,711,795
E01023740,1338,676,662
E01023741,1589,758,831
E01023704,1612,792,820
E01023705,1704,835,869
E01023706,1590,763,827
E01023708,1512,737,775
E01033028,1490,727,763
E01033029,1599,807,792
E01023718,1746,874,872
E01023719,1126,543,583
E01023720,1852,951,901
E01023721,1406,690,716
E01023717,1232,605,627
E01023730,1747,858,889
E01023731,1479,729,750
E01023732,1674,796,878
E01023733,1603,771,832
E01023787,1425,751,674
E01023788,1597,787,810
E01023789,1986,980,1006
E01023790,1738,861,877
E01023776,2511,1308,1203
E01023777,1805,905,900
E01023778,1694,775,919
E01023799,1378,660,718
E01023800,1989,959,1030
E01023801,2417,1168,1249
E01023771,1601,803,798
E01023772,1718,879,839
E01023773,1371,655,716
E01023774,1639,845,794
E01023767,1454,742,712
E01023768,1665,840,825
E01023769,1695,823,872
E01023770,1512,782,730
E01023795,1520,739,781
E01023796,1474,744,730
E01023797,1317,646,671
E01023798,1484,741,743
E01023775,1912,970,942
E01023779,1605,778,827
E01023780,1411,713,698
E01023781,1681,842,839
E01023782,1391,720,671
E01023759,1510,704,806
E01023760,1543,778,765
E01023761,2168,1055,1113
E01023762,1558,783,775
E01023755,1610,767,843
E01023756,1668,822,846
E01023757,1889,892,997
E01023758,1848,969,879
E01023750,1284,599,685
E01023751,1202,595,607
E01023752,1329,664,665
E01023753,1475,736,739
E01023754,1368,665,703
E01023791,1564,765,799
E01023792,1638,798,840
E01023793,1441,700,741
E01023794,1567,754,813
E01023783,1665,851,814
E01023784,1629,777,852
E01023785,1574,780,794
E01023786,1527,727,800
E01023763,1483,744,739
E01023764,1425,708,717
E01023765,1472,716,756
E01023766,1530,718,812
E01023802,1723,857,866
E01023803,1536,758,778
E01023804,1519,736,783
E01023807,1510,768,742
E01023808,2527,1292,1235
E01023829,1708,813,895
E01023830,1412,693,719
E01023832,1689,827,862
E01023833,2362,1163,1199
E01023834,1561,759,802
E01023823,1385,619,766
E01023824,1936,921,1015
E01023831,2027,977,1050
E01023854,1849,894,955
E01023812,1459,722,737
E01023813,1551,729,822
E01023814,1162,525,637
E01023851,1636,726,910
E01023815,1544,767,777
E01023816,1293,635,658
E01023817,1355,651,704
E01023818,1375,665,710
E01023819,1580,749,831
E01023820,1282,619,663
E01023821,1292,629,663
E01023822,1361,667,694
E01023825,2265,1140,1125
E01023826,1461,727,734
E01023847,1890,908,982
E01023848,1659,831,828
E01023850,1412,714,698
E01023852,1493,699,794
E01023853,2067,1028,1039
E01023827,2186,1058,1128
E01023828,1507,737,770
E01023845,1824,885,939
E01023846,1512,749,763
E01023835,1407,678,729
E01023836,1394,653,741
E01023837,1550,745,805
E01023838,1251,601,650
E01023805,1671,813,858
E01023809,1651,776,875
E01023810,1736,825,911
E01023811,1474,703,771
E01023839,2249,1090,1159
E01023840,1671,828,843
E01023841,1612,831,781
E01023849,1435,710,725
E01023806,2190,1061,1129
E01023842,1576,729,847
E01023843,1929,909,1020
E01023844,1611,782,829
E01023904,1993,943,1050
E01023905,1882,899,983
E01023906,1485,737,748
E01023907,1723,862,861
E01023890,1279,633,646
E01023891,1440,719,721
E01023892,1312,604,708
E01023893,1710,812,898
E01023894,1454,705,749
E01023873,1287,609,678
E01023874,1320,643,677
E01023875,1840,901,939
E01023876,1738,797,941
E01023877,1647,773,874
E01023868,1728,851,877
E01023869,1377,710,667
E01023870,1483,723,760
E01023871,1190,576,614
E01023872,1706,854,852
E01023895,1604,819,785
E01023896,1341,652,689
E01023897,1586,806,780
E01023898,1569,798,771
E01023855,1813,931,882
E01023856,2279,1138,1141
E01023857,1656,840,816
E01023858,1696,867,829
E01023878,1944,967,977
E01023879,2218,1085,1133
E01023880,1831,899,932
E01023881,1613,784,829
E01023886,2709,1378,1331
E01023887,1698,855,843
E01023888,1597,795,802
E01023889,1774,867,907
E01023859,2112,1102,1010
E01023860,1835,967,868
E01023861,2231,1215,1016
E01023862,1965,975,990
E01023899,1548,796,752
E01023900,1728,915,813
E01023901,1909,966,943
E01023902,1510,736,774
E01023903,1563,816,747
E01023863,1727,892,835
E01023864,1556,734,822
E01023865,1661,776,885
E01023866,1553,703,850
E01023867,2129,1089,1040
E01023882,1564,757,807
E01023883,1660,801,859
E01023884,1709,853,856
E01023885,1819,903,916
E01023965,1416,705,711
E01023966,1588,778,810
E01023967,1362,661,701
E01023971,1629,798,831
E01023968,1277,629,648
E01023969,1370,671,699
E01023970,1390,674,716
E01033310,1665,839,826
E01033313,1487,740,747
E01023959,1432,681,751
E01023960,1572,761,811
E01023961,1427,653,774
E01023962,1492,702,790
E01023912,1441,689,752
E01023913,1348,665,683
E01023914,1654,792,862
E01023915,1521,742,779
E01023950,1585,803,782
E01023951,1577,808,769
E01023952,1724,843,881
E01023953,1428,722,706
E01023916,1704,810,894
E01023917,1720,819,901
E01023918,1728,767,961
E01023919,1654,786,868
E01023954,1770,866,904
E01023955,1382,651,731
E01023956,1355,641,714
E01023957,1485,705,780
E01023958,1439,675,764
E01023943,1527,730,797
E01023944,2068,1020,1048
E01023945,1594,780,814
E01023946,1551,751,800
E01023939,1224,598,626
E01023940,1741,855,886
E01023941,2794,1389,1405
E01023942,1682,777,905
E01023929,1613,795,818
E01023930,1628,840,788
E01023938,2854,1482,1372
E01033308,2892,1415,1477
E01033311,1523,769,754
E01033314,2102,1024,1078
E01023924,1661,910,751
E01023925,1246,588,658
E01023926,1739,895,844
E01023927,1725,847,878
E01023920,1637,844,793
E01023921,2072,1050,1022
E01023922,1768,886,882
E01023923,1847,939,908
E01023932,1708,923,785
E01023934,1469,784,685
E01023935,1334,703,631
E01023936,2274,1156,1118
E01023937,1334,713,621
E01023933,1510,747,763
E01023963,2236,1085,1151
E01023964,1505,711,794
E01023908,1542,767,775
E01023909,1389,578,811
E01023910,1371,665,706
E01023911,1572,705,867
E01023947,1607,816,791
E01023948,1610,776,834
E01023949,1964,975,989
E01026436,2261,1093,1168
E01026461,1336,654,682
E01026483,1142,569,573
E01033042,2372,1315,1057
E01026442,2163,1071,1092
E01026443,2112,1061,1051
E01026445,2220,1084,1136
E01026462,2240,1089,1151
E01026428,2758,1326,1432
E01026429,1495,721,774
E01026430,1793,851,942
E01026431,1138,534,604
E01026446,1923,956,967
E01026452,1672,816,856
E01026453,1586,805,781
E01026454,1668,822,846
E01026425,1945,938,1007
E01026426,2372,1194,1178
E01026427,2198,1026,1172
E01026432,1470,717,753
E01026433,1470,712,758
E01026434,1970,954,1016
E01026479,1489,707,782
E01026480,1463,706,757
E01026481,1228,613,615
E01026484,1371,674,697
E01026485,1089,549,540
E01026455,1901,847,1054
E01026456,1169,546,623
E01026457,1272,591,681
E01026458,1498,704,794
E01026459,1418,671,747
E01026437,1180,571,609
E01026438,1027,502,525
E01026451,2057,973,1084
E01026495,1287,615,672
E01026496,1090,531,559
E01026486,1532,741,791
E01026487,1589,800,789
E01026488,1169,574,595
E01026489,1344,660,684
E01026490,1568,732,836
E01026419,1218,613,605
E01026420,1132,582,550
E01026464,1266,627,639
E01026491,2148,1048,1100
E01033040,1985,1415,570
E01033041,1061,543,518
E01026422,1946,958,988
E01026423,1814,878,936
E01026447,1511,728,783
E01026449,1959,968,991
E01026450,1779,871,908
E01026424,2078,1026,1052
E01026444,2013,988,1025
E01026492,1291,639,652
E01026493,1172,619,553
E01026421,1730,841,889
E01026435,2242,1127,1115
E01026448,2251,1135,1116
E01026439,1533,761,772
E01026440,1191,603,588
E01026441,1578,772,806
E01026494,2208,1110,1098
E01026465,1796,887,909
E01026466,1914,967,947
E01026467,2200,1056,1144
E01026468,2373,1157,1216
E01026469,1584,806,778
E01026470,2758,1424,1334
E01026471,1240,613,627
E01026472,1206,605,601
E01026473,1474,741,733
E01026474,1691,802,889
E01026475,1471,732,739
E01026476,1485,760,725
E01026477,1447,707,740
E01026478,1701,842,859
E01026499,1520,702,818
E01026500,1701,816,885
E01026501,1607,788,819
E01026502,1161,588,573
E01026503,1389,658,731
E01026522,1437,707,730
E01026523,1862,944,918
E01026524,1443,716,727
E01026525,1068,539,529
E01026547,1419,702,717
E01026548,1290,609,681
E01026514,1533,761,772
E01026515,1082,548,534
E01026516,1248,605,643
E01026517,1439,680,759
E01026533,1190,592,598
E01026534,1639,819,820
E01026535,1674,835,839
E01026536,1693,835,858
E01026537,1541,743,798
E01026549,1724,850,874
E01026550,1131,560,571
E01026551,1188,580,608
E01026552,1399,707,692
E01026562,1231,608,623
E01026563,1410,692,718
E01026564,1631,837,794
E01026565,1165,572,593
E01026566,1484,714,770
E01026567,1638,801,837
E01026568,1583,760,823
E01026518,1395,690,705
E01026519,1707,831,876
E01026520,1115,538,577
E01026521,1272,573,699
E01026545,1633,808,825
E01026546,1502,739,763
E01026578,1972,950,1022
E01026579,1486,740,746
E01026580,1636,785,851
E01026540,1444,670,774
E01026541,2428,1174,1254
E01026542,1477,735,742
E01026543,1422,690,732
E01026544,1687,854,833
E01026526,1421,699,722
E01026527,1454,675,779
E01026528,1388,652,736
E01026529,1544,746,798
E01026530,1705,865,840
E01026531,1698,840,858
E01026532,1747,860,887
E01026553,1387,668,719
E01026554,1165,548,617
E01026555,1510,728,782
E01026556,1421,682,739
E01026557,1375,671,704
E01026558,1276,616,660
E01026559,1479,742,737
E01026560,1340,652,688
E01026561,1388,678,710
E01026504,1532,727,805
E01026505,1372,637,735
E01026506,1367,656,711
E01026507,1323,640,683
E01026512,1297,627,670
E01026513,1346,657,689
E01026569,1427,688,739
E01026570,1574,738,836
E01026571,1469,712,757
E01026572,1456,708,748
E01026573,1370,672,698
E01026574,1734,835,899
E01026575,1736,847,889
E01026576,2098,1050,1048
E01026577,1692,848,844
E01026508,1438,686,752
E01026509,1593,794,799
E01026510,1618,769,849
E01026511,1141,565,576
E01026497,1467,720,747
E01026498,1357,641,716
E01026538,1568,757,811
E01026539,1677,853,824
E01026605,1680,784,896
E01026606,1567,746,821
E01026607,1595,800,795
E01026627,1388,671,717
E01026628,1395,694,701
E01026629,1493,720,773
E01026608,1257,625,632
E01026609,1169,566,603
E01026636,1549,775,774
E01026637,2007,988,1019
E01026638,1562,742,820
E01026589,1424,701,723
E01026590,1382,664,718
E01026591,1745,819,926
E01026592,1449,695,754
E01026593,1314,655,659
E01026594,1762,841,921
E01026599,1432,722,710
E01026639,1562,786,776
E01026640,1577,732,845
E01026641,1507,714,793
E01026595,1708,789,919
E01026596,1691,806,885
E01026597,1862,933,929
E01026598,1605,820,785
E01026622,1642,822,820
E01026623,1542,851,691
E01026624,1798,911,887
E01026625,1795,919,876
E01026626,1904,972,932
E01026600,1477,730,747
E01026633,1861,952,909
E01026634,1543,773,770
E01026635,2253,1132,1121
E01026581,1686,856,830
E01026582,1938,941,997
E01026583,1328,641,687
E01026584,1496,752,744
E01026601,1490,715,775
E01026602,1481,718,763
E01026603,1664,800,864
E01026604,1577,799,778
E01026632,1676,795,881
E01026610,1533,749,784
E01026611,1513,722,791
E01026612,2502,1201,1301
E01026630,1737,833,904
E01026631,1718,883,835
E01026617,1277,632,645
E01026618,1592,770,822
E01026619,1498,711,787
E01026620,1436,671,765
E01026621,1453,731,722
E01026613,1296,645,651
E01026614,1602,796,806
E01026615,1355,679,676
E01026616,1226,610,616
E01026585,1284,615,669
E01026586,1048,491,557
E01026587,1748,867,881
E01026588,2626,1289,1337
E01026680,1457,633,824
E01026681,1409,695,714
E01026682,1258,567,691
E01026683,1296,626,670
E01026645,1293,627,666
E01026646,1714,823,891
E01026656,1937,926,1011
E01026695,2128,1083,1045
E01026676,1678,785,893
E01026677,1504,697,807
E01026678,1568,752,816
E01026701,1587,739,848
E01026702,1280,594,686
E01026703,1165,575,590
E01026653,1740,811,929
E01026654,1555,717,838
E01026655,1345,620,725
E01026718,2256,1092,1164
E01026691,1174,577,597
E01026692,1271,609,662
E01026708,1355,658,697
E01026709,1915,906,1009
E01026710,1193,587,606
E01026669,1624,767,857
E01026670,1624,777,847
E01026671,1407,712,695
E01026672,1493,725,768
E01026673,1533,760,773
E01026687,1575,778,797
E01026688,1485,694,791
E01026689,1525,762,763
E01026690,1487,724,763
E01026647,2171,1072,1099
E01026711,1522,728,794
E01026712,1639,793,846
E01026713,1537,770,767
E01026666,1904,894,1010
E01026667,1622,790,832
E01026668,1589,794,795
E01026693,1907,955,952
E01026662,2483,1229,1254
E01026663,1794,865,929
E01026664,2202,1062,1140
E01026714,2027,973,1054
E01026698,1950,953,997
E01026699,1505,754,751
E01026700,1406,771,635
E01026704,1828,884,944
E01026705,1575,772,803
E01026706,1568,772,796
E01026665,2240,1080,1160
E01026674,1117,525,592
E01026675,1220,594,626
E01026694,2431,1197,1234
E01026684,1209,596,613
E01026685,1276,612,664
E01026719,2322,1180,1142
E01026720,1324,680,644
E01026721,1317,649,668
E01026642,1338,635,703
E01026643,1400,710,690
E01026644,2798,1706,1092
E01026723,1619,804,815
E01026724,1665,794,871
E01026725,1450,706,744
E01026696,1196,579,617
E01026697,1271,617,654
E01026722,2455,1182,1273
E01026726,2102,1064,1038
E01026659,1572,808,764
E01026660,1648,792,856
E01026661,1480,718,762
E01026715,1421,676,745
E01026716,1871,916,955
E01026717,1535,787,748
E01026686,2017,957,1060
E01026707,2079,976,1103
E01033036,1615,778,837
E01033037,1514,736,778
E01033038,1761,820,941
E01033039,1008,485,523
E01026679,2409,1214,1195
E01026727,2504,1219,1285
E01026728,2276,1102,1174
E01026648,1506,737,769
E01026649,1566,783,783
E01026650,1203,584,619
E01026651,2332,1161,1171
E01026652,1324,665,659
E01026770,1987,917,1070
E01026771,1596,737,859
E01026772,1722,827,895
E01026773,2062,972,1090
E01026739,2044,969,1075
E01026763,1383,675,708
E01026764,1195,557,638
E01026765,1330,655,675
E01026734,1159,604,555
E01026735,1199,562,637
E01026736,1290,606,684
E01026777,1123,528,595
E01026778,1441,628,813
E01026779,1471,706,765
E01026741,1894,910,984
E01026742,1579,728,851
E01026743,2231,1029,1202
E01026762,2401,1165,1236
E01026766,2231,1104,1127
E01026781,2125,1053,1072
E01026731,1062,500,562
E01026732,1253,620,633
E01026733,2322,1127,1195
E01026737,2344,1164,1180
E01026738,2456,1207,1249
E01026750,1363,634,729
E01026751,1395,635,760
E01026752,1433,708,725
E01026729,2244,1113,1131
E01026730,2439,1197,1242
E01026788,1265,629,636
E01026780,2521,1239,1282
E01026782,2167,1050,1117
E01026787,1040,519,521
E01026753,1575,741,834
E01026754,1413,667,746
E01026755,1215,580,635
E01026756,1233,576,657
E01026757,1583,776,807
E01026758,1374,660,714
E01026759,1339,614,725
E01026760,1334,642,692
E01026761,1568,759,809
E01026745,1649,772,877
E01026746,1657,810,847
E01026747,1329,656,673
E01026748,1430,692,738
E01026749,1552,717,835
E01026740,2386,1149,1237
E01026767,1253,627,626
E01026768,1681,1117,564
E01026789,1223,603,620
E01026790,1161,571,590
E01026774,1451,707,744
E01026775,1273,580,693
E01026776,1588,790,798
E01026786,2190,1107,1083
E01026744,1948,927,1021
E01026769,2130,1008,1122
E01026783,1801,882,919
E01026784,1045,524,521
E01026785,1351,675,676
E01026797,2402,1243,1159
E01026798,1533,781,752
E01026799,1459,728,731
E01026800,1991,1036,955
E01026801,1606,778,828
E01026802,1605,783,822
E01026828,1744,842,902
E01026829,2093,1031,1062
E01026830,1276,649,627
E01026831,1242,647,595
E01026832,1415,689,726
E01026833,1382,723,659
E01026834,1503,712,791
E01026841,1453,761,692
E01026842,1648,832,816
E01026843,1905,887,1018
E01026844,1741,878,863
E01026845,1561,775,786
E01026846,1626,818,808
E01026803,1438,653,785
E01026804,1429,679,750
E01026805,1421,681,740
E01026806,1503,942,561
E01026807,1252,614,638
E01026808,1320,653,667
E01026809,1492,754,738
E01026791,1475,741,734
E01026792,1445,695,750
E01026793,1817,861,956
E01026794,2065,1029,1036
E01026796,1643,789,854
E01033435,1845,889,956
E01033436,1393,668,725
E01026863,1814,895,919
E01026864,1547,768,779
E01026865,1949,961,988
E01026866,1574,779,795
E01026867,1592,776,816
E01026868,1628,796,832
E01026869,1400,700,700
E01026822,2031,1037,994
E01026823,1906,1015,891
E01026824,1471,724,747
E01026825,1276,659,617
E01026826,1456,724,732
E01026827,1501,722,779
E01026835,1502,710,792
E01026836,1566,762,804
E01026837,1471,745,726
E01026838,1551,696,855
E01026839,1596,742,854
E01026840,1611,786,825
E01026858,1512,709,803
E01026859,1659,776,883
E01026860,4313,1994,2319
E01026861,1493,699,794
E01026862,1302,614,688
E01026852,1295,598,697
E01026853,1751,926,825
E01026855,1568,796,772
E01026856,1821,852,969
E01026857,1515,710,805
E01033434,1076,572,504
E01033437,1378,663,715
E01026810,1389,640,749
E01026811,1544,747,797
E01026812,1425,698,727
E01026813,1426,694,732
E01026814,1522,738,784
E01026815,1475,681,794
E01026816,1741,837,904
E01026817,1415,670,745
E01026818,1462,708,754
E01026819,1439,690,749
E01026820,1727,822,905
E01026821,1542,727,815
E01033438,1397,691,706
E01033439,1440,759,681
E01033440,1070,608,462
E01033441,1229,680,549
E01026848,1856,877,979
E01026849,1738,924,814
E01026850,1827,929,898
E01026916,2028,1019,1009
E01026917,1481,721,760
E01026918,1689,862,827
E01026924,1514,742,772
E01026925,2102,1019,1083
E01033538,2165,1070,1095
E01033540,1484,738,746
E01026881,1335,641,694
E01026882,2072,982,1090
E01026883,1645,787,858
E01026895,1514,760,754
E01026896,1203,581,622
E01026905,1025,476,549
E01026906,1375,666,709
E01026907,1832,874,958
E01026908,1459,697,762
E01026909,1420,684,736
E01026910,1488,730,758
E01026947,1315,640,675
E01026948,1993,993,1000
E01026870,1553,728,825
E01026871,1296,629,667
E01026921,1366,669,697
E01026922,1499,707,792
E01026875,1142,560,582
E01026876,1520,704,816
E01026926,1555,746,809
E01026927,1837,904,933
E01026928,1434,684,750
E01026936,1392,664,728
E01026937,1475,696,779
E01026884,1157,548,609
E01026885,1435,733,702
E01026933,2789,1338,1451
E01026945,2234,1096,1138
E01026946,1076,517,559
E01026879,1228,605,623
E01026880,1485,723,762
E01026911,1108,511,597
E01026912,1540,762,778
E01026929,1304,639,665
E01026930,1535,786,749
E01026913,1639,798,841
E01026914,1518,719,799
E01026915,1964,951,1013
E01026919,1524,718,806
E01026920,1134,539,595
E01026941,1250,630,620
E01026942,1149,569,580
E01026898,1392,685,707
E01026899,1479,725,754
E01026943,1537,788,749
E01026944,1189,595,594
E01026877,1537,761,776
E01026878,1200,588,612
E01026897,2701,1338,1363
E01026938,1983,953,1030
E01026939,1735,900,835
E01026940,1801,882,919
E01026892,1306,639,667
E01026893,1027,515,512
E01026894,2444,1174,1270
E01026903,1198,603,595
E01026904,1362,655,707
E01026872,2200,1117,1083
E01026900,1446,682,764
E01026901,1333,621,712
E01026902,1862,935,927
E01026873,1265,630,635
E01026874,1545,761,784
E01026886,1342,663,679
E01026887,1472,746,726
E01026934,1028,514,514
E01026935,1329,642,687
E01026888,1617,741,876
E01026889,1522,719,803
E01026891,1646,798,848
E01026931,1214,605,609
E01026932,1236,612,624
E01033539,1391,691,700
E01033541,1396,682,714
E01029876,2181,1126,1055
E01029898,1722,822,900
E01029907,2162,1054,1108
E01029881,2057,1018,1039
E01029884,1556,783,773
E01029885,2145,1078,1067
E01029900,1622,784,838
E01029901,2152,1064,1088
E01029917,1893,916,977
E01029892,1835,884,951
E01029893,2686,1324,1362
E01029894,1163,578,585
E01029895,1189,575,614
E01029896,1380,638,742
E01029911,2191,1082,1109
E01029877,1295,639,656
E01029878,1198,577,621
E01029879,1515,756,759
E01029908,1629,792,837
E01029909,1556,762,794
E01029910,1157,580,577
E01029880,1699,845,854
E01029921,1270,635,635
E01029922,1306,639,667
E01029923,1399,690,709
E01029912,1615,756,859
E01029913,1083,500,583
E01029914,1620,803,817
E01029915,1223,582,641
E01029916,1313,626,687
E01029918,1107,575,532
E01029919,1485,700,785
E01029920,1724,786,938
E01029886,1294,594,700
E01029887,1800,889,911
E01029888,1203,586,617
E01029889,1349,669,680
E01029890,1337,672,665
E01029891,1925,978,947
E01029875,2170,1092,1078
E01029899,1772,852,920
E01029902,2150,1095,1055
E01029906,1845,863,982
E01029870,1165,557,608
E01029872,1401,708,693
E01029882,1561,773,788
E01029883,1980,1000,980
E01029903,1403,698,705
E01029904,1444,718,726
E01029905,1087,527,560
E01029871,1352,641,711
E01029873,2157,1063,1094
E01029874,1750,862,888
E01029897,2467,1198,1269
E01029926,1664,818,846
E01029927,2360,1180,1180
E01029928,1829,918,911
E01029929,2238,1118,1120
E01029930,1545,785,760
E01029942,1473,738,735
E01029944,1671,829,842
E01033453,3414,1939,1475
E01029945,1922,975,947
E01032523,1315,706,609
E01032524,983,481,502
E01032525,2833,1434,1399
E01032526,1627,840,787
E01029938,1401,725,676
E01029939,1540,772,768
E01029940,1433,701,732
E01029946,2112,1039,1073
E01029947,2202,1089,1113
E01029941,1824,931,893
E01029957,1663,810,853
E01033451,1475,717,758
E01033452,1394,722,672
E01033454,1255,651,604
E01029937,1960,1004,956
E01029953,1424,692,732
E01029954,2439,1216,1223
E01029955,1817,885,932
E01029956,1356,692,664
E01029925,1714,871,843
E01029949,1404,679,725
E01029950,1785,897,888
E01029951,1393,684,709
E01029952,1261,602,659
E01032612,2022,1013,1009
E01030032,1506,725,781
E01030033,1534,756,778
E01030034,1414,687,727
E01030035,1842,902,940
E01030036,1743,835,908
E01029973,1515,735,780
E01029974,1568,769,799
E01029975,1294,626,668
E01029976,1549,783,766
E01029977,1537,751,786
E01030027,2059,1047,1012
E01030028,1631,792,839
E01030029,1637,818,819
E01030030,2001,1004,997
E01030031,1551,753,798
E01029997,1591,770,821
E01029998,1902,926,976
E01029999,1708,847,861
E01030000,1569,775,794
E01030001,1554,735,819
E01030007,1650,798,852
E01030008,1303,611,692
E01030009,1481,736,745
E01030010,1854,924,930
E01030011,1588,767,821
E01030022,2199,1140,1059
E01030023,1886,999,887
E01030024,2341,1386,955
E01030025,1788,896,892
E01030026,1724,849,875
E01029958,1420,715,705
E01029960,1795,864,931
E01029961,1523,744,779
E01029962,1594,828,766
E01033124,1105,563,542
E01033125,1022,577,445
E01033129,1241,705,536
E01030002,1913,924,989
E01030003,1736,823,913
E01030004,1341,657,684
E01030005,2316,1123,1193
E01030006,1828,893,935
E01029963,1541,764,777
E01029964,1341,704,637
E01029965,1474,705,769
E01029966,1402,712,690
E01029967,1297,605,692
E01029984,1527,750,777
E01029985,2305,1211,1094
E01029986,1573,764,809
E01029987,1562,763,799
E01029988,1859,1037,822
E01029990,1617,837,780
E01029991,1633,825,808
E01029992,1328,637,691
E01033123,1799,918,881
E01033126,1422,820,602
E01029968,1477,752,725
E01029969,1470,700,770
E01029970,1735,869,866
E01029971,1465,690,775
E01033122,1441,763,678
E01033130,1044,570,474
E01030012,1120,564,556
E01030013,1397,647,750
E01030014,1400,676,724
E01030015,1310,647,663
E01030016,1433,706,727
E01029994,1616,781,835
E01029995,1602,797,805
E01029996,1701,853,848
E01033127,1528,749,779
E01033128,1102,539,563
E01033131,1442,669,773
E01030017,1365,663,702
E01030018,1464,746,718
E01030019,1555,764,791
E01030020,1500,727,773
E01030021,1392,669,723
E01029978,1321,654,667
E01029979,1650,797,853
E01029980,1625,743,882
E01029981,1166,576,590
E01029982,1461,723,738
E01029983,1569,784,785
E01030052,2154,1032,1122
E01030058,2060,1006,1054
E01030064,2308,1146,1162
E01030088,1167,572,595
E01030039,1462,737,725
E01030054,1253,622,631
E01030055,1398,694,704
E01030066,1585,763,822
E01030067,1273,615,658
E01030068,1688,841,847
E01030053,2292,1145,1147
E01030082,2557,1285,1272
E01030090,2429,1213,1216
E01030040,1195,565,630
E01030049,1691,828,863
E01030050,2038,996,1042
E01030084,1611,800,811
E01030085,1621,797,824
E01030037,1211,609,602
E01030038,1228,618,610
E01030059,2254,1116,1138
E01030081,2263,1124,1139
E01030051,1696,841,855
E01030056,2181,1073,1108
E01030065,2080,1026,1054
E01030086,1177,578,599
E01030089,1995,979,1016
E01030048,2369,1122,1247
E01030057,2323,1167,1156
E01030083,2326,1168,1158
E01030087,1363,695,668
E01030073,1502,699,803
E01030077,1503,693,810
E01030079,1632,750,882
E01030080,1641,791,850
E01030063,2364,1128,1236
E01030069,1310,664,646
E01030072,1604,787,817
E01030075,1668,832,836
E01030060,1636,779,857
E01030071,1467,706,761
E01030076,1489,752,737
E01030078,1717,877,840
E01033316,1572,757,815
E01033317,1573,795,778
E01033319,1912,950,962
E01030041,2165,1092,1073
E01030043,1235,624,611
E01030061,1556,750,806
E01030062,1336,638,698
E01030070,2200,1449,751
E01030042,1567,784,783
E01030044,1148,556,592
E01030045,1804,878,926
E01030046,1624,803,821
E01030047,1258,617,641
E01030095,1179,589,590
E01030096,1443,713,730
E01030097,1201,595,606
E01030145,1412,702,710
E01030146,1095,540,555
E01030094,1412,678,734
E01030121,2365,1138,1227
E01030132,1956,1297,659
E01030133,1464,716,748
E01030130,1293,613,680
E01030131,1299,641,658
E01030139,1725,856,869
E01030140,1277,646,631
E01030141,1607,773,834
E01030103,2030,956,1074
E01030104,2191,1109,1082
E01030138,2341,1171,1170
E01030127,1246,628,618
E01030128,1472,747,725
E01030129,1427,721,706
E01033044,1458,726,732
E01033045,1072,526,546
E01033050,1293,649,644
E01030091,1782,860,922
E01030093,1532,763,769
E01030137,1591,794,797
E01033043,1224,600,624
E01033046,1123,600,523
E01033047,1176,603,573
E01030092,1679,796,883
E01030123,1596,817,779
E01030124,1530,746,784
E01030125,1511,714,797
E01030148,1260,623,637
E01030149,1477,705,772
E01030098,2317,1109,1208
E01030100,2090,1018,1072
E01030119,2255,1116,1139
E01030134,1188,569,619
E01030135,1458,745,713
E01030142,1712,819,893
E01030143,1592,817,775
E01030144,1235,584,651
E01030147,1458,707,751
E01033048,1274,613,661
E01033049,1192,524,668
E01030099,1984,979,1005
E01030101,2028,954,1074
E01030150,2192,1094,1098
E01030120,3002,1916,1086
E01030122,2017,985,1032
E01030151,2234,1220,1014
E01030109,1864,913,951
E01030110,2839,1356,1483
E01030111,1392,694,698
E01030112,1701,886,815
E01030115,2364,1160,1204
E01030116,2299,1143,1156
E01030117,1632,822,810
E01030118,1679,834,845
E01030105,1797,914,883
E01030106,2454,1233,1221
E01030107,1620,807,813
E01030108,1885,937,948
E01030113,1900,942,958
E01030114,1615,833,782
E01030201,2076,1041,1035
E01030219,1966,956,1010
E01030222,1901,911,990
E01030154,2144,1052,1092
E01030172,1657,800,857
E01030173,1685,802,883
E01030174,1402,672,730
E01030176,1977,962,1015
E01030186,1449,710,739
E01030208,1269,627,642
E01030209,1520,719,801
E01030210,2124,1011,1113
E01030212,1911,903,1008
E01030152,2001,888,1113
E01030153,1224,585,639
E01030187,1581,765,816
E01030188,1639,806,833
E01030189,1691,805,886
E01030193,1638,823,815
E01030194,1612,738,874
E01030195,1633,800,833
E01030220,2156,1025,1131
E01030175,2306,1125,1181
E01030200,2272,1139,1133
E01030221,1965,962,1003
E01030199,1830,897,933
E01033443,1739,1058,681
E01033445,1703,804,899
E01033446,2473,1463,1010
E01033448,1275,617,658
E01033449,1685,823,862
E01030155,2073,1031,1042
E01030185,2121,985,1136
E01030203,1967,890,1077
E01030211,1935,853,1082
E01030179,2686,1295,1391
E01030180,1398,686,712
E01030183,1965,962,1003
E01030184,1771,852,919
E01030207,1475,726,749
E01030181,1993,1005,988
E01030190,1795,896,899
E01030191,1621,806,815
E01030192,1481,738,743
E01030198,1294,641,653
E01033442,1622,770,852
E01033444,1509,747,762
E01033447,1458,705,753
E01030196,1690,840,850
E01030197,1618,810,808
E01030204,1850,924,926
E01030205,1314,649,665
E01030206,1546,764,782
E01030171,1942,962,980
E01030214,1327,675,652
E01030215,1315,670,645
E01030216,1485,704,781
E01030217,1316,664,652
E01030218,1480,726,754
E01030158,1431,700,731
E01030159,1499,717,782
E01030164,1516,707,809
E01030166,1519,716,803
E01033450,2379,1112,1267
E01030160,1406,682,724
E01030161,1393,657,736
E01030168,1459,700,759
E01030169,1546,775,771
E01030170,1703,787,916
E01030162,1391,654,737
E01030163,1525,761,764
E01030165,1580,773,807
E01030167,1400,657,743
E01030240,1565,740,825
E01030241,1440,705,735
E01030242,1395,698,697
E01030259,1132,558,574
E01030260,1436,930,506
E01030261,1419,695,724
E01030262,1241,581,660
E01030277,1192,564,628
E01030279,1391,669,722
E01030281,2406,1163,1243
E01030266,1676,806,870
E01030267,1358,673,685
E01030271,1456,711,745
E01030278,1578,743,835
E01030280,1400,696,704
E01030246,1412,695,717
E01030248,1487,731,756
E01030249,1646,806,840
E01030250,1806,885,921
E01030264,1427,699,728
E01030265,1446,696,750
E01030255,1357,673,684
E01030263,1365,691,674
E01030270,1542,769,773
E01030289,1445,697,748
E01030290,1508,738,770
E01030233,1512,748,764
E01030235,1482,703,779
E01030268,1353,655,698
E01030269,1621,776,845
E01030288,1414,683,731
E01030247,1467,731,736
E01030254,1463,701,762
E01030256,1511,762,749
E01030258,1528,804,724
E01030276,1229,583,646
E01030257,1580,752,828
E01030274,1187,547,640
E01030275,1131,560,571
E01030287,1425,672,753
E01030291,1477,674,803
E01030234,1592,737,855
E01030236,1737,831,906
E01030237,2902,1430,1472
E01030238,1848,889,959
E01030223,1715,815,900
E01030224,1675,777,898
E01030225,1615,768,847
E01030227,1441,682,759
E01030228,1773,833,940
E01030226,1904,947,957
E01030286,2185,1083,1102
E01030292,1485,739,746
E01030293,1700,828,872
E01030294,1488,711,777
E01030239,2018,1010,1008
E01030251,1572,764,808
E01030252,1745,851,894
E01030253,1788,870,918
E01030272,1496,697,799
E01030273,1520,730,790
E01030230,1830,857,973
E01030231,1568,762,806
E01030232,1729,853,876
E01030285,2242,1129,1113
E01030282,1098,471,627
E01030283,1359,643,716
E01030284,1223,561,662
E01030295,2224,1101,1123
E01030229,2150,1064,1086
E01030243,1461,708,753
E01030244,1677,770,907
E01030245,1588,747,841
E01000907,1430,663,767
E01000908,1581,686,895
E01000909,1614,766,848
E01000912,1589,734,855
E01000913,1710,840,870
E01000893,1566,745,821
E01000894,1389,680,709
E01000895,1630,811,819
E01000896,1692,822,870
E01000899,1667,822,845
E01000910,1472,718,754
E01000911,1559,738,821
E01000921,1966,940,1026
E01000923,1494,689,805
E01000928,1681,843,838
E01000878,1624,766,858
E01000879,1458,714,744
E01000880,1602,767,835
E01000884,1469,724,745
E01000885,1484,694,790
E01000871,1664,821,843
E01000872,1902,965,937
E01000873,1639,816,823
E01000874,1559,746,813
E01000877,1574,786,788
E01000886,1445,704,741
E01000887,1486,705,781
E01000888,1605,793,812
E01000892,1843,880,963
E01000903,1439,709,730
E01000889,1670,798,872
E01000890,1640,806,834
E01000891,1575,752,823
E01000901,1977,939,1038
E01000922,1547,761,786
E01000927,1738,836,902
E01000881,1510,784,726
E01000882,1513,745,768
E01000883,1326,635,691
E01000897,1597,759,838
E01000898,1729,836,893
E01000866,2030,942,1088
E01000870,1693,779,914
E01000924,1637,785,852
E01000925,1563,736,827
E01000926,1791,866,925
E01000969,2032,979,1053
E01000970,1444,719,725
E01000971,1478,699,779
E01000972,2009,976,1033
E01000973,1885,899,986
E01000842,1444,687,757
E01000844,1772,903,869
E01000848,1588,773,815
E01000849,1569,748,821
E01000900,1801,859,942
E01000902,1451,687,764
E01000904,2120,1063,1057
E01000905,2044,951,1093
E01000906,1532,682,850
E01000875,1654,874,780
E01000876,1748,877,871
E01000931,1910,889,1021
E01000932,1838,932,906
E01000974,1707,831,876
E01000843,1678,777,901
E01000845,1464,689,775
E01000846,1501,699,802
E01000847,1686,815,871
E01000864,1537,733,804
E01000865,1505,748,757
E01000867,1608,788,820
E01000868,1442,744,698
E01000869,2110,1053,1057
E01000962,1592,732,860
E01000964,1577,751,826
E01000965,1522,712,810
E01000966,1512,743,769
E01000968,1505,719,786
E01000960,1774,828,946
E01000961,1591,736,855
E01000963,1923,883,1040
E01000967,1409,653,756
E01000857,1447,705,742
E01000858,1861,910,951
E01000859,1586,757,829
E01000860,1307,621,686
E01000862,1712,871,841
E01000856,1645,815,830
E01000861,1574,818,756
E01000957,1729,884,845
E01000958,2264,1019,1245
E01000959,1670,806,864
E01000929,1675,784,891
E01000930,1910,896,1014
E01000933,1671,838,833
E01000934,1619,753,866
E01000935,1415,631,784
E01000863,1481,781,700
E01000946,1516,705,811
E01000947,1954,1073,881
E01000948,1736,890,846
E01000952,1729,830,899
E01000953,1643,762,881
E01000954,1656,781,875
E01000955,1595,765,830
E01000956,1532,743,789
E01000944,1899,1168,731
E01000945,1821,852,969
E01000949,1633,754,879
E01000950,1431,716,715
E01000951,1538,760,778
E01000936,1839,898,941
E01000938,1752,924,828
E01000939,1223,593,630
E01000940,1130,571,559
E01000853,1631,798,833
E01000937,1504,735,769
E01000941,1230,640,590
E01000942,2111,1043,1068
E01000943,1054,522,532
E01000850,1694,919,775
E01000851,2383,1327,1056
E01000852,1587,725,862
E01000854,1833,1037,796
E01000915,1527,785,742
E01000916,1796,942,854
E01000917,1888,1004,884
E01000920,1946,1040,906
E01000855,1764,880,884
E01000914,1762,928,834
E01000918,2090,1125,965
E01000919,2014,1084,930
E01000001,1465,767,698
E01000002,1436,767,669
E01000003,1346,714,632
E01000005,985,528,457
E01032739,1044,648,396
E01032740,1099,667,432
E01001808,1838,923,915
E01001809,1977,985,992
E01001814,1660,843,817
E01001823,1765,882,883
E01001825,1598,815,783
E01001714,1490,732,758
E01001811,1503,728,775
E01001813,1250,600,650
E01033701,1849,956,893
E01001799,1582,811,771
E01001802,1294,619,675
E01001804,1528,748,780
E01001807,1806,928,878
E01001812,1746,854,892
E01001725,1909,949,960
E01001726,1357,654,703
E01001800,1597,781,816
E01001824,1517,769,748
E01001826,1740,878,862
E01001723,1944,1000,944
E01001724,2219,1084,1135
E01001727,1920,957,963
E01001768,1825,901,924
E01001769,1594,774,820
E01001715,1321,690,631
E01001716,1318,696,622
E01001717,1222,579,643
E01001718,1787,931,856
E01001719,1139,563,576
E01001720,1736,844,892
E01001742,1810,841,969
E01001801,1664,762,902
E01001803,1863,908,955
E01001806,1546,714,832
E01001741,1490,695,795
E01001805,1206,585,621
E01001829,1794,840,954
E01001831,1677,838,839
E01001832,1619,793,826
E01001764,1688,849,839
E01001765,1717,849,868
E01001767,1603,792,811
E01001770,1738,882,856
E01033703,1410,699,711
E01033713,1346,694,652
E01001792,1780,884,896
E01001793,1685,839,846
E01001794,1909,906,1003
E01001795,1464,711,753
E01001796,1647,862,785
E01001736,1656,808,848
E01001737,1842,942,900
E01001738,1758,881,877
E01001739,2090,1002,1088
E01001786,1825,875,950
E01001787,1589,752,837
E01001788,1582,734,848
E01001790,1343,658,685
E01001740,1566,760,806
E01001747,2137,1085,1052
E01001830,1904,990,914
E01001833,2143,1021,1122
E01001834,2059,1023,1036
E01001835,1249,630,619
E01001733,1822,923,899
E01001785,1486,677,809
E01001789,1739,842,897
E01001791,1534,737,797
E01001745,2249,1114,1135
E01001746,1656,783,873
E01001757,1717,791,926
E01001758,2087,1027,1060
E01001759,1804,913,891
E01001761,1779,864,915
E01001731,2300,1153,1147
E01001734,1821,932,889
E01001760,1754,862,892
E01001762,1765,861,904
E01001846,1216,573,643
E01001847,1129,574,555
E01001848,1654,816,838
E01001849,2364,1202,1162
E01001729,2021,1035,986
E01001730,1921,990,931
E01001732,1715,833,882
E01001735,1632,774,858
E01001838,1746,848,898
E01001850,1810,825,985
E01001748,2306,1208,1098
E01001749,1717,838,879
E01001763,1642,794,848
E01001816,1625,790,835
E01001819,1577,769,808
E01001744,1879,906,973
E01001750,1838,905,933
E01001751,1547,807,740
E01001756,2155,1075,1080
E01033698,1259,614,645
E01033699,1217,653,564
E01033700,1566,846,720
E01033707,1303,651,652
E01001836,1866,903,963
E01001840,1676,794,882
E01001841,1411,694,717
E01001844,2006,997,1009
E01001845,1555,753,802
E01001837,1488,722,766
E01001839,2211,1034,1177
E01001842,1589,769,820
E01001843,1244,580,664
E01033704,1631,849,782
E01033712,1578,745,833
E01001772,1046,537,509
E01001774,2095,1019,1076
E01001775,1776,871,905
E01001815,1774,845,929
E01001820,1463,714,749
E01001821,1460,711,749
E01001752,2307,1183,1124
E01001753,1629,825,804
E01001754,2379,1237,1142
E01001755,1788,870,918
E01001773,2052,1026,1026
E01001776,1439,748,691
E01001779,2437,1241,1196
E01001781,1667,851,816
E01001782,2300,1213,1087
E01001783,1897,957,940
E01001777,2358,1194,1164
E01001780,1825,977,848
E01001784,2273,1047,1226
E01033706,1539,857,682
E01033708,1599,978,621
E01033709,1670,861,809
E01033711,1105,596,509
E01001798,1785,876,909
E01001828,2057,1005,1052
E01033702,1193,597,596
E01033705,1417,656,761
E01033710,1159,590,569
E01001722,2028,978,1050
E01001728,2015,938,1077
E01001822,1785,880,905
E01001827,1916,928,988
E01001874,2055,911,1144
E01001875,1854,855,999
E01001876,2232,1170,1062
E01001877,1345,645,700
E01001878,1689,769,920
E01001955,1807,854,953
E01001957,1616,787,829
E01001958,1671,757,914
E01001961,1564,701,863
E01001954,1525,712,813
E01001956,1593,760,833
E01001959,1728,826,902
E01001960,1885,920,965
E01001943,1954,984,970
E01001944,1689,840,849
E01001945,1752,818,934
E01001946,1633,780,853
E01001862,1768,921,847
E01001940,1601,750,851
E01001941,1677,861,816
E01001942,1869,991,878
E01001858,1793,909,884
E01001860,1769,944,825
E01001861,1498,700,798
E01001863,1531,760,771
E01001864,1578,785,793
E01001852,1792,896,896
E01001853,1533,732,801
E01001854,1732,843,889
E01001857,1477,706,771
E01001859,2541,1184,1357
E01001865,1682,887,795
E01001927,1504,811,693
E01001930,1854,889,965
E01001895,1594,805,789
E01001896,1548,823,725
E01001897,1461,731,730
E01001929,1260,613,647
E01001851,1632,775,857
E01001855,1677,791,886
E01001856,1675,824,851
E01001869,1334,628,706
E01001873,1450,692,758
E01001928,1724,855,869
E01001931,1498,722,776
E01001932,1621,895,726
E01001933,1324,647,677
E01001866,1579,746,833
E01001867,1362,607,755
E01001868,1341,636,705
E01001870,1932,992,940
E01001871,1604,813,791
E01001872,1614,806,808
E01001893,1244,604,640
E01001894,1320,669,651
E01001898,1591,831,760
E01001899,1380,629,751
E01001900,1785,872,913
E01001889,1390,714,676
E01001910,1512,765,747
E01001913,1545,770,775
E01001914,1715,874,841
E01001885,1319,603,716
E01001908,1636,845,791
E01001909,1822,918,904
E01001911,1761,837,924
E01001912,1598,843,755
E01001886,1572,766,806
E01001887,1519,751,768
E01001890,1815,903,912
E01001892,1366,675,691
E01001880,1497,715,782
E01001881,1615,775,840
E01001882,1762,830,932
E01001883,1485,736,749
E01001884,1843,909,934
E01001888,1614,810,804
E01001891,2030,989,1041
E01001917,1462,708,754
E01001918,1519,691,828
E01001919,1630,756,874
E01001879,1475,717,758
E01001901,1625,781,844
E01001902,1699,824,875
E01001903,1649,838,811
E01001920,1513,796,717
E01001921,1536,765,771
E01001922,1605,768,837
E01001923,1479,717,762
E01001924,1596,756,840
E01001947,1448,647,801
E01001948,2012,931,1081
E01001949,1547,745,802
E01001950,1596,769,827
E01001951,1609,750,859
E01001953,1366,656,710
E01001904,1587,763,824
E01001905,1702,807,895
E01001906,1439,669,770
E01001907,1303,600,703
E01001935,2059,958,1101
E01001939,2321,1165,1156
E01032788,1106,489,617
E01032789,1151,529,622
E01032790,1118,539,579
E01001915,1482,706,776
E01001916,1390,642,748
E01001926,1456,726,730
E01001952,1623,788,835
E01001925,1628,794,834
E01001934,1622,781,841
E01001937,1823,905,918
E01001938,1560,746,814
E01001969,1888,900,988
E01001971,2012,1033,979
E01001974,2198,1118,1080
E01001975,1717,845,872
E01002036,1619,817,802
E01002037,1832,1025,807
E01002039,1610,738,872
E01002040,2062,1049,1013
E01001962,1758,861,897
E01001970,1981,965,1016
E01001972,1672,844,828
E01001973,2257,1087,1170
E01002090,1601,790,811
E01002093,1795,826,969
E01002096,1645,772,873
E01002097,1693,763,930
E01002091,1802,811,991
E01002092,1697,807,890
E01002094,1554,715,839
E01002095,1644,747,897
E01002098,1349,651,698
E01002101,1916,1041,875
E01002102,1882,878,1004
E01002105,2052,1030,1022
E01002099,2108,1019,1089
E01002100,1909,940,969
E01002103,1862,960,902
E01002104,1436,702,734
E01001963,1820,913,907
E01001964,1588,784,804
E01001965,1627,782,845
E01001966,1513,758,755
E01002027,1537,738,799
E01002028,1767,871,896
E01002032,1813,866,947
E01002033,1908,905,1003
E01001976,1628,783,845
E01001977,1580,772,808
E01001978,1905,967,938
E01001979,2199,1102,1097
E01002074,2122,1042,1080
E01002077,2079,1027,1052
E01002079,1642,782,860
E01002081,1769,870,899
E01002082,1508,727,781
E01002086,1646,822,824
E01002088,1853,930,923
E01002089,1520,760,760
E01001967,1655,756,899
E01001968,1834,903,931
E01001996,1625,794,831
E01001997,1579,787,792
E01002075,1777,868,909
E01002076,1888,905,983
E01002078,2194,1098,1096
E01002080,1593,891,702
E01002026,1619,777,842
E01002029,1725,790,935
E01002030,1640,863,777
E01002031,1930,974,956
E01001991,1693,750,943
E01001992,1709,850,859
E01001993,1686,818,868
E01001995,2412,1106,1306
E01001980,1986,1061,925
E01001981,1761,883,878
E01001982,1772,912,860
E01001983,1652,796,856
E01002083,1440,729,711
E01002084,1623,838,785
E01002085,2168,1079,1089
E01002087,1614,848,766
E01002014,1719,850,869
E01002015,1480,713,767
E01002018,1420,681,739
E01033085,1780,921,859
E01033086,1091,506,585
E01002020,1564,745,819
E01002022,1921,935,986
E01002023,1474,704,770
E01002025,1717,866,851
E01002013,1401,642,759
E01002019,1309,625,684
E01002021,1479,696,783
E01002024,1320,640,680
E01001998,2058,1100,958
E01001999,2001,1030,971
E01002003,2160,1047,1113
E01002004,1889,974,915
E01002067,1694,836,858
E01002069,1937,950,987
E01002070,2038,1019,1019
E01002073,1763,884,879
E01002066,1843,815,1028
E01002068,1822,974,848
E01002071,1615,787,828
E01002072,1868,906,962
E01002043,2020,1032,988
E01002045,2199,1219,980
E01002046,1725,843,882
E01002049,1881,914,967
E01002042,1459,766,693
E01002044,1729,893,836
E01002047,1670,824,846
E01002048,1955,1044,911
E01002016,1959,930,1029
E01002017,1809,946,863
E01002059,1671,825,846
E01002060,1759,855,904
E01002050,1895,957,938
E01002051,1683,853,830
E01002052,2020,993,1027
E01002055,1658,849,809
E01001994,1784,871,913
E01002008,1571,728,843
E01002010,1658,771,887
E01002011,1718,908,810
E01002000,1697,829,868
E01002001,1661,866,795
E01002002,1806,976,830
E01002058,1690,877,813
E01002053,1745,863,882
E01002054,1732,876,856
E01002056,1964,1007,957
E01002057,1581,780,801
E01001984,1590,820,770
E01001985,1690,832,858
E01001987,1847,940,907
E01001989,1725,812,913
E01001986,1635,795,840
E01001988,1771,844,927
E01001990,2137,1136,1001
E01002062,1874,958,916
E01002005,1688,883,805
E01002006,1602,765,837
E01002007,1676,827,849
E01002009,1719,881,838
E01002061,1687,842,845
E01002063,1587,787,800
E01002064,1514,736,778
E01002065,1666,856,810
E01002034,1859,938,921
E01002038,1653,808,845
E01002041,1886,921,965
E01032575,1908,891,1017
E01002755,1326,640,686
E01002756,1332,642,690
E01002758,1576,783,793
E01002804,1669,813,856
E01002807,1734,781,953
E01002811,1545,728,817
E01002753,1429,686,743
E01002754,1508,719,789
E01002757,1433,646,787
E01002759,1647,771,876
E01002760,1543,714,829
E01002772,1848,913,935
E01002735,1645,832,813
E01002805,1569,792,777
E01002806,1595,758,837
E01002808,1907,916,991
E01002809,1640,808,832
E01002810,1652,816,836
E01002768,1604,755,849
E01002770,1541,755,786
E01002771,1483,684,799
E01002773,1386,670,716
E01002774,2110,1014,1096
E01002732,1845,936,909
E01002734,1692,847,845
E01002736,1580,751,829
E01002737,1957,916,1041
E01002751,1796,913,883
E01002742,1561,789,772
E01002747,1635,882,753
E01002748,1467,726,741
E01002749,1316,608,708
E01033493,1301,737,564
E01033494,1498,754,744
E01002730,1781,900,881
E01002731,2466,1311,1155
E01002733,1392,664,728
E01002763,1437,739,698
E01002769,2053,952,1101
E01002785,1968,978,990
E01002788,1851,935,916
E01002789,1874,915,959
E01002738,1785,845,940
E01002741,1513,718,795
E01002743,1672,819,853
E01002744,1442,749,693
E01002752,1522,703,819
E01002764,1779,879,900
E01002783,1487,751,736
E01002784,1795,889,906
E01002786,1805,909,896
E01002787,1620,647,973
E01002762,1949,967,982
E01002767,2044,961,1083
E01033486,1036,490,546
E01033487,1226,619,607
E01033488,1205,571,634
E01033491,1680,866,814
E01033492,1348,710,638
E01002777,1626,776,850
E01002778,1787,847,940
E01002779,1891,893,998
E01002781,1350,650,700
E01002782,1533,738,795
E01002739,1835,884,951
E01002740,1826,911,915
E01002745,1467,697,770
E01002795,1997,1004,993
E01002796,1039,496,543
E01002716,2300,1006,1294
E01002718,1661,829,832
E01002721,1667,802,865
E01002775,1429,689,740
E01002776,1661,791,870
E01002780,1640,771,869
E01002708,1979,979,1000
E01002712,1780,1172,608
E01002713,1559,743,816
E01002765,2513,1196,1317
E01002766,1794,855,939
E01002717,1315,648,667
E01002719,1490,690,800
E01002720,2334,1040,1294
E01002790,1435,678,757
E01002791,1543,778,765
E01002793,1905,935,970
E01002698,2063,1035,1028
E01002699,1507,764,743
E01002700,1478,771,707
E01002714,1698,836,862
E01002792,1869,897,972
E01002722,1305,648,657
E01002797,1873,919,954
E01002798,1965,1013,952
E01002799,1839,860,979
E01002800,1049,508,541
E01002694,1532,685,847
E01002697,2098,991,1107
E01002709,1754,887,867
E01002710,1676,786,890
E01002715,1511,722,789
E01002696,1813,889,924
E01002794,1765,887,878
E01002801,1553,798,755
E01002802,1480,730,750
E01002803,2063,1064,999
E01002695,1710,816,894
E01002711,1939,1018,921
E01002727,1624,820,804
E01002728,1635,777,858
E01002729,1593,767,826
E01002707,1726,914,812
E01002723,1529,784,745
E01002724,1973,1094,879
E01002725,1444,761,683
E01002726,1692,887,805
E01033489,1832,951,881
E01033490,1693,835,858
E01002701,1582,788,794
E01002702,1957,985,972
E01002703,1635,847,788
E01002704,2198,1207,991
E01002706,2016,984,1032
E01002852,1908,912,996
E01002853,1093,541,552
E01002854,1121,532,589
E01002855,1728,872,856
E01002857,1349,666,683
E01002904,1173,583,590
E01002905,1568,708,860
E01002906,1681,817,864
E01002907,1376,644,732
E01002876,1732,849,883
E01002877,1710,790,920
E01002878,1629,776,853
E01002908,1391,648,743
E01002909,2154,1028,1126
E01002829,1466,748,718
E01002830,1773,906,867
E01002831,1977,937,1040
E01002832,1701,793,908
E01002856,1738,862,876
E01002870,1386,667,719
E01002872,1446,672,774
E01002879,1528,691,837
E01002880,1540,702,838
E01002881,1398,683,715
E01002882,1334,584,750
E01002883,1836,881,955
E01002884,1403,749,654
E01002885,1538,788,750
E01002886,1548,756,792
E01002833,1460,696,764
E01002871,1685,819,866
E01002873,1331,634,697
E01002874,1439,701,738
E01002875,1388,635,753
E01002824,1519,732,787
E01002825,1941,873,1068
E01002826,1551,774,777
E01002827,1835,908,927
E01002828,1332,685,647
E01002864,1500,676,824
E01002866,1744,843,901
E01002867,1981,968,1013
E01002868,1652,838,814
E01002869,1507,769,738
E01002887,1401,728,673
E01002889,1279,622,657
E01002890,1812,851,961
E01002891,1446,735,711
E01002892,1831,976,855
E01002813,1767,924,843
E01002815,1424,711,713
E01002816,1355,673,682
E01002817,1594,762,832
E01002865,1383,673,710
E01002818,2002,1071,931
E01002819,1586,827,759
E01002859,1628,845,783
E01002860,1502,743,759
E01002863,1441,739,702
E01002812,1917,1002,915
E01002834,1430,736,694
E01002839,1568,861,707
E01002850,1451,781,670
E01002888,2078,1140,938
E01002821,1425,695,730
E01002823,1369,647,722
E01002858,1254,553,701
E01002861,1424,711,713
E01002862,1543,724,819
E01002814,1956,957,999
E01002847,1599,837,762
E01002848,1572,825,747
E01002851,1642,858,784
E01002820,1251,611,640
E01002822,1206,577,629
E01002835,1555,771,784
E01002836,1390,724,666
E01002837,1359,686,673
E01002846,1315,674,641
E01002849,1525,797,728
E01002893,1775,918,857
E01002894,1400,734,666
E01002898,1609,785,824
E01002899,1355,664,691
E01002900,1430,676,754
E01002901,1250,699,551
E01002902,1704,844,860
E01002903,1513,742,771
E01002844,1370,671,699
E01002845,1358,681,677
E01002910,1388,628,760
E01002911,1651,770,881
E01002914,1564,722,842
E01002838,1631,909,722
E01002895,1395,678,717
E01002896,1752,894,858
E01002897,1314,648,666
E01002912,1690,771,919
E01002840,1383,629,754
E01002841,1368,694,674
E01002842,1253,568,685
E01002843,1232,554,678
E01002913,1894,932,962
E01003015,1594,739,855
E01003108,1555,811,744
E01003110,1873,965,908
E01003111,1530,771,759
E01003112,1502,783,719
E01003101,1568,812,756
E01003105,1673,835,838
E01003106,1962,1001,961
E01003107,1912,1049,863
E01003109,2255,1198,1057
E01003102,1738,953,785
E01003104,1608,883,725
E01003122,1813,976,837
E01003129,1839,964,875
E01033207,1708,928,780
E01033208,1723,945,778
E01003098,1558,828,730
E01003099,1590,857,733
E01003100,1942,1090,852
E01003180,1506,749,757
E01003183,1498,753,745
E01003097,1671,854,817
E01003121,1624,795,829
E01003123,1489,791,698
E01003124,1444,778,666
E01003125,1762,831,931
E01003181,1472,737,735
E01003184,1414,668,746
E01003185,1655,860,795
E01003186,1948,1047,901
E01003187,1487,713,774
E01003089,1874,956,918
E01003091,1667,855,812
E01003092,1787,873,914
E01003126,1532,781,751
E01003128,1501,774,727
E01003046,1741,839,902
E01003048,1764,848,916
E01003075,1633,795,838
E01003182,1822,939,883
E01003188,1341,646,695
E01003088,1817,876,941
E01003093,2371,1116,1255
E01003094,1539,739,800
E01003096,2071,1143,928
E01003127,1773,963,810
E01003045,1971,976,995
E01003047,1627,824,803
E01003049,1695,816,879
E01003059,1634,826,808
E01003060,1558,774,784
E01003061,1246,658,588
E01003034,1751,898,853
E01003035,1557,759,798
E01003036,1608,808,800
E01003090,2279,1197,1082
E01003095,1838,908,930
E01003037,1387,628,759
E01003038,1506,757,749
E01003039,2042,1092,950
E01003040,1288,618,670
E01003042,1043,514,529
E01003072,1848,895,953
E01003073,1697,805,892
E01003076,1915,946,969
E01003077,1792,871,921
E01003078,1580,773,807
E01003019,2090,1063,1027
E01003053,1728,895,833
E01003054,1832,905,927
E01003056,1935,954,981
E01003058,1931,1012,919
E01003020,1775,848,927
E01003050,1650,832,818
E01003052,1821,933,888
E01003055,1490,783,707
E01003176,1906,890,1016
E01003029,1808,916,892
E01003032,1747,867,880
E01003041,1613,784,829
E01003057,1678,825,853
E01003043,1634,793,841
E01003044,1238,637,601
E01003051,1643,776,867
E01003071,2278,1155,1123
E01003074,2364,1207,1157
E01003026,1484,760,724
E01003027,1373,667,706
E01003028,1469,751,718
E01003030,1795,895,900
E01003033,1518,756,762
E01003018,2079,1063,1016
E01003171,1745,873,872
E01003173,1610,818,792
E01003177,1648,849,799
E01003178,1605,824,781
E01003021,1903,1065,838
E01003022,1746,839,907
E01003023,2380,1154,1226
E01003024,1798,854,944
E01003025,2071,1047,1024
E01003136,1583,753,830
E01003137,1475,727,748
E01003159,1473,732,741
E01003160,1462,705,757
E01003162,2126,1008,1118
E01003031,1658,818,840
E01003156,1555,733,822
E01003157,1549,739,810
E01003158,1596,728,868
E01003161,1250,592,658
E01003163,1515,726,789
E01003132,1522,709,813
E01003172,1949,990,959
E01003174,2045,919,1126
E01003175,1610,758,852
E01003179,1653,762,891
E01003164,2120,1050,1070
E01003165,1610,757,853
E01003168,1584,752,832
E01003169,2455,1228,1227
E01003170,1859,905,954
E01003130,1740,902,838
E01003131,1447,704,743
E01003135,1684,803,881
E01003138,1537,759,778
E01003151,1961,846,1115
E01003079,1797,846,951
E01003080,1603,801,802
E01003133,1719,882,837
E01003134,1556,747,809
E01003152,1945,937,1008
E01003064,1536,756,780
E01003066,1688,810,878
E01003081,1783,903,880
E01003166,2290,1117,1173
E01003167,1723,838,885
E01003116,1598,768,830
E01003117,1926,941,985
E01003118,1735,873,862
E01003153,2066,1027,1039
E01003155,1796,902,894
E01003083,1508,732,776
E01003084,1611,802,809
E01003085,1734,840,894
E01003149,1791,883,908
E01003154,1839,922,917
E01003065,1472,659,813
E01003068,1592,744,848
E01003082,1452,700,752
E01003086,1611,712,899
E01003087,1664,764,900
E01003113,1988,979,1009
E01003114,1817,902,915
E01003119,1885,930,955
E01003120,1983,1026,957
E01003148,1792,897,895
E01003150,1716,833,883
E01003062,1668,784,884
E01003063,1432,658,774
E01003067,1471,707,764
E01003069,1361,619,742
E01003070,1492,704,788
E01003115,1618,764,854
E01003141,1715,849,866
E01003144,1569,799,770
E01003145,1699,831,868
E01003147,1990,1017,973
E01003139,1564,760,804
E01003140,1489,740,749
E01003142,1359,687,672
E01003143,1434,679,755
E01003146,1517,767,750
E01003013,1639,873,766
E01003014,1534,787,747
E01003016,1352,661,691
E01003017,1663,895,768
E01032582,1893,1022,871
E01003244,1629,805,824
E01003245,1559,723,836
E01003247,1673,875,798
E01003249,1928,992,936
E01003250,1755,913,842
E01003246,1439,709,730
E01003248,1622,768,854
E01003251,2003,936,1067
E01003252,1557,742,815
E01003253,1438,701,737
E01003297,1538,769,769
E01003299,1623,784,839
E01003301,2166,1125,1041
E01003302,1509,740,769
E01003305,1372,651,721
E01003207,1399,705,694
E01003209,2007,978,1029
E01003210,1746,942,804
E01003212,1976,994,982
E01003215,1950,921,1029
E01003338,1784,881,903
E01003339,1760,940,820
E01003340,1906,1040,866
E01003341,1508,764,744
E01003343,1356,685,671
E01003199,1728,813,915
E01003201,1664,745,919
E01003204,1391,682,709
E01003205,1332,655,677
E01003206,1582,779,803
E01003211,1566,783,783
E01003213,1938,942,996
E01003214,1772,841,931
E01033324,1597,745,852
E01033325,1205,707,498
E01003198,1461,654,807
E01003200,1553,820,733
E01003202,1559,740,819
E01003203,1769,902,867
E01003336,1378,653,725
E01003337,1636,755,881
E01003342,1641,842,799
E01003344,1731,748,983
E01003345,1714,861,853
E01003273,2000,1192,808
E01003277,1714,874,840
E01003278,1887,943,944
E01003279,1593,752,841
E01003288,1810,909,901
E01003290,1730,917,813
E01003291,1512,755,757
E01003296,2046,1046,1000
E01033327,1527,787,740
E01033341,1303,648,655
E01003282,2418,1230,1188
E01003283,2108,1064,1044
E01003284,1757,880,877
E01003286,1633,776,857
E01003272,1966,906,1060
E01003274,1724,831,893
E01003275,1727,822,905
E01003276,1904,864,1040
E01003225,1507,706,801
E01003231,1606,791,815
E01003232,1719,778,941
E01003233,1702,826,876
E01003280,1606,801,805
E01003281,1534,767,767
E01003285,1608,794,814
E01003287,1909,947,962
E01003292,1565,792,773
E01003293,1518,742,776
E01003295,1672,855,817
E01033320,1496,731,765
E01033322,1267,651,616
E01003319,1831,880,951
E01003320,1494,712,782
E01003323,1485,740,745
E01003325,1729,811,918
E01003226,1742,874,868
E01003227,1658,839,819
E01003228,1512,731,781
E01003229,1558,744,814
E01003230,1933,910,1023
E01003317,1882,987,895
E01003318,1638,848,790
E01003321,1961,992,969
E01003322,1429,741,688
E01003324,1467,745,722
E01003254,1437,727,710
E01003255,1886,988,898
E01003260,1824,946,878
E01003261,1495,752,743
E01003262,1365,647,718
E01003217,1670,775,895
E01003218,1498,708,790
E01003220,1554,711,843
E01003222,1632,779,853
E01003224,1661,800,861
E01003263,1675,780,895
E01003268,1670,834,836
E01003269,1554,726,828
E01003270,1638,788,850
E01003271,1667,825,842
E01003307,1521,742,779
E01003308,1824,873,951
E01003314,1599,786,813
E01003315,1287,651,636
E01003316,1482,722,760
E01003216,1875,947,928
E01003219,1647,776,871
E01003221,1962,981,981
E01003223,1715,857,858
E01003346,1537,718,819
E01003349,1412,646,766
E01003351,1463,654,809
E01003354,1675,822,853
E01003309,1510,754,756
E01003310,1559,814,745
E01003311,1546,755,791
E01003312,1760,825,935
E01003313,1530,783,747
E01003256,2055,1073,982
E01003257,1678,806,872
E01003258,1499,732,767
E01003259,1615,769,846
E01003193,1568,754,814
E01003194,1678,799,879
E01003195,1547,746,801
E01003196,1673,796,877
E01003197,1628,758,870
E01003347,1735,756,979
E01003348,1459,700,759
E01003350,1412,641,771
E01003352,1816,905,911
E01003353,1740,854,886
E01003264,1610,765,845
E01003265,1531,721,810
E01003266,1735,796,939
E01003267,1568,741,827
E01003329,1590,762,828
E01003330,1550,675,875
E01003331,1412,653,759
E01003332,1467,721,746
E01003334,1660,816,844
E01003189,1670,775,895
E01003190,1878,870,1008
E01003191,1494,694,800
E01003192,1639,793,846
E01003326,1475,688,787
E01003327,1796,1004,792
E01003328,1718,830,888
E01003333,1542,790,752
E01003335,1395,654,741
E01003236,1590,765,825
E01003237,1471,669,802
E01003238,1407,621,786
E01003239,1428,676,752
E01032564,1312,602,710
E01003235,1279,605,674
E01003240,1789,823,966
E01003241,1541,735,806
E01003243,1358,622,736
E01032565,1392,649,743
E01003298,1292,607,685
E01003300,1356,666,690
E01003303,1550,813,737
E01003304,1890,953,937
E01032579,1460,741,719
E01003543,2475,1268,1207
E01003544,1938,1027,911
E01003546,1940,935,1005
E01003550,1780,934,846
E01003576,1954,1001,953
E01003581,1848,988,860
E01003582,1613,821,792
E01003583,1966,1019,947
E01003578,1944,1069,875
E01003584,2073,1090,983
E01003586,1751,986,765
E01003590,1586,767,819
E01003579,1850,987,863
E01003585,1649,849,800
E01003587,2436,1303,1133
E01003591,2166,1166,1000
E01003528,1386,682,704
E01003575,1702,899,803
E01003577,1920,915,1005
E01003580,1836,933,903
E01003545,1727,847,880
E01003548,2353,1214,1139
E01003549,2105,1075,1030
E01003557,2031,1107,924
E01003547,1939,987,952
E01003555,1842,1037,805
E01003561,1880,1060,820
E01003567,1822,1020,802
E01003556,1913,1009,904
E01003558,1631,903,728
E01003570,2065,1132,933
E01003571,2277,1239,1038
E01003572,1779,960,819
E01003551,1833,950,883
E01003553,1927,993,934
E01003554,1861,949,912
E01003559,2605,1363,1242
E01003529,2379,1329,1050
E01003530,1827,1023,804
E01003531,1997,1107,890
E01003532,2002,1038,964
E01003534,2395,1282,1113
E01003533,1880,1031,849
E01003560,1842,993,849
E01003563,2036,1145,891
E01003588,1786,1009,777
E01003589,1871,1025,846
E01003616,1650,899,751
E01003617,2769,1390,1379
E01003618,2193,1091,1102
E01003619,2264,1132,1132
E01003615,1835,924,911
E01033578,1273,710,563
E01033579,1293,683,610
E01033583,3081,1687,1394
E01033586,1410,735,675
E01003562,2200,1242,958
E01003564,2460,1383,1077
E01003565,1853,1073,780
E01003566,1792,1012,780
E01003625,1697,910,787
E01003626,1590,862,728
E01003627,1603,867,736
E01003628,1665,902,763
E01003629,1672,899,773
E01003552,1719,884,835
E01003596,1777,935,842
E01003597,1639,857,782
E01003635,1945,1036,909
E01003568,2302,1309,993
E01003569,1899,1105,794
E01003573,2154,1174,980
E01003574,2637,1438,1199
E01003520,2001,1142,859
E01003521,2259,1374,885
E01003522,1908,1047,861
E01003525,1978,1137,841
E01003526,1927,1018,909
E01003488,1874,953,921
E01003489,1807,943,864
E01003490,1857,1029,828
E01003524,2028,1127,901
E01003631,1832,950,882
E01003632,2268,1096,1172
E01003633,1871,944,927
E01003634,1805,913,892
E01003636,1978,996,982
E01003598,1897,956,941
E01003600,1893,944,949
E01003630,2011,1026,985
E01003637,1841,1006,835
E01003491,1977,1112,865
E01003592,1842,977,865
E01003599,1611,857,754
E01003606,2152,1143,1009
E01003535,1691,835,856
E01003536,1843,894,949
E01003621,1667,899,768
E01003622,1613,841,772
E01003623,1757,923,834
E01003523,2043,1079,964
E01003527,1773,900,873
E01003537,2062,1027,1035
E01003542,1974,968,1006
E01003624,1582,789,793
E01003492,2010,1076,934
E01003493,2299,1240,1059
E01003494,2048,1014,1034
E01003495,2110,1075,1035
E01003594,1729,897,832
E01003595,1532,807,725
E01003602,1985,1014,971
E01003607,1648,811,837
E01003496,1445,748,697
E01003498,1741,895,846
E01003500,2043,976,1067
E01003593,1550,726,824
E01003601,2130,1052,1078
E01003603,1947,958,989
E01003605,2112,1126,986
E01003608,2072,1047,1025
E01003538,2084,1043,1041
E01003539,2217,1118,1099
E01003540,1833,920,913
E01003541,1871,921,950
E01003499,2280,1152,1128
E01003501,2040,1031,1009
E01003502,1836,910,926
E01003503,1710,833,877
E01003507,2113,1078,1035
E01003508,1605,789,816
E01003509,1953,936,1017
E01003604,2358,1148,1210
E01003483,1486,698,788
E01003484,1621,797,824
E01003516,1859,882,977
E01003518,1595,803,792
E01003519,1580,781,799
E01003480,2172,1040,1132
E01003482,2634,1305,1329
E01003486,1205,523,682
E01003487,1371,644,727
E01003497,1715,842,873
E01003506,1480,688,792
E01033574,1095,655,440
E01033575,1021,614,407
E01033576,1295,713,582
E01033584,1595,786,809
E01033585,2445,1256,1189
E01003479,1505,747,758
E01003481,1574,764,810
E01003485,1573,755,818
E01003513,1588,790,798
E01003511,1394,634,760
E01003512,1805,887,918
E01003514,1512,749,763
E01003515,1798,892,906
E01003517,1674,795,879
E01003609,2702,1355,1347
E01003611,1803,855,948
E01033577,1489,801,688
E01033580,1522,875,647
E01033581,1782,875,907
E01033582,1381,744,637
E01004029,1835,937,898
E01004032,1695,879,816
E01004053,1836,970,866
E01004054,1656,885,771
E01004055,1291,607,684
E01003927,2377,1227,1150
E01003929,2111,1173,938
E01003934,1422,723,699
E01003935,1342,692,650
E01003939,1850,897,953
E01003976,1955,988,967
E01004027,2072,1069,1003
E01032637,1247,689,558
E01032638,1159,648,511
E01032640,1248,751,497
E01032646,1569,909,660
E01032803,1331,747,584
E01032834,1130,649,481
E01003975,1630,753,877
E01003978,1840,881,959
E01004022,2483,1232,1251
E01004023,1540,764,776
E01004028,1651,822,829
E01003938,1814,902,912
E01003940,1483,692,791
E01003941,1897,996,901
E01003942,1637,793,844
E01003979,1784,865,919
E01003981,1675,829,846
E01004030,1457,728,729
E01004031,2060,985,1075
E01004033,1519,750,769
E01004034,1541,742,799
E01004036,2014,957,1057
E01004056,2065,1037,1028
E01004057,1500,724,776
E01004058,1699,930,769
E01004059,1487,777,710
E01004060,1901,929,972
E01003936,1845,878,967
E01003937,1553,853,700
E01003943,1367,681,686
E01032720,1732,930,802
E01003977,1672,814,858
E01004037,1953,996,957
E01004038,2340,1065,1275
E01004042,1712,830,882
E01004043,1366,674,692
E01003986,1235,558,677
E01003987,1777,886,891
E01004024,1860,932,928
E01004035,1622,777,845
E01003960,1863,944,919
E01003961,2045,1003,1042
E01003994,1493,758,735
E01032722,2133,1053,1080
E01003980,1906,953,953
E01004039,1568,821,747
E01004040,1780,853,927
E01004041,1660,850,810
E01004044,1401,705,696
E01003992,1492,677,815
E01003995,1384,697,687
E01003998,1331,723,608
E01003999,1442,727,715
E01032639,1643,888,755
E01032719,1211,683,528
E01003964,1927,965,962
E01003966,1941,974,967
E01003968,1441,694,747
E01003971,1809,878,931
E01003974,1268,620,648
E01003963,1648,806,842
E01003967,1673,882,791
E01003970,1486,712,774
E01003972,1654,831,823
E01003973,1650,774,876
E01003923,1735,859,876
E01003969,1858,957,901
E01003991,1208,583,625
E01003993,1713,817,896
E01003997,1219,585,634
E01003983,2022,927,1095
E01003988,2193,1114,1079
E01003989,1960,945,1015
E01003990,2132,1031,1101
E01004007,1261,592,669
E01003912,1595,805,790
E01004011,2112,980,1132
E01004012,2502,1269,1233
E01004013,1656,761,895
E01004014,1784,887,897
E01003911,1985,945,1040
E01003916,2190,1101,1089
E01003917,1775,876,899
E01003918,1602,734,868
E01003925,1336,632,704
E01003919,1776,896,880
E01003920,1854,926,928
E01003921,1461,765,696
E01003922,1917,927,990
E01003924,1928,1009,919
E01003926,1423,686,737
E01004008,2141,1059,1082
E01004010,1526,768,758
E01004067,2165,1088,1077
E01032805,2551,1230,1321
E01003984,1997,1027,970
E01004003,1702,830,872
E01004004,2499,1317,1182
E01004005,2223,1113,1110
E01004006,1968,1016,952
E01003913,1847,904,943
E01003914,1842,871,971
E01003915,1940,954,986
E01004050,1475,745,730
E01004052,1766,861,905
E01004061,1750,847,903
E01004062,1985,985,1000
E01004063,1959,993,966
E01004065,1525,727,798
E01004066,2159,1039,1120
E01004000,1881,908,973
E01004001,1738,817,921
E01004019,2319,1135,1184
E01004064,1975,944,1031
E01004068,2047,955,1092
E01004045,1518,705,813
E01004047,1595,744,851
E01004048,1587,675,912
E01004049,1672,765,907
E01004051,1383,686,697
E01003953,2082,963,1119
E01003955,1817,890,927
E01004015,1558,757,801
E01004021,2109,1003,1106
E01004046,1633,767,866
E01004002,1609,787,822
E01004016,2349,1109,1240
E01004017,1548,737,811
E01004020,1730,836,894
E01003952,1640,809,831
E01003954,1598,786,812
E01003956,1685,798,887
E01004071,1579,756,823
E01004072,1738,836,902
E01004069,1437,720,717
E01004070,1985,945,1040
E01004073,1931,935,996
E01004074,1883,910,973
E01004075,1849,880,969
E01003949,1870,896,974
E01003950,1906,866,1040
E01003957,1788,850,938
E01003958,1711,798,913
E01004018,1905,907,998
E01003945,1663,821,842
E01003946,1768,853,915
E01003947,1517,687,830
E01003948,1566,766,800
E01003951,1522,800,722
E01003930,1496,790,706
E01003932,1573,835,738
E01003933,1751,886,865
E01032583,1587,778,809
E01032584,1282,671,611
E01004222,2480,1225,1255
E01004223,2079,976,1103
E01004224,2000,993,1007
E01004226,1738,826,912
E01004197,2329,1150,1179
E01004198,1529,733,796
E01004199,1637,818,819
E01004201,1556,773,783
E01004228,1857,881,976
E01004230,2101,1064,1037
E01004232,1665,824,841
E01004233,1821,884,937
E01004234,2218,1125,1093
E01004225,2178,1140,1038
E01004229,1484,762,722
E01004231,1793,856,937
E01032764,1302,658,644
E01032765,1488,759,729
E01032784,1516,725,791
E01004200,1566,793,773
E01004202,1705,879,826
E01004203,1779,902,877
E01004204,1582,767,815
E01004311,1518,749,769
E01004314,1100,545,555
E01004315,1628,863,765
E01004318,1459,799,660
E01004259,1723,893,830
E01004260,1790,924,866
E01004263,1419,698,721
E01004266,1545,727,818
E01004235,1372,722,650
E01004236,1679,860,819
E01004237,1158,578,580
E01004238,2733,1382,1351
E01004239,1649,837,812
E01004312,1614,861,753
E01004313,2043,988,1055
E01004316,1138,592,546
E01004317,2706,1460,1246
E01004261,2525,1177,1348
E01004262,1742,864,878
E01004264,1537,790,747
E01032785,1348,709,639
E01032786,1561,775,786
E01004207,1416,704,712
E01004209,1366,697,669
E01004212,1780,933,847
E01032787,2567,1298,1269
E01004240,1815,890,925
E01004241,1621,773,848
E01004242,2453,1267,1186
E01004267,1767,926,841
E01004268,1784,925,859
E01004205,2106,1143,963
E01004206,1492,751,741
E01004208,1976,1066,910
E01004211,1463,788,675
E01004269,1975,1023,952
E01004270,2236,1181,1055
E01004271,1589,769,820
E01004272,2099,1061,1038
E01004273,1904,935,969
E01004306,1799,968,831
E01004307,2186,1175,1011
E01004308,1478,765,713
E01004309,2852,1470,1382
E01004310,1971,1114,857
E01004283,2317,1153,1164
E01004287,2171,1113,1058
E01004289,1844,936,908
E01004290,1302,637,665
E01004322,1292,681,611
E01004323,1466,757,709
E01004324,1574,825,749
E01004326,1444,759,685
E01004245,1539,746,793
E01004246,1977,1026,951
E01004248,1344,636,708
E01004249,2049,1040,1009
E01004284,2302,1153,1149
E01004285,2318,1165,1153
E01004286,2364,1201,1163
E01004288,1620,821,799
E01004243,1789,890,899
E01004244,1885,993,892
E01004247,1934,976,958
E01004250,2342,1118,1224
E01004319,1886,999,887
E01004321,1822,970,852
E01004325,2487,1402,1085
E01032766,1307,731,576
E01032767,1584,958,626
E01004298,1637,798,839
E01004300,1349,703,646
E01004304,1957,986,971
E01004305,1952,1015,937
E01004251,2082,1105,977
E01004254,2120,1178,942
E01004255,1618,847,771
E01004258,1506,801,705
E01004252,2707,1420,1287
E01004253,2340,1160,1180
E01004256,1729,874,855
E01004257,1884,905,979
E01004301,1324,685,639
E01004302,1987,1035,952
E01004303,2362,1220,1142
E01032768,1307,750,557
E01032769,1235,671,564
E01004292,1738,973,765
E01004294,1757,1004,753
E01004295,1516,769,747
E01004296,1605,861,744
E01004291,1844,1013,831
E01004293,2125,1160,965
E01004297,1826,979,847
E01004215,2756,1422,1334
E01004219,2294,1187,1107
E01004221,1881,1007,874
E01032776,1076,606,470
E01032777,1141,585,556
E01032778,1108,602,506
E01032779,1089,574,515
E01032780,1333,736,597
E01004214,1669,828,841
E01004216,1619,859,760
E01004217,1745,850,895
E01004218,1750,873,877
E01004274,1973,1014,959
E01004275,1879,948,931
E01004276,2024,1096,928
E01004281,1770,944,826
E01032775,1108,625,483
E01032783,1383,693,690
E01004280,1879,941,938
E01032770,1191,610,581
E01032772,1135,622,513
E01032773,1561,860,701
E01032774,1298,647,651
E01004277,1630,938,692
E01032771,1104,584,520
E01032781,1535,838,697
E01032782,1614,891,723
E01004560,1954,983,971
E01004566,1567,764,803
E01004582,2147,1113,1034
E01004583,1806,861,945
E01004562,1764,890,874
E01004563,1961,957,1004
E01004564,1768,831,937
E01004567,2343,1081,1262
E01033098,1012,545,467
E01033100,1243,617,626
E01033132,1040,525,515
E01004539,2098,999,1099
E01004540,2083,990,1093
E01004577,1957,901,1056
E01004584,1710,819,891
E01004579,1615,805,810
E01004580,2092,1043,1049
E01004581,1817,885,932
E01033099,1028,498,530
E01033101,1191,670,521
E01033133,1193,622,571
E01004565,1679,794,885
E01004590,1749,870,879
E01004591,1734,842,892
E01004592,1628,751,877
E01004604,1686,816,870
E01004605,1728,794,934
E01004606,1633,800,833
E01004607,1729,827,902
E01004608,1682,780,902
E01004535,1758,814,944
E01004537,1881,872,1009
E01004538,2001,964,1037
E01004541,1637,720,917
E01004534,1850,878,972
E01004536,2050,983,1067
E01004552,1982,973,1009
E01004585,1840,853,987
E01004588,1954,992,962
E01004554,1607,797,810
E01004556,1612,804,808
E01004586,1812,859,953
E01004587,1743,858,885
E01004589,1700,859,841
E01004509,2190,1133,1057
E01004511,1722,851,871
E01004602,1640,761,879
E01004609,2147,1048,1099
E01033093,1526,782,744
E01033135,1071,521,550
E01004506,1923,921,1002
E01004638,1449,706,743
E01004639,1724,821,903
E01004640,1775,879,896
E01004641,1910,898,1012
E01004508,2019,1000,1019
E01004510,1945,966,979
E01004514,1685,859,826
E01004515,1692,819,873
E01004551,1764,840,924
E01004568,1665,684,981
E01004574,1811,792,1019
E01004575,1810,818,992
E01004576,1564,784,780
E01004500,1622,773,849
E01004501,1582,743,839
E01004503,1672,786,886
E01004505,1616,776,840
E01004507,1838,874,964
E01004553,1640,826,814
E01004557,1540,744,796
E01004558,1710,841,869
E01004559,1397,679,718
E01004619,1437,701,736
E01004572,1662,802,860
E01004642,1856,827,1029
E01004643,2013,923,1090
E01004644,1937,870,1067
E01004645,2078,968,1110
E01004477,1672,829,843
E01004478,1526,733,793
E01004479,1548,773,775
E01004550,1534,688,846
E01004555,1688,867,821
E01004494,1666,799,867
E01004513,1866,887,979
E01004600,2062,1000,1062
E01004601,2241,1114,1127
E01004493,1761,846,915
E01004512,1494,731,763
E01004620,1647,855,792
E01004621,1686,828,858
E01004623,1733,834,899
E01004627,1620,766,854
E01004499,1591,731,860
E01004502,1655,821,834
E01004504,1523,768,755
E01004594,1657,789,868
E01004596,1621,796,825
E01004629,1618,802,816
E01004472,1746,838,908
E01004474,1866,926,940
E01004476,1636,854,782
E01004542,1621,818,803
E01004544,1533,756,777
E01004628,2300,1143,1157
E01004630,1751,775,976
E01004631,1537,731,806
E01004633,1618,740,878
E01004569,2439,1077,1362
E01004570,1904,868,1036
E01004571,1681,797,884
E01004573,1596,793,803
E01004495,1536,710,826
E01004496,1956,968,988
E01004497,1445,659,786
E01004622,2266,1701,565
E01004624,1592,772,820
E01004593,1830,870,960
E01004595,1757,825,932
E01004597,1813,846,967
E01004598,1760,862,898
E01004599,1515,727,788
E01004473,1698,817,881
E01004475,1406,705,701
E01004480,1653,773,880
E01004483,2119,1070,1049
E01004484,1523,723,800
E01004486,1478,702,776
E01004543,1791,862,929
E01004545,1578,760,818
E01004546,1506,710,796
E01004549,1664,842,822
E01004625,1397,670,727
E01004626,1869,934,935
E01004632,1527,702,825
E01004634,1473,728,745
E01004635,1645,809,836
E01004636,1462,715,747
E01004637,1471,702,769
E01004481,1687,791,896
E01004488,1511,746,765
E01004547,1400,642,758
E01004548,2052,1020,1032
E01004482,1588,745,843
E01004485,1668,839,829
E01004487,1560,777,783
E01004489,1441,700,741
E01004490,1510,711,799
E01004491,2150,964,1186
E01004492,1719,812,907
E01004498,1705,767,938
E01004532,1487,697,790
E01004611,1602,776,826
E01004612,1788,888,900
E01004618,1552,756,796
E01004531,1724,785,939
E01004533,1398,623,775
E01004610,1978,1039,939
E01004613,1614,785,829
E01004614,2065,925,1140
E01004615,1798,835,963
E01004616,2162,1064,1098
E01004617,1680,815,865
E01004525,1850,952,898
E01004526,1599,804,795
E01004527,1648,778,870
E01004528,1520,692,828
E01004529,2086,991,1095
E01004530,1886,947,939
E01004516,1810,891,919
E01004518,1746,829,917
E01004519,1767,862,905
E01004520,1366,640,726
E01004523,1582,752,830
E01004517,1964,990,974
E01004521,1952,962,990
E01004522,1646,787,859
E01004524,1671,815,856
E01004647,1480,677,803
E01004649,1708,804,904
E01004724,1761,848,913
E01004730,1671,784,887
E01004646,1653,792,861
E01004648,2398,1144,1254
E01004650,1996,963,1033
E01004710,1648,771,877
E01004711,1747,814,933
E01004651,2015,975,1040
E01004725,1615,786,829
E01004726,1798,880,918
E01004728,1558,770,788
E01004729,1638,790,848
E01004718,1962,901,1061
E01004719,1909,878,1031
E01004720,2000,950,1050
E01004721,1998,936,1062
E01004722,2494,1202,1292
E01004674,2107,1000,1107
E01004675,2284,1134,1150
E01004677,1815,883,932
E01004678,2000,966,1034
E01004679,2143,1024,1119
E01004723,2200,1056,1144
E01004676,1685,863,822
E01004706,1600,775,825
E01004707,1954,959,995
E01004708,1588,804,784
E01004756,1800,882,918
E01004701,1618,793,825
E01004703,2308,1152,1156
E01004705,1469,739,730
E01004709,1673,783,890
E01033600,1224,629,595
E01033608,1416,743,673
E01004659,1802,937,865
E01004660,1781,904,877
E01004712,1680,892,788
E01004727,2026,1026,1000
E01004670,2709,1289,1420
E01004702,2598,1268,1330
E01033598,1242,599,643
E01033601,1569,745,824
E01033602,1625,777,848
E01033603,1333,616,717
E01033604,1236,681,555
E01033605,2046,1018,1028
E01004754,1629,779,850
E01004755,2207,1090,1117
E01004757,1598,762,836
E01032512,2540,1250,1290
E01032513,1355,659,696
E01004713,1829,954,875
E01004714,2150,1154,996
E01004716,1423,737,686
E01004717,1511,801,710
E01004762,2070,1118,952
E01004657,1480,834,646
E01004658,1557,817,740
E01004661,1847,998,849
E01004662,1876,1037,839
E01004663,1648,837,811
E01004715,1773,890,883
E01004763,2127,1276,851
E01004765,2023,1098,925
E01033595,1175,708,467
E01033596,1235,736,499
E01004653,1812,890,922
E01004654,2274,1161,1113
E01004656,2107,1107,1000
E01004760,1630,768,862
E01033606,1068,560,508
E01033607,1199,588,611
E01004680,1488,758,730
E01004683,1662,851,811
E01004684,1617,928,689
E01004686,1529,899,630
E01033593,1130,663,467
E01033594,1368,772,596
E01004681,2126,1133,993
E01004682,1542,852,690
E01004694,1813,960,853
E01004697,1513,783,730
E01004700,1763,903,860
E01004652,1840,926,914
E01004693,1398,723,675
E01004695,1297,699,598
E01004696,1586,770,816
E01004698,1558,836,722
E01004699,2267,1202,1065
E01004734,1972,1120,852
E01004735,1829,999,830
E01004736,1744,1058,686
E01004761,1945,1120,825
E01004687,1669,824,845
E01004688,1950,1135,815
E01004689,1173,699,474
E01004690,1400,701,699
E01004691,1508,790,718
E01004692,1570,800,770
E01004731,1781,966,815
E01004732,1456,765,691
E01004733,2046,1177,869
E01004744,1347,664,683
E01004748,1451,792,659
E01004740,1494,736,758
E01004743,1396,731,665
E01004745,2114,1070,1044
E01004746,1440,714,726
E01004747,2240,1117,1123
E01004742,1391,715,676
E01004749,2445,1215,1230
E01004751,1773,924,849
E01004752,1569,790,779
E01004753,1813,902,911
E01004666,1103,540,563
E01004667,1348,654,694
E01004668,1443,678,765
E01004750,1769,904,865
E01033597,990,529,461
E01033599,1573,706,867
E01004665,1478,701,777
E01004669,1683,826,857
E01004737,1301,635,666
E01004738,1351,676,675
E01004739,1348,675,673
E01004741,1273,631,642
E01000027,1709,774,935
E01000028,1549,715,834
E01000029,1602,765,837
E01000030,1915,902,1013
E01000031,1617,784,833
E01000032,1629,816,813
E01000110,1416,696,720
E01000111,1833,832,1001
E01000112,1871,917,954
E01000113,1679,799,880
E01000034,1444,653,791
E01000037,1688,852,836
E01000038,1447,687,760
E01000039,1603,758,845
E01000063,1620,805,815
E01000100,1653,779,874
E01000101,1513,704,809
E01000109,1686,823,863
E01000114,2090,1023,1067
E01000033,1361,652,709
E01000060,1809,848,961
E01000061,1776,822,954
E01000062,1952,905,1047
E01000064,1893,872,1021
E01000065,1736,815,921
E01000078,1666,767,899
E01000080,1556,720,836
E01000081,1688,844,844
E01000082,1683,799,884
E01000083,1700,790,910
E01000102,1540,715,825
E01000021,1579,803,776
E01000022,1314,618,696
E01000023,1112,583,529
E01000024,1336,616,720
E01000025,1609,773,836
E01000077,1445,687,758
E01000015,2241,1049,1192
E01000016,1637,804,833
E01000017,1594,773,821
E01000018,1597,751,846
E01000079,1546,708,838
E01000035,1610,782,828
E01000036,1353,683,670
E01000107,1666,810,856
E01000108,1558,771,787
E01000066,1928,924,1004
E01000067,1969,985,984
E01000069,1763,875,888
E01000070,1975,912,1063
E01000071,2253,1101,1152
E01000057,1496,698,798
E01000073,1619,746,873
E01000074,1567,717,850
E01000075,1732,859,873
E01000076,1988,1013,975
E01000013,1660,797,863
E01000014,1656,777,879
E01000059,1582,720,862
E01000084,1355,634,721
E01000085,1718,798,920
E01000086,1431,687,744
E01000103,1685,777,908
E01000104,1781,875,906
E01000105,2129,1011,1118
E01000106,1968,972,996
E01000007,1391,707,684
E01000008,1544,817,727
E01000010,2840,1525,1315
E01000012,1901,983,918
E01000006,1703,866,837
E01000009,1773,999,774
E01000011,1634,925,709
E01000044,1798,915,883
E01000068,1590,819,771
E01000041,1682,818,864
E01000042,1788,862,926
E01000045,1650,802,848
E01000046,1779,861,918
E01000072,1991,965,1026
E01000054,1718,829,889
E01000055,1553,758,795
E01000056,1584,748,836
E01000058,1849,905,944
E01000095,1572,757,815
E01000040,1569,761,808
E01000043,1358,680,678
E01000050,1661,865,796
E01000052,2014,990,1024
E01000092,2674,1339,1335
E01000053,1485,688,797
E01000087,1341,624,717
E01000088,1828,878,950
E01000089,1666,838,828
E01000090,1584,769,815
E01000048,1783,880,903
E01000049,1820,946,874
E01000051,1927,983,944
E01033587,1630,821,809
E01033588,1617,779,838
E01000091,1714,810,904
E01000093,1547,781,766
E01000094,1326,663,663
E01000096,1895,906,989
E01000019,1407,654,753
E01000020,1834,914,920
E01000097,1683,787,896
E01000098,1746,831,915
E01000099,1732,812,920
E01032580,1354,655,699
E01000248,1661,826,835
E01000249,1525,730,795
E01000250,2232,1071,1161
E01000254,1549,717,832
E01000292,1467,690,777
E01000293,1722,820,902
E01000167,1307,643,664
E01000246,1503,714,789
E01000247,1691,803,888
E01000251,1846,905,941
E01000252,1609,758,851
E01000166,1582,750,832
E01000168,1564,788,776
E01000169,1490,738,752
E01000172,1677,826,851
E01000285,1449,670,779
E01000287,1589,735,854
E01000288,1569,804,765
E01000289,1817,837,980
E01000291,1575,760,815
E01000294,1599,742,857
E01000267,1520,753,767
E01000268,1739,845,894
E01000269,1425,689,736
E01000270,1482,747,735
E01000170,1636,774,862
E01000171,1849,929,920
E01000173,1719,841,878
E01000174,1728,824,904
E01000175,1585,769,816
E01000228,1481,729,752
E01000253,1691,798,893
E01000279,1449,714,735
E01000280,1381,646,735
E01000286,1571,711,860
E01000290,1557,734,823
E01000271,1469,720,749
E01000272,1340,646,694
E01000273,1520,699,821
E01000281,1260,602,658
E01000282,1705,836,869
E01000115,1484,708,776
E01000116,1718,833,885
E01000119,1680,812,868
E01000120,1504,742,762
E01000122,1471,718,753
E01000117,1819,889,930
E01000118,1936,955,981
E01000121,1497,678,819
E01000123,1664,841,823
E01000124,1621,777,844
E01000265,1927,901,1026
E01000266,1527,748,779
E01000274,1862,908,954
E01000320,1475,717,758
E01000322,1717,785,932
E01000275,1637,748,889
E01000277,1591,740,851
E01000283,1430,690,740
E01000284,1672,806,866
E01000321,1635,811,824
E01000195,1788,860,928
E01000229,1667,814,853
E01000230,1785,846,939
E01000231,1849,892,957
E01000232,1837,910,927
E01000233,1817,893,924
E01000186,1612,770,842
E01000187,1657,820,837
E01000188,1554,782,772
E01000189,1814,818,996
E01000190,1579,753,826
E01000191,1525,746,779
E01000158,1470,699,771
E01000159,1777,852,925
E01000160,2061,1057,1004
E01000161,1821,945,876
E01000162,1599,785,814
E01000324,1786,882,904
E01000256,1788,857,931
E01000258,1658,806,852
E01000263,1581,749,832
E01000264,1648,846,802
E01000255,1481,714,767
E01000257,1855,827,1028
E01000261,1601,772,829
E01000262,2260,1097,1163
E01000192,1850,913,937
E01000193,1709,844,865
E01000194,1640,827,813
E01000226,1758,873,885
E01000227,1854,889,965
E01000299,1809,871,938
E01000300,1632,806,826
E01000302,1763,844,919
E01000317,1613,803,810
E01000318,1840,904,936
E01000323,1982,1013,969
E01000276,1520,728,792
E01000278,1514,753,761
E01000301,1539,733,806
E01000303,1567,745,822
E01000304,1556,769,787
E01000130,1603,736,867
E01000132,1478,692,786
E01000133,1601,744,857
E01000234,1701,792,909
E01000235,1688,808,880
E01000156,1875,903,972
E01000157,1541,742,799
E01000163,1558,763,795
E01000164,1686,822,864
E01000165,1862,949,913
E01000315,1715,823,892
E01000197,1830,908,922
E01000295,1714,819,895
E01000296,1707,837,870
E01000298,1812,881,931
E01000125,2779,1335,1444
E01000127,1505,697,808
E01000128,1869,903,966
E01000129,1782,839,943
E01000131,1806,888,918
E01000134,1632,774,858
E01000198,1893,941,952
E01000199,1617,754,863
E01000204,1728,837,891
E01000259,2597,1238,1359
E01000260,1982,943,1039
E01000126,2162,1002,1160
E01000151,1711,840,871
E01000152,1729,793,936
E01000153,1541,703,838
E01000154,1360,664,696
E01000176,1613,747,866
E01000178,1791,861,930
E01000184,1414,693,721
E01000297,1434,711,723
E01000316,2312,1117,1195
E01000319,1500,734,766
E01000196,1802,866,936
E01000200,1845,883,962
E01000201,1531,740,791
E01000202,1751,848,903
E01000203,1718,831,887
E01000177,1628,790,838
E01000179,1614,788,826
E01000180,1607,726,881
E01000181,1711,845,866
E01000182,1691,850,841
E01000185,1447,696,751
E01000147,1734,874,860
E01000148,1873,965,908
E01000155,1880,966,914
E01033572,1588,842,746
E01033573,1622,773,849
E01000239,1970,963,1007
E01000240,1670,830,840
E01000241,1744,857,887
E01000309,1822,902,920
E01000237,2038,1029,1009
E01000242,1656,793,863
E01000243,1884,967,917
E01000244,1705,845,860
E01000245,1982,980,1002
E01000314,1865,900,965
E01000183,1473,687,786
E01000206,1576,724,852
E01000207,1583,761,822
E01000208,1594,773,821
E01000210,1548,713,835
E01000213,1438,661,777
E01000236,1860,895,965
E01000238,1963,977,986
E01000310,2029,1014,1015
E01000311,1632,811,821
E01000205,1522,719,803
E01000209,1563,701,862
E01000211,2014,940,1074
E01000212,1428,653,775
E01000216,1968,917,1051
E01000217,1725,875,850
E01000150,2060,1006,1054
E01000305,1657,829,828
E01000306,1696,872,824
E01000308,1516,718,798
E01000312,1672,811,861
E01000313,1858,953,905
E01000145,1517,751,766
E01000215,2033,988,1045
E01000218,1818,903,915
E01000219,1905,945,960
E01000220,1871,917,954
E01000225,1776,860,916
E01000135,1564,741,823
E01000136,1532,739,793
E01000144,1538,774,764
E01000146,1716,842,874
E01000214,1663,822,841
E01000141,2104,1033,1071
E01000221,1294,617,677
E01000223,1287,614,673
E01000307,1655,827,828
E01000138,1449,690,759
E01000142,2381,1166,1215
E01000222,1582,788,794
E01000224,1559,806,753
E01000137,1729,816,913
E01000139,1429,701,728
E01000140,1631,774,857
E01000143,1459,723,736
E01000466,1655,823,832
E01000467,1634,765,869
E01000468,2723,1299,1424
E01000469,1654,821,833
E01000416,1547,741,806
E01000418,1937,914,1023
E01000422,1729,825,904
E01000464,1443,677,766
E01000465,1542,776,766
E01000470,1443,660,783
E01000333,1666,769,897
E01000335,1794,847,947
E01000336,1886,911,975
E01000337,1653,793,860
E01000338,1751,886,865
E01000403,2108,965,1143
E01000404,2234,1119,1115
E01000405,1410,706,704
E01000408,1636,808,828
E01000332,1529,708,821
E01000402,1536,743,793
E01000406,1649,826,823
E01000407,1480,714,766
E01000334,1611,749,862
E01000417,1639,809,830
E01000419,1461,702,759
E01000420,1551,758,793
E01000442,1613,770,843
E01000437,1322,618,704
E01000438,1599,802,797
E01000439,1368,681,687
E01000440,1413,684,729
E01000441,1598,746,852
E01000373,1574,752,822
E01000429,1639,825,814
E01000430,1782,879,903
E01000431,1672,808,864
E01000432,1673,789,884
E01000433,1810,857,953
E01000434,1584,710,874
E01000356,1546,763,783
E01000357,1457,706,751
E01000359,1280,629,651
E01000421,1482,703,779
E01000450,1832,879,953
E01000451,1699,819,880
E01000452,1428,704,724
E01000367,1575,739,836
E01000368,1539,701,838
E01000372,1680,790,890
E01000380,1455,677,778
E01000435,1406,669,737
E01000353,1686,840,846
E01000354,1505,698,807
E01000355,1464,713,751
E01000358,1608,776,832
E01000436,1685,838,847
E01000401,1647,767,880
E01000453,1472,725,747
E01000454,1572,740,832
E01000455,1705,814,891
E01000456,1427,702,725
E01000325,1610,784,826
E01000326,1295,612,683
E01000369,1618,797,821
E01000370,1597,789,808
E01000371,1545,736,809
E01000360,1662,821,841
E01000362,1482,696,786
E01000365,1678,761,917
E01000366,1585,756,829
E01000394,1458,694,764
E01000388,1531,742,789
E01000392,1646,763,883
E01000409,1649,800,849
E01000411,1398,654,744
E01000414,1708,842,866
E01000415,1498,745,753
E01000327,1543,752,791
E01000328,1480,739,741
E01000329,1316,625,691
E01000330,1544,714,830
E01000331,1630,823,807
E01000340,1502,736,766
E01000395,1428,708,720
E01000396,1399,689,710
E01000410,1568,750,818
E01000412,1678,817,861
E01000413,1301,638,663
E01000374,1533,747,786
E01000375,1476,726,750
E01000376,1541,731,810
E01000377,1420,701,719
E01000378,2121,1058,1063
E01000379,1680,820,860
E01000348,1481,755,726
E01000349,1659,802,857
E01000361,1540,784,756
E01000363,1441,705,736
E01000389,1649,805,844
E01000390,1290,627,663
E01000393,1581,779,802
E01000346,1622,800,822
E01000347,1486,692,794
E01000350,1501,743,758
E01000352,1575,731,844
E01000391,1709,799,910
E01000341,1490,735,755
E01000342,1595,763,832
E01000343,1535,752,783
E01000345,1355,654,701
E01000460,1353,680,673
E01000364,1577,782,795
E01000444,1637,802,835
E01000447,1535,744,791
E01000448,1335,668,667
E01000449,1495,720,775
E01000351,1586,766,820
E01000443,1276,627,649
E01000445,1641,825,816
E01000446,1572,749,823
E01000461,1662,823,839
E01000339,1530,735,795
E01000344,1609,774,835
E01000423,1638,786,852
E01000425,1752,834,918
E01000463,1254,608,646
E01000424,1693,820,873
E01000426,1675,822,853
E01000427,1932,852,1080
E01000457,1783,787,996
E01000462,1643,740,903
E01000382,1524,747,777
E01000384,1722,809,913
E01000387,1535,726,809
E01000428,1752,768,984
E01000458,1462,689,773
E01000459,1687,801,886
E01000381,1598,758,840
E01000383,1505,724,781
E01000385,1866,875,991
E01000386,1457,643,814
E01000398,1599,779,820
E01000399,1554,736,818
E01000400,1547,754,793
E01032566,1684,804,880
E01000587,1708,848,860
E01000589,1932,956,976
E01000590,1789,863,926
E01000592,1622,826,796
E01000593,2134,1053,1081
E01000594,1698,858,840
E01000513,1693,849,844
E01000514,1512,789,723
E01000516,1707,881,826
E01000520,1637,824,813
E01000588,2197,1045,1152
E01000515,1702,823,879
E01000517,1609,789,820
E01000543,1596,820,776
E01000591,2075,1057,1018
E01033463,2939,1456,1483
E01000536,1573,789,784
E01000538,1582,777,805
E01000539,1541,755,786
E01000540,1496,733,763
E01000541,1406,691,715
E01000518,1662,859,803
E01000519,1923,975,948
E01000623,1772,909,863
E01000624,1690,819,871
E01000629,1911,997,914
E01000480,1749,897,852
E01000484,1228,594,634
E01000485,1375,691,684
E01000486,1702,895,807
E01000487,1890,963,927
E01000572,1481,738,743
E01000573,1596,767,829
E01000574,1355,677,678
E01000575,1855,943,912
E01000577,2420,1164,1256
E01000562,1548,755,793
E01000563,1480,757,723
E01000566,1535,775,760
E01000568,2260,1031,1229
E01000569,1565,774,791
E01000479,1659,828,831
E01000481,1538,776,762
E01000482,2886,1430,1456
E01000483,1745,873,872
E01000625,1504,734,770
E01000498,1680,840,840
E01000622,1585,778,807
E01000626,1500,703,797
E01033464,3022,1491,1531
E01000497,1756,855,901
E01000499,1732,876,856
E01000501,1874,903,971
E01000502,1393,689,704
E01000503,1968,988,980
E01000570,1579,783,796
E01000571,1707,884,823
E01000576,1660,835,825
E01000578,1821,929,892
E01000564,1570,853,717
E01000565,1473,757,716
E01000607,2223,1160,1063
E01000608,2263,1176,1087
E01000613,1673,863,810
E01000506,1671,831,840
E01000509,1453,754,699
E01000510,1673,871,802
E01000511,1629,792,837
E01000627,1900,931,969
E01000628,1891,947,944
E01000553,2100,1093,1007
E01000554,1857,929,928
E01000555,1497,766,731
E01000556,1869,1009,860
E01000557,1861,949,912
E01000558,1508,763,745
E01000567,1380,690,690
E01000606,1710,886,824
E01000609,2079,1058,1021
E01000611,1415,755,660
E01000615,1603,828,775
E01000617,1750,930,820
E01000618,1639,816,823
E01000619,1652,842,810
E01033424,1508,861,647
E01033457,1712,908,804
E01000504,1676,861,815
E01000505,1660,834,826
E01000507,1634,829,805
E01000512,1702,866,836
E01000559,1415,724,691
E01000610,1935,949,986
E01000612,1652,818,834
E01000631,1882,980,902
E01000633,1970,1082,888
E01000634,2343,1230,1113
E01000616,1747,929,818
E01000620,1715,880,835
E01000621,1779,950,829
E01000635,2415,1310,1105
E01000636,1776,948,828
E01000596,1694,845,849
E01000601,1505,710,795
E01000602,1541,738,803
E01000603,1487,701,786
E01000604,1766,814,952
E01000605,1662,807,855
E01000488,1576,775,801
E01000637,1675,834,841
E01000639,1757,886,871
E01000642,2054,1055,999
E01000644,1948,969,979
E01000490,1606,768,838
E01000494,1738,878,860
E01000495,1574,844,730
E01000560,1617,828,789
E01000561,1805,960,845
E01000638,1939,1009,930
E01000640,2123,1108,1015
E01000641,1945,956,989
E01000643,2146,1014,1132
E01000508,1961,965,996
E01000521,2179,1082,1097
E01000522,1923,903,1020
E01000526,2279,1057,1222
E01000527,2178,1086,1092
E01000528,1493,746,747
E01000471,1638,855,783
E01000474,1999,1029,970
E01000476,1618,844,774
E01000477,1916,1015,901
E01000630,2254,1180,1074
E01000595,1685,838,847
E01000599,1308,643,665
E01000600,2047,1046,1001
E01033456,2208,1031,1177
E01000545,1809,907,902
E01000546,1645,784,861
E01000547,1780,868,912
E01000548,2044,1046,998
E01000549,1936,936,1000
E01000472,1346,711,635
E01000473,1883,978,905
E01000475,1976,997,979
E01000478,1641,836,805
E01000632,2087,1062,1025
E01000489,1581,729,852
E01000491,1996,1019,977
E01000492,1315,641,674
E01000493,1637,783,854
E01000581,1550,729,821
E01000523,2610,1309,1301
E01000524,2514,1269,1245
E01000525,1986,975,1011
E01000533,2259,1173,1086
E01000535,2170,1083,1087
E01033455,1189,635,554
E01033485,1991,1009,982
E01000579,1665,824,841
E01000580,1980,998,982
E01000582,1847,898,949
E01000583,2273,1133,1140
E01000586,2457,1235,1222
E01000530,1824,888,936
E01000531,2077,1017,1060
E01000532,1630,828,802
E01000534,1775,834,941
E01000584,1695,846,849
E01000585,1814,907,907
E01000544,1777,896,881
E01000550,1966,966,1000
E01000551,2215,1129,1086
E01000552,1817,906,911
E01000779,1233,590,643
E01000780,1480,679,801
E01000781,1445,652,793
E01000782,1441,672,769
E01000783,1503,680,823
E01000785,1381,642,739
E01000689,1375,659,716
E01000690,1402,682,720
E01000691,1438,675,763
E01000692,1575,748,827
E01000784,1504,730,774
E01000799,1642,819,823
E01000802,1729,833,896
E01000803,1596,726,870
E01000804,1436,719,717
E01000805,1511,722,789
E01000740,1734,871,863
E01000741,1586,809,777
E01000742,2019,988,1031
E01000745,1757,830,927
E01000746,1858,915,943
E01000709,1317,644,673
E01000710,1605,754,851
E01000711,1719,847,872
E01000714,1865,939,926
E01000718,2061,979,1082
E01000645,1375,666,709
E01000649,1981,948,1033
E01000694,1627,760,867
E01000695,1494,706,788
E01000696,1514,719,795
E01000697,1615,801,814
E01000674,1564,725,839
E01000676,1735,831,904
E01000820,1405,664,741
E01000822,1614,763,851
E01000823,1676,836,840
E01000824,1206,595,611
E01000825,1573,756,817
E01000743,1770,847,923
E01000744,1531,744,787
E01000796,1630,769,861
E01000798,1464,702,762
E01000800,1618,788,830
E01000806,1721,838,883
E01000693,1609,777,832
E01000698,1182,582,600
E01000736,1560,766,794
E01000737,1377,599,778
E01000672,1520,715,805
E01000673,1571,761,810
E01000716,1542,742,800
E01000717,1609,771,838
E01000828,1584,736,848
E01000712,1641,826,815
E01000713,1693,838,855
E01000715,1657,809,848
E01000770,1429,661,768
E01000772,1516,704,812
E01000700,1509,725,784
E01000702,1321,642,679
E01000703,1599,755,844
E01000706,1293,602,691
E01000797,1562,744,818
E01000729,1783,852,931
E01000730,1724,775,949
E01000735,1484,702,782
E01000738,1527,725,802
E01000739,1523,697,826
E01000699,1442,704,738
E01000701,1327,649,678
E01000704,1444,686,758
E01000705,1310,640,670
E01000801,1417,669,748
E01000646,1641,778,863
E01000647,1609,773,836
E01000648,1744,853,891
E01000653,1584,722,862
E01000678,1707,835,872
E01000670,1932,972,960
E01000675,1624,818,806
E01000677,1769,836,933
E01000762,1623,789,834
E01000829,1733,823,910
E01000719,1896,864,1032
E01000720,1632,735,897
E01000721,1327,602,725
E01000724,1760,863,897
E01000728,1471,692,779
E01000651,1628,716,912
E01000668,1620,816,804
E01000669,1672,776,896
E01000671,1744,859,885
E01000679,1660,821,839
E01000826,1625,810,815
E01000827,1692,809,883
E01000830,1550,786,764
E01000831,1640,790,850
E01000833,1462,717,745
E01000650,1911,909,1002
E01000652,1625,774,851
E01000807,1532,755,777
E01000809,1517,723,794
E01000722,1636,784,852
E01000725,1641,767,874
E01000731,1363,650,713
E01000732,1475,702,773
E01000733,1593,784,809
E01000769,1417,716,701
E01000773,1521,691,830
E01000775,2266,1094,1172
E01000777,1567,758,809
E01000778,1580,732,848
E01000808,1604,770,834
E01000810,1503,720,783
E01000811,1320,631,689
E01000813,1610,770,840
E01000815,1537,737,800
E01000661,1594,744,850
E01000662,1741,845,896
E01000663,1627,759,868
E01000664,1610,780,830
E01000763,1452,705,747
E01000764,1615,753,862
E01000766,1714,841,873
E01000767,1646,812,834
E01000834,1328,639,689
E01000727,1553,738,815
E01000734,1360,660,700
E01000790,2018,994,1024
E01000812,1497,724,773
E01000814,1531,760,771
E01000723,1247,602,645
E01000726,1282,648,634
E01000787,1405,660,745
E01000788,1526,733,793
E01000791,1445,695,750
E01000832,1488,742,746
E01000835,1614,755,859
E01000836,1419,698,721
E01000837,1512,730,782
E01000838,1462,706,756
E01000839,1488,724,764
E01000840,1552,706,846
E01000841,1559,756,803
E01000753,1806,902,904
E01000754,1675,773,902
E01000755,1505,703,802
E01000757,1499,740,759
E01000758,1479,708,771
E01000786,1421,708,713
E01000789,1800,829,971
E01000792,1142,535,607
E01000793,1589,764,825
E01000795,1412,689,723
E01000665,1815,850,965
E01000666,1814,884,930
E01000667,1620,790,830
E01000756,1563,754,809
E01000759,1542,753,789
E01000760,1503,675,828
E01000761,1552,775,777
E01000765,1704,844,860
E01000768,1555,769,786
E01000681,1705,824,881
E01000682,1524,736,788
E01000683,1592,750,842
E01000684,2036,1011,1025
E01000794,1553,745,808
E01000749,1588,788,800
E01000750,1492,651,841
E01000751,2007,947,1060
E01000752,1606,730,876
E01000680,1609,813,796
E01000685,1565,771,794
E01000686,1508,732,776
E01000687,1603,772,831
E01000688,1365,661,704
E01000654,1273,639,634
E01000655,1323,640,683
E01000656,1400,692,708
E01000657,1587,748,839
E01000659,1462,747,715
E01000816,1481,718,763
E01000818,1467,718,749
E01000819,1710,813,897
E01032562,1507,695,812
E01032563,1483,686,797
E01000707,1455,717,738
E01000708,1543,750,793
E01000771,1635,785,850
E01000774,1473,697,776
E01032568,1488,683,805
E01000658,1358,673,685
E01000747,1920,946,974
E01000748,1602,783,819
E01032570,1548,735,813
E01001137,1769,890,879
E01001138,1582,789,793
E01001156,1718,836,882
E01001162,1724,765,959
E01001164,1903,969,934
E01001084,1828,920,908
E01001157,1703,836,867
E01001159,1801,894,907
E01001160,1881,911,970
E01001163,1939,944,995
E01001083,1609,808,801
E01001086,1750,868,882
E01001087,2195,1093,1102
E01001161,1849,859,990
E01001085,1606,789,817
E01001088,1709,815,894
E01001089,1907,893,1014
E01001090,2287,1081,1206
E01001091,1585,804,781
E01001147,1622,767,855
E01001148,1613,770,843
E01001151,1600,753,847
E01001152,1671,815,856
E01001158,1564,765,799
E01001146,1615,736,879
E01001149,1572,756,816
E01001150,1655,788,867
E01001153,1619,768,851
E01001154,1969,918,1051
E01001136,1880,951,929
E01001139,1602,751,851
E01001140,1613,800,813
E01001142,1526,724,802
E01001144,1673,819,854
E01001141,1246,603,643
E01001143,1941,902,1039
E01001145,1686,834,852
E01001191,1764,910,854
E01001192,1644,746,898
E01000994,1592,789,803
E01000995,1631,823,808
E01000996,1254,614,640
E01000997,1396,668,728
E01000999,1332,665,667
E01001002,1343,657,686
E01000998,1551,790,761
E01001000,1267,637,630
E01001003,1511,703,808
E01001111,1607,765,842
E01001155,1603,754,849
E01001174,1620,758,862
E01001175,1542,755,787
E01001176,1902,917,985
E01001182,1422,714,708
E01001183,1572,762,810
E01001184,1349,622,727
E01001001,1195,573,622
E01001109,2039,1004,1035
E01001112,1718,803,915
E01001113,1828,874,954
E01001114,1400,691,709
E01001116,1359,686,673
E01000992,1978,986,992
E01001185,1636,800,836
E01001186,1745,866,879
E01001188,1833,855,978
E01001193,1807,812,995
E01001004,2129,984,1145
E01001115,1706,864,842
E01001117,2761,1359,1402
E01001178,1365,685,680
E01001181,1829,848,981
E01001006,1558,738,820
E01001007,1968,974,994
E01001177,1617,795,822
E01001179,1534,747,787
E01001180,1737,850,887
E01000980,1407,650,757
E01000981,1642,769,873
E01000982,1604,798,806
E01000983,1712,849,863
E01001187,1945,914,1031
E01000989,1707,804,903
E01000991,1649,829,820
E01001131,1563,721,842
E01001132,1464,720,744
E01001134,1617,777,840
E01001005,1687,850,837
E01001008,1608,760,848
E01001009,1846,910,936
E01001010,1514,713,801
E01001011,1868,969,899
E01001012,1922,969,953
E01001013,2018,1008,1010
E01001048,1942,996,946
E01001110,1787,906,881
E01001118,1882,901,981
E01000985,1447,727,720
E01000986,1738,852,886
E01000987,1431,721,710
E01000993,1620,816,804
E01000975,1613,818,795
E01000976,1867,972,895
E01000977,1731,907,824
E01000978,1775,931,844
E01000979,1703,894,809
E01000984,1829,903,926
E01001044,1922,971,951
E01001046,1751,892,859
E01001049,1419,699,720
E01001050,1646,770,876
E01001014,2663,1301,1362
E01001042,1818,889,929
E01001165,1656,807,849
E01001166,1814,914,900
E01001168,1737,865,872
E01001127,1607,784,823
E01001128,1611,717,894
E01001130,1776,790,986
E01001135,1646,807,839
E01001062,1567,774,793
E01001063,1539,731,808
E01001064,1568,757,811
E01001129,1455,690,765
E01001133,1557,697,860
E01001035,1760,890,870
E01001043,2578,1359,1219
E01001045,1820,971,849
E01001047,1673,867,806
E01001170,2050,988,1062
E01001167,2193,1056,1137
E01001169,1680,769,911
E01001171,1638,739,899
E01001172,1748,833,915
E01001173,2561,1252,1309
E01001036,1521,746,775
E01001037,1396,652,744
E01001038,1792,926,866
E01001039,1474,731,743
E01001040,1708,864,844
E01001051,1549,697,852
E01001052,1447,636,811
E01001054,1710,788,922
E01001056,1851,822,1029
E01001057,1814,782,1032
E01001033,1616,798,818
E01001034,1516,763,753
E01001041,1611,801,810
E01001095,1468,721,747
E01001100,1473,730,743
E01001053,1513,718,795
E01001055,1595,755,840
E01001077,1396,663,733
E01001078,1404,658,746
E01001082,1627,749,878
E01001120,1263,638,625
E01001122,1539,783,756
E01001123,1514,738,776
E01001124,1573,761,812
E01001125,1650,820,830
E01001058,1326,586,740
E01001059,1396,669,727
E01001060,1581,768,813
E01001061,1533,731,802
E01001065,1334,654,680
E01001066,1369,595,774
E01001119,1470,710,760
E01001126,1402,667,735
E01001032,1396,688,708
E01001101,1423,686,737
E01001102,1463,687,776
E01001107,1616,812,804
E01001108,1711,831,880
E01001076,1606,749,857
E01001079,1681,792,889
E01001080,1678,774,904
E01001081,1409,675,734
E01001073,1441,714,727
E01001092,1777,854,923
E01001093,1738,854,884
E01001096,1534,769,765
E01001097,2103,1030,1073
E01001098,1452,708,744
E01001028,1630,793,837
E01001029,1593,784,809
E01001030,1411,702,709
E01001031,1466,735,731
E01001094,1585,781,804
E01001103,1680,807,873
E01001105,1729,839,890
E01001106,1490,727,763
E01001121,1308,610,698
E01001069,1385,676,709
E01001070,1726,839,887
E01001075,1547,739,808
E01001099,1477,701,776
E01001015,1440,681,759
E01001016,1705,834,871
E01001023,1314,638,676
E01001067,1631,823,808
E01001074,1933,921,1012
E01001068,1924,929,995
E01001071,1891,905,986
E01001072,1488,715,773
E01001104,1665,805,860
E01001017,1624,818,806
E01001024,1428,691,737
E01001025,1296,624,672
E01001026,1729,815,914
E01001027,1582,795,787
E01001018,1556,742,814
E01001019,1511,751,760
E01001020,1630,746,884
E01001021,1332,602,730
E01001022,1446,715,731
E01000990,1420,657,763
E01001189,1211,557,654
E01001190,1586,699,887
E01001194,1572,747,825
E01032569,1731,778,953
E01001269,1983,1023,960
E01001271,1804,939,865
E01001309,1830,940,890
E01001310,1801,921,880
E01001311,2082,1042,1040
E01001307,1833,970,863
E01001308,2042,1005,1037
E01001312,1839,919,920
E01001313,1701,863,838
E01001314,1585,806,779
E01001315,1461,707,754
E01001316,1583,760,823
E01001317,1862,908,954
E01001318,1790,879,911
E01001320,1548,690,858
E01001321,2021,1010,1011
E01001270,1721,880,841
E01001319,1498,716,782
E01001322,1692,841,851
E01001323,1728,851,877
E01001341,1712,908,804
E01001342,1867,958,909
E01001343,1504,769,735
E01001345,1680,892,788
E01001265,1692,844,848
E01001266,1832,948,884
E01001267,1953,941,1012
E01001272,1628,833,795
E01001349,1404,720,684
E01001344,2161,1083,1078
E01001346,1878,940,938
E01001347,1534,806,728
E01001348,1599,838,761
E01001257,1783,846,937
E01001324,1553,779,774
E01001326,1719,798,921
E01001330,1598,805,793
E01001332,1503,699,804
E01001325,1758,860,898
E01001327,1803,903,900
E01001328,1730,849,881
E01001329,1783,869,914
E01001331,1674,812,862
E01001258,1690,833,857
E01001262,1592,758,834
E01001263,1672,833,839
E01001264,1655,796,859
E01032743,2173,1007,1166
E01032744,1526,725,801
E01001276,1788,896,892
E01001277,1844,947,897
E01001278,1962,952,1010
E01001280,1740,848,892
E01001218,1908,922,986
E01001260,1899,938,961
E01001261,2178,1123,1055
E01001268,1736,859,877
E01001209,1712,829,883
E01001211,1702,809,893
E01001279,1473,712,761
E01001281,1600,743,857
E01001217,1539,788,751
E01001259,1457,725,732
E01001291,1642,839,803
E01001292,1708,850,858
E01001293,1598,806,792
E01001196,1766,857,909
E01001238,2868,1580,1288
E01001239,1542,793,749
E01001246,1360,669,691
E01001247,2170,1174,996
E01001210,1679,833,846
E01001282,1557,746,811
E01001283,1595,753,842
E01001285,1690,842,848
E01001286,1674,794,880
E01001287,1437,647,790
E01001294,1894,941,953
E01001295,1826,923,903
E01001296,1481,764,717
E01001297,1814,910,904
E01001298,1934,1004,930
E01001204,1589,776,813
E01001205,1559,738,821
E01001206,1714,802,912
E01001207,1570,781,789
E01001208,1366,655,711
E01001212,1667,831,836
E01001222,2384,1202,1182
E01001224,1616,790,826
E01001226,1535,757,778
E01001227,1514,756,758
E01001228,1812,876,936
E01001221,1861,900,961
E01001223,1517,773,744
E01001225,1790,851,939
E01001235,1597,817,780
E01001236,1590,810,780
E01001273,1623,800,823
E01001274,1630,797,833
E01001275,1901,955,946
E01001195,1833,962,871
E01001197,1753,852,901
E01001198,1440,739,701
E01001199,1704,860,844
E01001284,1539,762,777
E01001288,1498,722,776
E01001289,1383,660,723
E01001290,1856,901,955
E01001213,1830,966,864
E01001214,1749,902,847
E01001215,1765,868,897
E01001216,1564,818,746
E01001361,1802,946,856
E01001240,1615,802,813
E01001241,1501,786,715
E01001242,1455,703,752
E01001243,1742,850,892
E01001244,2539,1205,1334
E01001245,1914,926,988
E01001200,1516,768,748
E01001201,1561,734,827
E01001202,2120,1093,1027
E01001203,1734,880,854
E01001351,1994,981,1013
E01001359,2201,1190,1011
E01001360,1923,994,929
E01001362,1935,1061,874
E01001363,1685,879,806
E01001364,1676,844,832
E01001365,2217,1205,1012
E01001231,1866,957,909
E01001234,1401,701,700
E01001350,1486,728,758
E01001352,1510,750,760
E01001354,1840,904,936
E01001249,2370,1159,1211
E01001250,2041,1001,1040
E01001255,1610,760,850
E01001383,1791,933,858
E01001388,1640,840,800
E01001389,1667,849,818
E01001219,2046,985,1061
E01001220,1509,692,817
E01001334,1623,809,814
E01001337,1470,719,751
E01001338,1953,1023,930
E01001339,1841,887,954
E01001340,1889,1026,863
E01001251,1654,798,856
E01001252,1938,1003,935
E01001253,1649,804,845
E01001254,1685,798,887
E01001229,1522,706,816
E01001230,1488,740,748
E01001232,1538,778,760
E01001233,1424,709,715
E01001237,1593,843,750
E01001386,1793,890,903
E01001303,1639,785,854
E01001382,1566,772,794
E01001384,1645,798,847
E01001385,1682,807,875
E01001387,1546,785,761
E01001353,1667,802,865
E01001355,1664,837,827
E01001356,1969,924,1045
E01001357,1141,529,612
E01001358,1602,791,811
E01001375,1665,803,862
E01001377,1770,871,899
E01001379,1679,802,877
E01001381,1649,855,794
E01001248,1592,778,814
E01001299,1833,904,929
E01001305,1716,848,868
E01001306,1607,788,819
E01001366,1923,1016,907
E01001367,1764,1015,749
E01001368,1723,916,807
E01001370,1980,1038,942
E01001371,2081,1068,1013
E01001372,1763,970,793
E01001373,1499,823,676
E01001333,1903,1022,881
E01001335,1781,866,915
E01001336,1572,794,778
E01001369,1846,949,897
E01001300,1692,855,837
E01001301,1782,944,838
E01001302,1621,844,777
E01001304,1627,806,821
E01001374,1798,876,922
E01001376,1579,785,794
E01001380,1759,869,890
E01032572,1575,784,791
E01001444,1676,784,892
E01001446,1817,895,922
E01001546,1783,861,922
E01001552,1805,851,954
E01001442,1684,768,916
E01001545,1843,867,976
E01001547,1758,861,897
E01001548,1819,887,932
E01001551,1733,792,941
E01001445,2284,1088,1196
E01001447,1936,921,1015
E01001448,1831,888,943
E01001449,1635,787,848
E01033148,1950,906,1044
E01033150,1656,738,918
E01001408,1646,759,887
E01001411,1840,856,984
E01001412,1834,900,934
E01001413,1632,782,850
E01001414,1563,726,837
E01001407,1637,781,856
E01001409,1889,916,973
E01001410,1721,812,909
E01001516,1834,879,955
E01001537,1754,812,942
E01001439,2075,965,1110
E01001441,1514,716,798
E01001517,1890,893,997
E01001549,1975,934,1041
E01001550,1661,737,924
E01001433,1827,842,985
E01001434,1572,783,789
E01001435,1480,708,772
E01001436,1886,911,975
E01001438,1659,778,881
E01001469,1645,818,827
E01001536,1717,835,882
E01001540,1763,849,914
E01001541,1504,735,769
E01001542,1571,743,828
E01001538,1660,799,861
E01001539,1668,783,885
E01001543,1672,837,835
E01001544,1597,785,812
E01001457,1633,793,840
E01001468,1339,712,627
E01001471,1737,846,891
E01001472,1682,782,900
E01001474,1767,878,889
E01001415,1541,735,806
E01001417,1974,921,1053
E01001418,1650,809,841
E01001422,1658,828,830
E01001440,1641,794,847
E01001504,1549,751,798
E01001505,1727,845,882
E01001507,1870,927,943
E01001508,1933,925,1008
E01001513,1770,848,922
E01001416,1733,843,890
E01001470,1598,745,853
E01001473,1534,738,796
E01001475,1704,819,885
E01001437,2373,1133,1240
E01001506,1635,776,859
E01001509,1738,838,900
E01001510,1496,725,771
E01001405,1691,839,852
E01001406,1629,768,861
E01001450,1878,949,929
E01001512,1780,869,911
E01001515,1946,949,997
E01001401,1323,633,690
E01001478,1538,765,773
E01001484,1371,661,710
E01001511,1751,815,936
E01001514,1768,849,919
E01001518,1767,854,913
E01001451,1641,837,804
E01001452,1356,685,671
E01001453,1677,832,845
E01001454,1633,792,841
E01001476,1666,800,866
E01001477,1850,884,966
E01001481,1647,780,867
E01001502,1872,900,972
E01001503,1844,876,968
E01001520,1680,804,876
E01001522,1805,863,942
E01001523,1739,854,885
E01001524,1531,707,824
E01001526,1619,780,839
E01001419,1946,897,1049
E01001420,1570,735,835
E01001421,1716,788,928
E01001519,2496,1240,1256
E01001525,1807,851,956
E01001398,1392,686,706
E01001399,1437,713,724
E01001400,1543,718,825
E01001402,1833,904,929
E01001403,1602,773,829
E01001455,1491,738,753
E01001456,1400,719,681
E01001564,1666,794,872
E01001567,1583,782,801
E01001568,1583,802,781
E01001569,1744,881,863
E01001479,1730,854,876
E01001482,1854,915,939
E01001487,1949,909,1040
E01001489,1803,880,923
E01001491,1976,936,1040
E01001459,1675,820,855
E01001460,1711,823,888
E01001462,1339,639,700
E01001480,1549,752,797
E01001488,1883,899,984
E01001483,1150,577,573
E01001485,1815,854,961
E01001486,2106,974,1132
E01001492,1930,898,1032
E01033146,1586,776,810
E01033151,1483,708,775
E01001404,1473,715,758
E01001493,1773,883,890
E01001494,1520,725,795
E01001496,1705,794,911
E01001570,1855,914,941
E01001423,1805,854,951
E01001425,1862,873,989
E01001428,1677,808,869
E01001461,1716,789,927
E01001464,1330,643,687
E01001521,1777,834,943
E01001531,1498,752,746
E01001532,1764,873,891
E01001533,1568,747,821
E01001535,1482,730,752
E01001495,1715,868,847
E01001498,1946,979,967
E01001563,1615,816,799
E01001565,1636,783,853
E01001566,1721,864,857
E01001424,1210,564,646
E01001426,1821,878,943
E01001427,1840,880,960
E01001429,2394,1111,1283
E01001430,1884,854,1030
E01001463,1573,769,804
E01001465,1505,733,772
E01001466,1795,830,965
E01001467,1874,936,938
E01001497,1476,706,770
E01001499,1650,800,850
E01001392,1824,921,903
E01001528,1445,673,772
E01001529,1546,808,738
E01001530,1290,658,632
E01001534,1631,821,810
E01001431,1549,764,785
E01001432,1907,949,958
E01001555,1783,889,894
E01001557,1586,777,809
E01001558,1613,780,833
E01001559,2051,967,1084
E01001394,1653,802,851
E01001395,1590,727,863
E01001397,1924,975,949
E01001500,1527,749,778
E01001556,1579,758,821
E01001560,1599,766,833
E01001390,1971,1016,955
E01001391,1564,801,763
E01001393,2112,1068,1044
E01001396,1413,680,733
E01001501,1850,897,953
E01001527,1563,797,766
E01001458,1745,836,909
E01001553,1597,761,836
E01001554,1791,817,974
E01001562,1716,783,933
E01032574,2059,950,1109
E01001690,1932,960,972
E01001692,1391,697,694
E01001693,1558,790,768
E01001694,1685,843,842
E01001687,1206,587,619
E01001688,2623,1231,1392
E01033739,1443,712,731
E01033740,1577,776,801
E01033741,2457,1594,863
E01033743,2038,969,1069
E01033745,1820,876,944
E01001575,1707,794,913
E01001576,1739,830,909
E01001577,1857,880,977
E01001578,2131,1053,1078
E01001579,1646,774,872
E01001709,1170,578,592
E01001711,1413,738,675
E01001712,2137,1086,1051
E01033731,1017,508,509
E01033734,1320,660,660
E01033735,1073,586,487
E01033736,1125,627,498
E01033737,1495,776,719
E01001705,1993,1019,974
E01001706,1340,663,677
E01001708,1595,783,812
E01001710,1694,822,872
E01001713,1748,847,901
E01001672,2049,1083,966
E01001673,1892,988,904
E01001674,1973,989,984
E01001675,1980,1021,959
E01001677,1948,977,971
E01001631,2072,1042,1030
E01001632,2319,1157,1162
E01001635,1661,873,788
E01001636,1722,961,761
E01033742,1352,726,626
E01033744,1845,909,936
E01001571,1639,775,864
E01001572,1711,810,901
E01001573,1505,762,743
E01001574,1769,860,909
E01001629,2176,1061,1115
E01001633,1607,827,780
E01001634,1714,792,922
E01001637,1703,855,848
E01001695,1626,857,769
E01001696,1350,670,680
E01001697,2094,1072,1022
E01001700,2019,1031,988
E01001703,1934,970,964
E01001704,1651,854,797
E01001588,1692,797,895
E01001589,1604,826,778
E01001591,2040,973,1067
E01001595,1979,927,1052
E01001590,1777,883,894
E01001592,1718,821,897
E01001593,1638,792,846
E01001594,1937,913,1024
E01001698,1777,896,881
E01001699,1848,1111,737
E01001701,1524,766,758
E01001702,1676,766,910
E01001581,1693,816,877
E01001585,1532,765,767
E01001586,1491,694,797
E01001587,1890,957,933
E01001678,1667,839,828
E01001683,1519,788,731
E01001684,1472,703,769
E01001685,1522,772,750
E01001646,2829,1351,1478
E01001650,1733,853,880
E01001651,1714,852,862
E01001652,1555,749,806
E01001679,1346,653,693
E01001680,1573,798,775
E01001681,1224,614,610
E01001682,1333,657,676
E01001686,1777,882,895
E01001580,1642,833,809
E01001582,1475,695,780
E01001583,1603,812,791
E01001584,1549,747,802
E01001645,1697,821,876
E01001647,1491,742,749
E01001648,1751,878,873
E01001649,1530,738,792
E01001605,1584,772,812
E01001606,1637,813,824
E01001610,1669,815,854
E01001611,1659,829,830
E01001620,1591,783,808
E01001621,1491,719,772
E01001623,1696,837,859
E01001624,1551,724,827
E01001625,1577,758,819
E01001604,1440,736,704
E01001607,1474,671,803
E01001608,1454,721,733
E01001609,1602,798,804
E01001613,1586,762,824
E01001614,1409,683,726
E01001615,1519,783,736
E01001617,1574,749,825
E01001653,1547,731,816
E01001654,1546,711,835
E01001655,1465,723,742
E01001660,1600,763,837
E01001661,1525,728,797
E01001618,1604,789,815
E01001619,1880,925,955
E01033729,2969,1306,1663
E01001597,1560,797,763
E01001598,1587,817,770
E01001602,1873,874,999
E01001603,1655,784,871
E01001596,1564,772,792
E01001599,1701,830,871
E01001600,1561,799,762
E01001601,1561,749,812
E01001669,1874,928,946
E01001671,1578,767,811
E01001676,1791,924,867
E01032567,1651,826,825
E01001656,1272,623,649
E01001657,1547,755,792
E01001658,1549,732,817
E01001659,1454,739,715
E01033726,2493,1216,1277
E01001640,2334,1099,1235
E01033727,2567,1250,1317
E01033728,1226,647,579
E01033730,1214,636,578
E01001666,1470,750,720
E01001667,1564,746,818
E01001668,2269,1091,1178
E01033732,1053,535,518
E01033733,1134,576,558
E01001662,1608,800,808
E01001664,1870,946,924
E01001665,1867,941,926
E01033738,1216,628,588
E01001638,1974,953,1021
E01001641,1755,853,902
E01001642,1781,873,908
E01001644,2212,1182,1030
E01033746,1464,696,768
E01002112,1890,895,995
E01002114,1993,884,1109
E01002225,1575,716,859
E01002226,2228,1035,1193
E01002113,1547,735,812
E01002115,1509,730,779
E01002116,1668,809,859
E01002117,2105,1017,1088
E01002118,1759,879,880
E01002227,1809,890,919
E01002228,2105,1010,1095
E01002229,1717,797,920
E01002230,1795,897,898
E01002144,1571,775,796
E01002146,1481,717,764
E01002147,1369,651,718
E01002149,1361,669,692
E01002140,1706,847,859
E01002141,1763,840,923
E01002142,1779,844,935
E01002143,1571,763,808
E01002145,1558,731,827
E01002139,1428,660,768
E01002148,1449,710,739
E01002150,1883,883,1000
E01002151,1526,719,807
E01002152,1624,761,863
E01002119,1708,838,870
E01002120,1296,622,674
E01002121,1761,862,899
E01002122,1706,877,829
E01002123,1735,878,857
E01002106,2027,1000,1027
E01002108,1819,883,936
E01002109,1789,896,893
E01002110,1762,873,889
E01002111,2172,1092,1080
E01002185,1543,720,823
E01002186,1656,785,871
E01002187,1843,862,981
E01002190,1672,826,846
E01002124,1769,837,932
E01002125,1678,882,796
E01002198,1820,929,891
E01002200,1688,865,823
E01002203,1751,867,884
E01002232,1973,978,995
E01002233,2031,992,1039
E01002234,1741,871,870
E01002235,1922,908,1014
E01002236,1803,901,902
E01002107,1774,865,909
E01002197,1394,682,712
E01002199,1533,761,772
E01002201,1742,848,894
E01002202,2056,1028,1028
E01002179,2250,1165,1085
E01002180,2085,1052,1033
E01002183,2106,1053,1053
E01002184,1885,945,940
E01002231,1924,974,950
E01002154,2021,999,1022
E01002156,1522,745,777
E01002162,1879,930,949
E01002163,1636,782,854
E01002188,1651,790,861
E01002189,1661,805,856
E01002192,1532,735,797
E01002193,1797,841,956
E01002165,1734,903,831
E01002166,1663,857,806
E01002167,1629,807,822
E01002168,1492,700,792
E01002169,1619,805,814
E01002153,1763,857,906
E01002155,1643,813,830
E01002157,1687,826,861
E01002158,1457,717,740
E01002128,2025,1005,1020
E01002130,2260,1170,1090
E01002181,1884,985,899
E01002182,2049,1102,947
E01002159,1860,930,930
E01002160,1967,1004,963
E01002161,2030,980,1050
E01002164,1763,868,895
E01002191,1964,955,1009
E01002194,1724,832,892
E01002195,1635,799,836
E01002196,1759,870,889
E01002126,2781,1406,1375
E01002127,1687,782,905
E01002129,2043,1066,977
E01002131,1624,814,810
E01002237,1626,809,817
E01002238,1804,904,900
E01002240,1739,830,909
E01002242,1890,940,950
E01002208,1357,679,678
E01002209,1643,838,805
E01002239,1678,796,882
E01002241,1636,833,803
E01002133,2031,993,1038
E01002136,1741,879,862
E01002138,1551,779,772
E01002213,2912,1428,1484
E01002211,1544,764,780
E01002212,1749,864,885
E01002216,1699,876,823
E01002217,1526,696,830
E01002132,2012,990,1022
E01002134,1462,759,703
E01002135,1765,867,898
E01002137,1708,1208,500
E01002218,1647,813,834
E01002219,1813,912,901
E01002221,1564,800,764
E01002222,1608,795,813
E01002214,1863,937,926
E01002215,1535,713,822
E01002220,1628,840,788
E01002223,1873,926,947
E01002224,1530,745,785
E01002204,1736,873,863
E01002206,1387,708,679
E01002207,1730,873,857
E01002210,1604,778,826
E01032576,1667,808,859
E01002170,1324,634,690
E01002171,1677,826,851
E01002172,1579,780,799
E01002173,1742,865,877
E01002174,1582,788,794
E01002175,1402,717,685
E01002176,1746,839,907
E01002177,1443,731,712
E01002178,1679,829,850
E01002276,1926,905,1021
E01002278,1599,770,829
E01002312,1400,661,739
E01002313,1526,735,791
E01002277,1494,746,748
E01002279,1584,737,847
E01002281,1614,790,824
E01002283,1517,750,767
E01002299,1721,815,906
E01002301,1561,776,785
E01002303,2043,927,1116
E01002304,1414,669,745
E01002306,1596,727,869
E01002307,1673,806,867
E01002280,1522,720,802
E01002282,1594,776,818
E01002284,1842,862,980
E01002297,1484,772,712
E01002314,1656,750,906
E01002316,1545,720,825
E01002302,1563,711,852
E01002305,1519,716,803
E01002308,1631,782,849
E01002326,1496,715,781
E01002331,1573,767,806
E01002309,1539,755,784
E01002310,1677,756,921
E01002311,1690,802,888
E01002315,1537,723,814
E01002293,1591,790,801
E01002294,1492,732,760
E01002296,1673,825,848
E01002298,1538,745,793
E01002300,1593,750,843
E01002333,1320,625,695
E01002334,1663,804,859
E01002336,1492,709,783
E01002339,1610,792,818
E01002341,1372,651,721
E01002327,1476,687,789
E01002328,1685,847,838
E01002332,1631,761,870
E01002335,1445,689,756
E01002338,1371,673,698
E01002340,1381,688,693
E01002268,1350,631,719
E01002269,1785,850,935
E01002295,1558,739,819
E01002377,1638,787,851
E01002378,1678,821,857
E01002383,1579,780,799
E01002244,1697,824,873
E01002245,1592,744,848
E01002325,1709,748,961
E01002329,1615,777,838
E01002330,1730,868,862
E01002337,1301,629,672
E01002354,1372,662,710
E01002376,1442,722,720
E01002379,1466,706,760
E01002380,2076,1003,1073
E01002381,1539,692,847
E01002243,1873,903,970
E01002353,2010,1010,1000
E01002356,2143,1034,1109
E01032741,1078,562,516
E01032742,1310,621,689
E01002272,1319,631,688
E01002274,1638,799,839
E01002317,1541,737,804
E01002318,1616,777,839
E01002355,1470,730,740
E01002382,1776,876,900
E01002270,1673,808,865
E01002271,1491,749,742
E01002273,1362,678,684
E01002275,1359,666,693
E01002319,1596,733,863
E01002350,1551,752,799
E01002351,1580,753,827
E01002352,1635,780,855
E01002358,1772,853,919
E01002246,1700,797,903
E01002247,1800,892,908
E01002248,1397,634,763
E01002249,1905,975,930
E01002250,1563,773,790
E01002251,1430,694,736
E01002252,1511,725,786
E01002256,1498,699,799
E01002258,1676,750,926
E01002259,1486,692,794
E01002391,1622,771,851
E01002253,1539,752,787
E01002254,1616,797,819
E01002257,1719,824,895
E01002384,1522,754,768
E01002359,1322,644,678
E01002360,1429,646,783
E01002361,1700,802,898
E01002363,1590,762,828
E01002367,1573,752,821
E01002320,1480,698,782
E01002321,1642,817,825
E01002322,1940,994,946
E01002323,1682,845,837
E01002324,1455,687,768
E01002255,1483,686,797
E01002289,1614,773,841
E01002292,1549,715,834
E01002362,1494,715,779
E01002386,1846,903,943
E01002287,1558,760,798
E01002291,1582,785,797
E01002364,1446,684,762
E01002365,1316,656,660
E01002366,1464,695,769
E01002385,1596,788,808
E01002387,1605,764,841
E01002388,1658,782,876
E01002389,1535,732,803
E01002390,1449,705,744
E01002265,1472,693,779
E01002285,1245,624,621
E01002286,1650,790,860
E01002288,1548,766,782
E01002290,1516,728,788
E01002260,1535,765,770
E01002261,1649,799,850
E01002262,1626,772,854
E01002263,1599,798,801
E01002264,1475,658,817
E01002266,1439,686,753
E01002267,1671,766,905
E01002372,1611,775,836
E01002373,1581,768,813
E01002374,1526,733,793
E01002368,1594,839,755
E01002369,1891,923,968
E01002370,1973,1003,970
E01002371,1627,823,804
E01002375,1741,818,923
E01002343,1705,833,872
E01002344,1528,739,789
E01002348,1531,755,776
E01002349,1508,749,759
E01002342,1588,787,801
E01002345,1679,771,908
E01002346,1503,692,811
E01002347,1440,693,747
E01002473,1547,746,801
E01002475,1497,680,817
E01002476,1576,781,795
E01002477,1252,583,669
E01002482,1607,769,838
E01002472,1571,747,824
E01002474,1507,693,814
E01002478,1519,745,774
E01002483,1739,820,919
E01002484,1424,693,731
E01002485,1713,816,897
E01002438,1325,641,684
E01002439,1571,761,810
E01002440,1441,698,743
E01002441,1550,736,814
E01002442,1512,729,783
E01002433,1826,849,977
E01002436,1608,801,807
E01002479,1702,774,928
E01002480,1760,865,895
E01002481,1633,793,840
E01002533,1462,707,755
E01002534,1465,714,751
E01002538,1569,722,847
E01002539,1524,776,748
E01002418,1789,873,916
E01002419,1531,729,802
E01002431,1415,683,732
E01002432,1561,757,804
E01002437,1469,732,737
E01002430,1469,707,762
E01002434,1358,656,702
E01002435,1436,728,708
E01002470,1684,852,832
E01002535,1767,886,881
E01002416,1741,851,890
E01002417,1596,752,844
E01002420,1595,759,836
E01002421,1696,796,900
E01002471,1619,786,833
E01002465,1576,729,847
E01002467,1517,699,818
E01002494,1696,832,864
E01002536,1420,676,744
E01002537,1404,714,690
E01002415,1710,835,875
E01002466,1680,822,858
E01002468,1696,837,859
E01002469,1670,842,828
E01002495,2230,1222,1008
E01002458,1416,689,727
E01002459,1624,771,853
E01002460,1338,661,677
E01002462,1418,710,708
E01002464,1586,770,816
E01002461,1435,683,752
E01002463,1570,776,794
E01002512,1741,872,869
E01002513,1341,650,691
E01002516,1454,711,743
E01002450,1421,696,725
E01002451,1514,754,760
E01002452,1539,802,737
E01002453,1692,832,860
E01002454,1777,858,919
E01002414,3314,1912,1402
E01002514,1876,981,895
E01002515,1608,753,855
E01033725,2386,1236,1150
E01002520,1549,784,765
E01002521,1716,887,829
E01002523,1625,796,829
E01033724,4933,2459,2474
E01002410,1694,853,841
E01002412,2291,1180,1111
E01002456,1675,806,869
E01002509,1452,707,745
E01002511,1522,721,801
E01002422,1436,723,713
E01002423,1645,831,814
E01002424,1574,782,792
E01002425,1795,919,876
E01002427,1506,715,791
E01002428,1470,747,723
E01002408,1527,773,754
E01002409,1773,884,889
E01002429,1413,721,692
E01002455,1728,852,876
E01002457,1560,774,786
E01002392,1675,783,892
E01002393,1988,977,1011
E01002540,1676,809,867
E01002542,1913,945,968
E01002543,1728,833,895
E01002394,1619,812,807
E01002395,1407,739,668
E01002397,1695,871,824
E01002398,1725,935,790
E01002399,1591,807,784
E01002426,1783,867,916
E01002411,1712,877,835
E01002413,1530,748,782
E01002518,1333,665,668
E01002519,1491,766,725
E01002550,1810,932,878
E01002554,2563,1283,1280
E01002541,1949,950,999
E01002544,1678,882,796
E01002545,1503,686,817
E01002546,1573,817,756
E01002547,1566,788,778
E01002400,1792,898,894
E01002401,1702,813,889
E01002402,1499,724,775
E01002403,1795,849,946
E01002404,1838,910,928
E01002548,1675,795,880
E01002549,1751,850,901
E01002551,1905,952,953
E01002552,1582,804,778
E01002553,1693,824,869
E01002396,1749,868,881
E01002501,1671,846,825
E01002502,1589,818,771
E01002505,1694,819,875
E01002508,1955,1025,930
E01002405,1919,974,945
E01002406,2135,1079,1056
E01002503,1681,851,830
E01002504,2024,986,1038
E01002506,1836,963,873
E01002507,1656,864,792
E01002486,2192,1090,1102
E01002487,1821,934,887
E01002526,1925,907,1018
E01002528,1685,807,878
E01002532,2289,1136,1153
E01002445,1703,804,899
E01002525,1613,796,817
E01002529,2086,1050,1036
E01002530,1634,761,873
E01002531,1617,824,793
E01002407,2354,1172,1182
E01002488,1729,892,837
E01002489,1824,951,873
E01002490,2082,1032,1050
E01002492,1647,819,828
E01002444,1833,1097,736
E01002446,1612,825,787
E01002447,1697,925,772
E01002527,1521,749,772
E01002443,1625,825,800
E01002448,1957,985,972
E01002449,1772,938,834
E01002491,1604,823,781
E01002493,1868,878,990
E01002496,1802,843,959
E01002497,1832,901,931
E01002498,1416,692,724
E01002499,1705,841,864
E01032577,1683,805,878
E01002569,1764,859,905
E01002570,1682,805,877
E01002573,1650,806,844
E01002574,1537,712,825
E01002575,1745,847,898
E01002562,1379,690,689
E01002564,1888,900,988
E01002566,2123,1062,1061
E01002568,2759,1306,1453
E01033081,1242,628,614
E01033082,1223,601,622
E01002620,1851,937,914
E01002625,1681,854,827
E01002626,1626,822,804
E01002627,1662,842,820
E01002631,1628,844,784
E01002633,1643,792,851
E01002634,1712,820,892
E01002637,1659,843,816
E01002638,1823,903,920
E01002563,1642,823,819
E01002565,2829,1392,1437
E01002567,1733,857,876
E01002684,2368,1153,1215
E01002686,1765,837,928
E01002571,1325,690,635
E01002572,1643,782,861
E01002577,1635,827,808
E01002578,1502,738,764
E01002689,1585,764,821
E01002690,1470,722,748
E01002576,1746,889,857
E01002579,1746,837,909
E01002580,1386,704,682
E01002581,1860,949,911
E01002582,1668,837,831
E01002675,2456,1219,1237
E01002678,1855,940,915
E01002679,1781,896,885
E01002680,1952,1057,895
E01002619,1959,1025,934
E01002622,1731,886,845
E01002632,1832,942,890
E01002635,1753,904,849
E01002636,2016,1022,994
E01002618,1758,897,861
E01002621,1817,931,886
E01002623,1667,862,805
E01002628,1940,985,955
E01002629,2087,1051,1036
E01002630,1695,882,813
E01002639,1703,897,806
E01002640,1800,975,825
E01002674,1707,891,816
E01002676,1715,897,818
E01002583,1706,860,846
E01002584,1691,902,789
E01002585,1651,853,798
E01002586,1650,868,782
E01002589,1982,1013,969
E01002668,2014,935,1079
E01002669,1782,863,919
E01002681,2063,993,1070
E01002682,2325,1133,1192
E01002683,2568,1267,1301
E01002642,2005,1086,919
E01002643,2289,1151,1138
E01002645,2054,1078,976
E01002658,1333,683,650
E01002677,1565,809,756
E01002587,1895,969,926
E01002588,1755,829,926
E01002660,1758,916,842
E01002661,1849,977,872
E01002665,1618,820,798
E01002624,1505,779,726
E01002646,2016,1012,1004
E01002662,1999,1076,923
E01002663,2074,1028,1046
E01002664,1802,930,872
E01002641,1932,979,953
E01002648,2689,1412,1277
E01002649,1830,942,888
E01002657,1876,929,947
E01033083,1664,921,743
E01033084,1722,926,796
E01002653,1813,937,876
E01002654,1785,875,910
E01002655,1885,954,931
E01002656,1318,652,666
E01002659,1398,675,723
E01002667,1573,779,794
E01002670,1737,839,898
E01002671,1659,771,888
E01002672,1578,770,808
E01002673,1634,788,846
E01002647,2213,1088,1125
E01002650,2436,1203,1233
E01002651,1778,921,857
E01002652,1765,908,857
E01002666,1558,884,674
E01002555,1917,960,957
E01002556,1681,843,838
E01002590,1839,902,937
E01002592,1999,972,1027
E01002595,1924,971,953
E01002557,1785,908,877
E01002558,1945,953,992
E01002559,2279,1116,1163
E01002560,1715,841,874
E01002561,1379,650,729
E01002591,1729,853,876
E01002593,2118,1073,1045
E01002594,1954,975,979
E01002611,1785,880,905
E01002612,1670,809,861
E01002613,1761,894,867
E01002598,1840,908,932
E01002599,1607,766,841
E01002600,1524,761,763
E01002603,1924,931,993
E01033000,1785,833,952
E01033030,1723,918,805
E01002604,1733,865,868
E01002605,1847,899,948
E01002606,1641,808,833
E01002607,1923,945,978
E01002615,1470,729,741
E01002596,1996,1084,912
E01002601,1665,854,811
E01002602,1477,719,758
E01002614,1746,873,873
E01002616,1382,692,690
E01002608,1717,831,886
E01002609,1730,869,861
E01002610,1564,748,816
E01002617,1594,782,812
E01002687,1707,872,835
E01002691,1596,776,820
E01002692,1782,912,870
E01002693,1694,792,902
E01032573,1614,814,800
E01003006,1500,699,801
E01003007,1513,746,767
E01003008,1432,660,772
E01003009,1895,908,987
E01003010,1497,739,758
E01002952,1541,705,836
E01002953,1308,660,648
E01002955,1377,649,728
E01002956,1611,768,843
E01002959,1433,698,735
E01002935,1770,901,869
E01002938,1935,929,1006
E01002951,1514,761,753
E01002954,1289,566,723
E01002957,1717,803,914
E01002933,1995,955,1040
E01002934,1821,923,898
E01002937,1729,859,870
E01003011,1741,847,894
E01033568,1461,727,734
E01033569,1662,845,817
E01002964,2231,1067,1164
E01002969,1748,871,877
E01002971,1709,842,867
E01002972,1809,913,896
E01002974,1893,909,984
E01002932,1757,841,916
E01002960,1627,771,856
E01002962,1528,733,795
E01002970,1576,760,816
E01002973,1372,645,727
E01002929,1633,790,843
E01002930,1709,816,893
E01002931,1850,907,943
E01002963,1732,835,897
E01002985,1662,820,842
E01002927,1556,746,810
E01002928,1604,747,857
E01002958,1680,818,862
E01002961,1750,825,925
E01002986,1273,648,625
E01002965,2325,1143,1182
E01002967,1858,922,936
E01002968,2631,1343,1288
E01002990,1680,885,795
E01002991,1613,839,774
E01002922,1632,810,822
E01002926,1535,756,779
E01002966,1910,947,963
E01002992,1752,818,934
E01002921,1555,803,752
E01002987,1702,856,846
E01002988,1906,889,1017
E01002989,1830,935,895
E01002975,1381,691,690
E01002977,1673,793,880
E01002980,1413,668,745
E01002981,1544,750,794
E01002984,1426,696,730
E01002923,1570,782,788
E01002925,1615,789,826
E01002993,1519,775,744
E01002995,1476,713,763
E01002999,1449,730,719
E01002915,1304,665,639
E01002916,1478,743,735
E01002917,1397,688,709
E01002920,1604,790,814
E01002924,1530,776,754
E01002976,1654,768,886
E01002978,1761,856,905
E01002979,1549,779,770
E01002982,1438,699,739
E01002983,1626,807,819
E01002994,1510,702,808
E01002996,1513,741,772
E01002997,1462,729,733
E01002998,1530,687,843
E01003002,1826,874,952
E01002918,1758,862,896
E01002919,1705,849,856
E01003000,1553,751,802
E01003001,1831,868,963
E01003003,1557,787,770
E01002939,1548,745,803
E01002941,1487,704,783
E01002942,1370,692,678
E01003004,1578,763,815
E01003005,1488,738,750
E01002944,1360,653,707
E01002945,1559,778,781
E01002946,1498,711,787
E01002947,1614,831,783
E01002940,1580,758,822
E01002943,1396,674,722
E01002948,2103,987,1116
E01002949,1862,942,920
E01002950,1596,721,875
E01003472,1344,664,680
E01003473,1353,651,702
E01003474,1411,701,710
E01003475,2511,1212,1299
E01003478,1639,807,832
E01003460,1499,744,755
E01003462,1464,712,752
E01003464,1393,693,700
E01003465,1300,631,669
E01003400,1486,752,734
E01003454,1362,650,712
E01003456,1547,802,745
E01003476,1404,699,705
E01003477,1535,760,775
E01003401,1346,628,718
E01003402,1552,760,792
E01003403,1546,749,797
E01003404,1674,820,854
E01003461,1544,763,781
E01003367,2401,1287,1114
E01003369,1656,809,847
E01003370,1979,1001,978
E01003371,1558,792,766
E01003455,1579,821,758
E01003359,1733,842,891
E01003360,1687,821,866
E01003457,1622,808,814
E01003458,1601,786,815
E01003459,2087,1016,1071
E01003394,1931,1049,882
E01003395,1471,744,727
E01003396,1592,834,758
E01003397,1552,828,724
E01003398,1741,882,859
E01003368,1586,805,781
E01003372,1532,775,757
E01003393,1529,805,724
E01003406,1641,782,859
E01003407,1784,892,892
E01003355,1581,803,778
E01003356,1757,872,885
E01003358,1823,907,916
E01003383,1535,785,750
E01003384,1521,760,761
E01003442,1691,793,898
E01003443,1564,749,815
E01003444,1557,751,806
E01003445,1713,854,859
E01003463,1291,617,674
E01003380,1648,794,854
E01003382,1539,744,795
E01003385,1581,790,791
E01003399,1373,686,687
E01003423,1548,743,805
E01003357,1742,804,938
E01003376,1553,758,795
E01003377,1562,752,810
E01003408,1852,937,915
E01003410,1581,755,826
E01003386,2204,1084,1120
E01003388,1439,654,785
E01003389,1764,913,851
E01003392,1299,675,624
E01003409,1710,821,889
E01003387,1604,778,826
E01003391,1333,652,681
E01003411,1729,837,892
E01003412,1660,810,850
E01003435,1312,628,684
E01003361,1646,845,801
E01003424,1533,760,773
E01003425,1440,706,734
E01003426,1749,880,869
E01003428,1457,735,722
E01003366,1502,767,735
E01003381,1451,696,755
E01003446,1668,836,832
E01003447,1545,734,811
E01003471,1576,766,810
E01003413,1900,917,983
E01003414,1591,778,813
E01003415,1632,782,850
E01003416,1512,748,764
E01003434,1489,729,760
E01003373,1465,693,772
E01003378,1992,941,1051
E01003379,1846,861,985
E01003390,1597,787,810
E01003405,1705,844,861
E01003429,1456,714,742
E01003430,1443,688,755
E01003431,1506,694,812
E01003432,1556,742,814
E01003433,1525,759,766
E01003466,1592,792,800
E01003467,1618,801,817
E01003468,1699,843,856
E01003469,1620,799,821
E01003470,1757,850,907
E01003362,1323,639,684
E01003363,1638,813,825
E01003364,1731,847,884
E01003365,1409,694,715
E01003421,1600,805,795
E01003374,1440,690,750
E01003375,1616,769,847
E01003437,1879,933,946
E01003440,1536,763,773
E01003441,1858,918,940
E01003427,1758,907,851
E01003436,1565,797,768
E01003439,1439,729,710
E01003448,1701,804,897
E01003453,1695,836,859
E01003438,1691,822,869
E01003449,1759,892,867
E01003450,1611,776,835
E01003451,1666,806,860
E01003452,1982,984,998
E01003417,1559,769,790
E01003418,1471,739,732
E01003419,1703,847,856
E01003420,1380,679,701
E01003422,1377,687,690
E01003744,1337,647,690
E01003745,1435,709,726
E01003746,1486,715,771
E01003747,1343,670,673
E01003748,1545,756,789
E01003749,1605,762,843
E01003750,1671,806,865
E01003720,1777,823,954
E01003722,1772,866,906
E01003723,1742,804,938
E01003726,1524,722,802
E01003721,1659,788,871
E01003724,1381,668,713
E01003725,1498,690,808
E01003727,1600,751,849
E01003654,1563,745,818
E01003655,1510,730,780
E01003658,1649,804,845
E01003660,1718,880,838
E01003656,1489,707,782
E01003657,2089,1024,1065
E01003659,1640,807,833
E01003698,1385,695,690
E01003699,1415,681,734
E01003700,2240,1085,1155
E01003701,1788,890,898
E01003702,1620,779,841
E01003703,2501,1244,1257
E01003704,1681,795,886
E01003668,1622,767,855
E01003669,1528,751,777
E01003670,1496,763,733
E01003671,1533,758,775
E01003672,1430,670,760
E01003673,1778,902,876
E01003674,2129,1076,1053
E01003707,1335,669,666
E01003708,1476,684,792
E01003709,1627,807,820
E01003710,1515,745,770
E01003759,1459,694,765
E01003760,1783,901,882
E01003761,1771,858,913
E01003762,1620,794,826
E01003763,1875,919,956
E01003764,1962,961,1001
E01003765,1574,767,807
E01003705,2192,1059,1133
E01003706,1594,740,854
E01003711,1812,876,936
E01003712,1359,645,714
E01003646,1749,907,842
E01003648,1437,723,714
E01003649,1633,833,800
E01003651,1471,716,755
E01003639,1758,832,926
E01003640,1771,867,904
E01003641,1704,846,858
E01003642,1695,794,901
E01003774,1764,860,904
E01003775,1736,823,913
E01003776,1653,702,951
E01003777,1772,833,939
E01003778,1839,904,935
E01003779,1585,713,872
E01003780,1516,751,765
E01003647,1786,897,889
E01003650,1513,714,799
E01003652,1549,790,759
E01003653,1471,723,748
E01003638,1611,797,814
E01003643,1833,874,959
E01003644,1562,765,797
E01003645,2610,1309,1301
E01003789,1444,711,733
E01003794,1472,712,760
E01003795,1178,567,611
E01003796,1566,748,818
E01003661,1935,941,994
E01003662,1859,923,936
E01003663,1822,838,984
E01003664,1776,869,907
E01003665,1648,796,852
E01003666,2198,1009,1189
E01033590,1111,547,564
E01033592,1908,945,963
E01003751,1954,952,1002
E01003753,1976,994,982
E01003754,1636,805,831
E01003757,1996,1009,987
E01003769,1730,923,807
E01003770,2609,1327,1282
E01003771,1934,944,990
E01003773,1673,839,834
E01003752,2492,1236,1256
E01003755,2002,1014,988
E01003756,2123,1053,1070
E01003758,2581,1287,1294
E01003766,1900,952,948
E01003767,1864,1016,848
E01003768,1754,911,843
E01003772,1700,856,844
E01003781,1662,831,831
E01003782,1755,877,878
E01003786,1419,680,739
E01003787,1536,763,773
E01003790,1417,695,722
E01003791,1488,732,756
E01003792,1422,685,737
E01003793,1556,710,846
E01003783,2235,1170,1065
E01003784,1760,918,842
E01003785,1904,993,911
E01003788,1852,1007,845
E01003683,2144,1115,1029
E01003684,1780,871,909
E01003685,1822,958,864
E01003686,1952,1013,939
E01003688,1804,910,894
E01003689,1580,817,763
E01033589,1676,888,788
E01033591,1908,951,957
E01003737,1793,871,922
E01003738,2108,1056,1052
E01003739,2121,1087,1034
E01003740,2055,997,1058
E01003741,1737,854,883
E01003742,2085,1095,990
E01003743,1773,884,889
E01003728,2423,1298,1125
E01003729,1751,917,834
E01003730,1693,878,815
E01003732,1655,710,945
E01003733,1767,897,870
E01003731,1461,767,694
E01003734,1796,906,890
E01003735,2339,1097,1242
E01003736,1659,860,799
E01003713,1744,883,861
E01003714,2168,1096,1072
E01003715,1988,1020,968
E01003716,1712,860,852
E01003718,1847,941,906
E01003719,1958,1000,958
E01032581,1652,836,816
E01003690,1711,865,846
E01003691,1434,708,726
E01003692,1592,783,809
E01003693,1541,776,765
E01003694,1462,751,711
E01003695,1533,822,711
E01003696,1877,1036,841
E01003697,1630,833,797
E01003675,1619,785,834
E01003676,1690,847,843
E01003677,1547,787,760
E01003678,1605,798,807
E01003679,1621,800,821
E01003680,1619,822,797
E01003681,1844,859,985
E01003682,1696,861,835
E01003797,1479,680,799
E01003798,1503,724,779
E01003799,1621,790,831
E01003800,1573,753,820
E01003801,1321,653,668
E01003802,1328,681,647
E01003803,1474,699,775
E01003846,1734,846,888
E01003847,1582,755,827
E01003849,1534,763,771
E01003851,1688,799,889
E01003860,1691,862,829
E01003864,1466,699,767
E01003852,1324,675,649
E01003853,1535,737,798
E01003854,1413,678,735
E01003855,1689,817,872
E01003856,1568,725,843
E01003857,1752,802,950
E01003858,1638,781,857
E01003848,1808,878,930
E01003861,1751,856,895
E01003862,1388,657,731
E01003863,1420,655,765
E01003865,1311,627,684
E01033570,1552,801,751
E01033571,1538,751,787
E01003804,1758,841,917
E01003807,1795,888,907
E01003808,1782,829,953
E01003809,1735,850,885
E01003859,1622,798,824
E01003873,1660,827,833
E01003874,1529,740,789
E01003875,1613,801,812
E01003878,1394,637,757
E01003866,1587,816,771
E01003868,1506,766,740
E01003871,1649,797,852
E01003872,1451,731,720
E01003821,1513,791,722
E01003876,1591,791,800
E01003877,1482,726,756
E01003879,1551,763,788
E01003892,2012,997,1015
E01003893,1616,800,816
E01003894,1643,841,802
E01003895,1718,806,912
E01003905,1435,700,735
E01003906,1618,792,826
E01003907,1683,842,841
E01003908,1817,888,929
E01003909,1569,781,788
E01003867,1492,754,738
E01003869,1617,811,806
E01003870,1870,922,948
E01003910,1630,791,839
E01003805,1673,824,849
E01003806,1605,794,811
E01003816,1707,840,867
E01003817,1913,1004,909
E01003840,1584,780,804
E01003841,1932,975,957
E01003842,1677,808,869
E01003843,2044,1014,1030
E01003844,1450,704,746
E01003845,1626,798,828
E01003882,1797,875,922
E01003883,1775,905,870
E01003896,1646,858,788
E01003897,1761,845,916
E01003898,1490,718,772
E01003899,1377,660,717
E01003900,1562,752,810
E01003901,1640,798,842
E01003902,1296,643,653
E01003903,1627,806,821
E01003904,1536,738,798
E01003880,1468,710,758
E01003881,1837,848,989
E01003884,1594,801,793
E01003885,1516,746,770
E01003818,1560,763,797
E01003819,1675,828,847
E01003820,1949,918,1031
E01003811,1548,755,793
E01003812,1836,886,950
E01003890,1509,707,802
E01003891,1715,822,893
E01003810,1605,800,805
E01003813,1630,809,821
E01003814,1714,778,936
E01003815,1798,868,930
E01003828,1517,729,788
E01003829,1675,804,871
E01003830,1760,864,896
E01003831,1618,775,843
E01003832,1431,681,750
E01003833,1386,650,736
E01003886,1699,828,871
E01003887,1724,827,897
E01003888,1907,892,1015
E01003889,1776,892,884
E01003834,1720,875,845
E01003835,1527,748,779
E01003836,1505,702,803
E01003837,1812,878,934
E01003838,1786,869,917
E01003839,1871,902,969
E01003822,1444,680,764
E01003823,1638,795,843
E01003824,1661,807,854
E01003825,1762,859,903
E01003826,1768,814,954
E01003827,1712,839,873
E01004125,1583,761,822
E01004183,1667,784,883
E01004184,1590,746,844
E01004185,1452,705,747
E01004189,1879,877,1002
E01004123,2126,1056,1070
E01004124,1826,905,921
E01004126,1509,697,812
E01004128,1488,705,783
E01004129,1772,840,932
E01004130,1598,776,822
E01004131,1632,780,852
E01004134,1435,704,731
E01004135,1448,708,740
E01004136,1553,795,758
E01004164,1476,740,736
E01004166,1449,696,753
E01004169,1135,550,585
E01004186,1724,865,859
E01004188,1711,811,900
E01004127,1645,767,878
E01004163,1541,760,781
E01004165,1668,805,863
E01004167,1318,622,696
E01004187,1607,804,803
E01004117,1464,725,739
E01004121,1566,790,776
E01004192,1931,914,1017
E01004193,2328,1128,1200
E01004195,1578,779,799
E01004144,1627,826,801
E01004145,2131,1031,1100
E01004146,1710,815,895
E01004147,1585,751,834
E01004116,1608,757,851
E01004122,1372,690,682
E01004190,1367,693,674
E01004191,1651,820,831
E01004194,1356,671,685
E01004196,1444,700,744
E01004115,1750,831,919
E01004118,1675,826,849
E01004119,1418,722,696
E01004132,1536,754,782
E01004133,1510,751,759
E01004171,1518,739,779
E01004172,1549,742,807
E01004173,1385,668,717
E01004175,1614,770,844
E01004176,1419,670,749
E01004076,1487,722,765
E01004077,1560,772,788
E01004078,1617,807,810
E01004079,1399,713,686
E01004080,1332,655,677
E01004081,1507,738,769
E01004082,1407,694,713
E01004137,1518,770,748
E01004140,1509,765,744
E01004141,1555,733,822
E01004142,2038,1012,1026
E01004149,1710,827,883
E01004101,1361,680,681
E01004103,1577,745,832
E01004138,1552,768,784
E01004139,1368,669,699
E01004168,1576,769,807
E01004143,1453,680,773
E01004148,1592,750,842
E01004159,1528,787,741
E01004160,1575,794,781
E01004161,1444,685,759
E01004097,1676,831,845
E01004098,1256,612,644
E01004099,1441,698,743
E01004100,1354,676,678
E01004102,1374,667,707
E01004110,1828,917,911
E01004111,1511,743,768
E01004112,1636,781,855
E01004120,1538,745,793
E01004157,1274,611,663
E01004087,1465,722,743
E01004170,1721,840,881
E01004174,1444,703,741
E01004178,1979,982,997
E01004179,1567,774,793
E01004152,1562,724,838
E01004155,1628,789,839
E01004156,1687,808,879
E01004158,1479,734,745
E01004162,1549,745,804
E01004083,1420,662,758
E01004086,1617,785,832
E01004088,1818,835,983
E01004089,1290,608,682
E01004182,1546,713,833
E01004104,1528,753,775
E01004107,1529,711,818
E01004177,1754,767,987
E01004180,1711,815,896
E01004181,1643,793,850
E01004090,1193,587,606
E01004096,1426,680,746
E01004150,1560,749,811
E01004151,1711,843,868
E01004153,1708,878,830
E01004091,1282,623,659
E01004092,1437,691,746
E01004105,1819,900,919
E01004106,1529,744,785
E01004154,1430,729,701
E01004084,1462,724,738
E01004085,1595,777,818
E01004108,1714,835,879
E01004109,1596,779,817
E01004093,1522,729,793
E01004094,1677,808,869
E01004095,1511,754,757
E01004114,1735,847,888
E01032623,1825,865,960
E01004349,1439,676,763
E01004350,1753,811,942
E01004351,1601,775,826
E01004356,1630,801,829
E01004357,1556,741,815
E01004352,1920,974,946
E01004353,1806,840,966
E01004354,1768,856,912
E01004358,1647,766,881
E01004359,1673,825,848
E01004384,1823,850,973
E01004385,1384,635,749
E01004386,1661,815,846
E01004389,1613,777,836
E01004390,1596,735,861
E01004355,1599,770,829
E01004360,1331,672,659
E01004413,1564,711,853
E01004415,1559,728,831
E01004416,1697,869,828
E01004361,1294,647,647
E01004414,1607,774,833
E01004417,1663,779,884
E01004451,1726,823,903
E01004452,1630,786,844
E01004450,1655,814,841
E01004453,1625,799,826
E01004454,1714,828,886
E01004455,1537,742,795
E01004456,1557,711,846
E01004379,1430,689,741
E01004380,1511,694,817
E01004381,1815,891,924
E01004383,1634,781,853
E01004387,1500,731,769
E01004388,1481,713,768
E01004343,1794,890,904
E01004344,1840,947,893
E01004382,1350,625,725
E01004418,1653,803,850
E01004419,1594,788,806
E01004398,1966,944,1022
E01004399,1733,797,936
E01004400,1723,868,855
E01004402,1804,907,897
E01004403,1817,907,910
E01004345,1925,939,986
E01004348,2688,1365,1323
E01004377,1782,862,920
E01004378,1833,939,894
E01004342,2143,1156,987
E01004346,1713,832,881
E01004347,1983,952,1031
E01004460,1955,973,982
E01004462,1795,893,902
E01004396,1854,939,915
E01004457,1894,959,935
E01004458,1862,915,947
E01004459,1635,749,886
E01004463,2003,1002,1001
E01004407,1633,811,822
E01004410,1898,886,1012
E01004464,1579,789,790
E01004469,1640,804,836
E01004470,1524,753,771
E01004471,1724,830,894
E01004391,1849,910,939
E01004393,2391,1520,871
E01004401,2102,1072,1030
E01004404,2049,1008,1041
E01004461,2125,1047,1078
E01004412,1739,830,909
E01004465,1502,711,791
E01004466,1623,798,825
E01004467,2155,1035,1120
E01004468,1621,814,807
E01004406,1859,952,907
E01004408,1749,855,894
E01004409,1661,843,818
E01004411,1721,905,816
E01004443,1833,923,910
E01004447,1875,960,915
E01004392,2283,1200,1083
E01004394,1821,922,899
E01004397,2316,1190,1126
E01004444,2537,1244,1293
E01004446,1915,971,944
E01004395,1613,823,790
E01004421,2149,1088,1061
E01004445,1741,871,870
E01004448,1897,918,979
E01004449,1838,882,956
E01004363,1565,790,775
E01004364,1738,883,855
E01004366,1891,978,913
E01004367,1637,851,786
E01004368,1875,964,911
E01004365,2289,1174,1115
E01004405,1652,815,837
E01004420,2134,1113,1021
E01004423,1903,985,918
E01033153,2616,1249,1367
E01004362,1614,855,759
E01004436,1712,898,814
E01004437,1885,987,898
E01004439,1678,845,833
E01004442,1754,945,809
E01004422,1662,845,817
E01004424,1833,928,905
E01004425,2090,1024,1066
E01004426,1787,893,894
E01004427,2113,1057,1056
E01004369,1766,917,849
E01004370,1786,900,886
E01004372,1831,931,900
E01004432,1755,869,886
E01004435,2033,971,1062
E01004333,1769,883,886
E01004334,1507,692,815
E01004438,2065,1138,927
E01004440,2164,1164,1000
E01004441,1621,850,771
E01004371,1703,877,826
E01004373,1779,942,837
E01004374,1890,953,937
E01004375,1855,908,947
E01004376,1994,1016,978
E01004336,1699,868,831
E01004428,1763,827,936
E01004429,1772,877,895
E01004430,2200,1188,1012
E01004434,2045,1026,1019
E01004335,1843,866,977
E01004337,1966,1013,953
E01004338,1772,921,851
E01004339,1814,931,883
E01004340,1849,918,931
E01004341,1757,872,885
E01004327,1213,622,591
E01004328,1840,994,846
E01004329,1931,1067,864
E01004330,1834,974,860
E01004331,1856,992,864
E01004332,1849,979,870
E01016252,1410,701,709
E01016253,1395,687,708
E01032727,3011,1421,1590
E01016184,2168,1063,1105
E01016185,1376,678,698
E01016186,1825,916,909
E01016187,1636,807,829
E01016188,1684,830,854
E01016190,1534,766,768
E01016238,1234,602,632
E01016243,1498,751,747
E01016245,2363,1176,1187
E01016246,1584,741,843
E01016247,1654,828,826
E01016239,1490,720,770
E01016240,1535,753,782
E01016241,1616,804,812
E01016242,1728,847,881
E01016180,1499,736,763
E01016181,1455,622,833
E01016182,1520,730,790
E01016183,1279,622,657
E01016222,1269,629,640
E01016191,1660,822,838
E01016223,1434,729,705
E01016224,1734,850,884
E01016226,1361,690,671
E01032724,1343,666,677
E01032728,1392,689,703
E01016225,2164,1070,1094
E01016233,2307,1130,1177
E01016248,1543,724,819
E01016249,1467,742,725
E01016250,1601,779,822
E01016200,1351,668,683
E01016201,1344,671,673
E01016202,1191,610,581
E01016203,1311,598,713
E01016204,1212,591,621
E01016209,1491,735,756
E01016210,1224,592,632
E01016213,1143,558,585
E01016214,1374,670,704
E01016215,1255,613,642
E01032725,1585,774,811
E01032726,1421,690,731
E01016205,1327,657,670
E01016217,1404,697,707
E01016218,1375,693,682
E01016231,1894,966,928
E01016232,1410,687,723
E01016212,1301,651,650
E01016216,1296,632,664
E01016219,1341,663,678
E01016220,1379,686,693
E01016221,1264,620,644
E01016206,1789,871,918
E01016208,1927,934,993
E01016229,1181,567,614
E01016230,1795,1006,789
E01016207,1537,816,721
E01016234,1150,570,580
E01016235,1339,669,670
E01016236,1436,698,738
E01016237,1191,596,595
E01016192,1400,704,696
E01016194,1251,613,638
E01016195,1138,557,581
E01016227,1340,665,675
E01016228,1541,759,782
E01016193,1228,594,634
E01016196,2496,1580,916
E01016197,1351,663,688
E01016198,1211,575,636
E01016199,1242,627,615
E01016924,1518,714,804
E01016926,1530,741,789
E01016927,1548,744,804
E01016929,1587,775,812
E01016931,1543,729,814
E01016898,2246,1110,1136
E01016899,3321,1568,1753
E01016914,2380,1101,1279
E01016915,1544,755,789
E01016923,1586,752,834
E01016928,1602,775,827
E01016998,1504,748,756
E01016999,1410,669,741
E01017000,1722,833,889
E01016925,1520,743,777
E01016930,1843,893,950
E01017001,1504,730,774
E01017003,1647,779,868
E01016916,1457,714,743
E01016917,1368,678,690
E01016918,1425,671,754
E01016919,1379,662,717
E01016920,1571,745,826
E01016882,1454,650,804
E01016883,1455,701,754
E01016884,1594,782,812
E01016885,1370,615,755
E01016886,1557,753,804
E01016980,1500,737,763
E01016982,1302,617,685
E01016983,1431,697,734
E01016984,1475,750,725
E01016985,1583,794,789
E01016900,1678,860,818
E01016902,1501,735,766
E01016904,1589,790,799
E01016905,1723,869,854
E01016909,1891,970,921
E01016906,1610,769,841
E01016907,1811,910,901
E01016908,1535,744,791
E01016910,1527,746,781
E01016911,1539,752,787
E01016901,1661,774,887
E01016903,1962,965,997
E01016934,1404,685,719
E01016939,1631,769,862
E01016940,1702,812,890
E01016981,1657,811,846
E01017002,1703,838,865
E01017004,1688,855,833
E01017005,1702,833,869
E01017006,1572,812,760
E01016921,1553,727,826
E01016922,1282,615,667
E01016973,1528,741,787
E01016977,1540,751,789
E01016978,1671,851,820
E01016879,1527,728,799
E01016880,1357,650,707
E01016881,1510,744,766
E01016887,1425,671,754
E01016888,1495,710,785
E01016976,1660,828,832
E01016932,1635,824,811
E01016933,1506,727,779
E01016935,1574,765,809
E01016936,1634,832,802
E01016937,2041,1092,949
E01016890,1747,900,847
E01016966,1796,909,887
E01016970,1636,777,859
E01016971,1955,991,964
E01016972,1850,874,976
E01016979,1654,812,842
E01016990,1678,833,845
E01016991,1765,822,943
E01016996,1663,779,884
E01017007,1623,771,852
E01017008,1635,795,840
E01017009,1536,732,804
E01017010,1782,852,930
E01017011,1408,659,749
E01017012,1809,901,908
E01016892,1722,791,931
E01016893,1900,943,957
E01016912,1890,937,953
E01016913,1745,861,884
E01016946,1484,766,718
E01016860,1524,770,754
E01016871,1785,908,877
E01016872,1826,963,863
E01016873,1698,881,817
E01016878,1871,917,954
E01016870,1597,813,784
E01016874,1818,892,926
E01016875,1643,836,807
E01016876,1625,764,861
E01016877,1826,884,942
E01016974,1637,785,852
E01016975,1516,703,813
E01016992,1598,762,836
E01016994,1653,791,862
E01016997,1582,738,844
E01016889,1867,962,905
E01016891,1770,935,835
E01016894,1894,944,950
E01016896,1767,901,866
E01016897,1781,880,901
E01016987,1857,898,959
E01016989,1610,766,844
E01016993,1438,690,748
E01016995,1714,809,905
E01016938,1784,974,810
E01016950,1712,868,844
E01016951,1435,754,681
E01016967,1921,1037,884
E01016968,1585,838,747
E01016864,1478,722,756
E01016865,1586,761,825
E01016866,1466,687,779
E01016867,1450,700,750
E01016868,1548,771,777
E01016895,1558,737,821
E01016849,1539,840,699
E01016852,1593,873,720
E01016853,1872,975,897
E01016855,1733,957,776
E01016856,1629,832,797
E01016952,1625,921,704
E01016953,1627,878,749
E01016964,2101,1080,1021
E01016969,2019,1143,876
E01033328,1451,768,683
E01033329,1995,1037,958
E01016857,1523,774,749
E01016858,1439,752,687
E01016859,1454,733,721
E01016986,1625,758,867
E01016988,1531,707,824
E01016850,1740,945,795
E01016851,1709,930,779
E01016854,1662,887,775
E01016954,1811,981,830
E01016955,1747,1022,725
E01016941,1917,1096,821
E01016945,1623,956,667
E01016947,1607,844,763
E01016948,1775,880,895
E01016949,1723,893,830
E01016861,1610,891,719
E01016862,1578,854,724
E01016942,1727,861,866
E01016943,1585,796,789
E01016944,1583,862,721
E01016863,1579,811,768
E01016869,1788,910,878
E01016957,1774,874,900
E01016963,1906,1020,886
E01016956,1555,745,810
E01016958,1733,811,922
E01016959,1470,705,765
E01016960,1753,806,947
E01016961,1767,882,885
E01016962,1693,792,901
E01017300,2234,1066,1168
E01017303,1218,604,614
E01017305,1386,688,698
E01017306,1350,635,715
E01017309,1642,808,834
E01017301,1066,502,564
E01017302,1747,868,879
E01017304,1404,675,729
E01017316,1682,813,869
E01017329,2311,1129,1182
E01017307,1949,944,1005
E01017308,1766,838,928
E01033229,1381,661,720
E01033237,1363,651,712
E01017335,1520,754,766
E01017336,1604,811,793
E01017337,1611,800,811
E01017346,1498,714,784
E01017286,1537,758,779
E01017287,1648,771,877
E01017367,1918,909,1009
E01017368,1559,726,833
E01017282,1404,680,724
E01017283,1581,772,809
E01017338,1390,662,728
E01017341,1558,725,833
E01017342,1731,827,904
E01017339,1662,790,872
E01017340,1784,815,969
E01017343,1330,678,652
E01017344,1652,813,839
E01017345,1980,940,1040
E01017310,1411,675,736
E01017311,1515,728,787
E01017331,1473,712,761
E01017332,1272,610,662
E01017334,1792,1161,631
E01017295,1265,595,670
E01017325,1305,628,677
E01017326,1580,785,795
E01017328,1444,705,739
E01017333,2900,1993,907
E01017284,1775,814,961
E01017285,1913,882,1031
E01017288,1213,563,650
E01017351,1402,670,732
E01017352,1147,536,611
E01017292,1594,770,824
E01017293,2017,981,1036
E01017296,1281,608,673
E01017321,1188,555,633
E01017322,1493,712,781
E01017327,1653,802,851
E01017312,1563,738,825
E01017315,1500,710,790
E01017354,1186,567,619
E01017361,1436,676,760
E01017362,1491,715,776
E01033239,2306,1082,1224
E01017290,1332,656,676
E01017291,1157,532,625
E01017294,1594,788,806
E01017353,1225,605,620
E01017289,2034,967,1067
E01017347,1636,789,847
E01017348,1495,726,769
E01017349,2149,1041,1108
E01017350,1905,921,984
E01017317,1549,751,798
E01017320,1091,492,599
E01017323,1158,576,582
E01017324,1464,729,735
E01017355,1528,741,787
E01017358,1295,598,697
E01017318,1186,564,622
E01017319,1291,589,702
E01017356,1551,749,802
E01017357,1509,734,775
E01017359,1483,735,748
E01017360,1706,857,849
E01017297,1437,693,744
E01017298,1502,729,773
E01017299,1219,609,610
E01017369,1459,717,742
E01017363,1543,761,782
E01017364,1509,739,770
E01017365,1455,695,760
E01017366,1469,693,776
E01017370,1753,848,905
E01016070,1676,833,843
E01016071,1648,808,840
E01016072,1298,638,660
E01016074,1688,816,872
E01016142,1273,666,607
E01016144,1502,766,736
E01016145,1346,665,681
E01016149,1435,712,723
E01016073,2023,984,1039
E01016075,1435,689,746
E01016076,2406,1190,1216
E01016077,1482,700,782
E01016143,2346,1149,1197
E01016146,2019,983,1036
E01016147,1916,929,987
E01016148,1968,994,974
E01016133,1372,678,694
E01016134,1429,702,727
E01016138,1514,720,794
E01016139,1683,821,862
E01016135,1534,732,802
E01016136,1567,771,796
E01016137,1553,769,784
E01016140,1427,734,693
E01016141,1687,851,836
E01016035,1862,922,940
E01016112,2847,1483,1364
E01032798,3549,2134,1415
E01016151,1617,775,842
E01016152,1484,739,745
E01016153,1433,676,757
E01016155,1553,742,811
E01016033,1145,561,584
E01016036,2451,1245,1206
E01016037,1709,840,869
E01016039,1670,871,799
E01016030,1859,871,988
E01016032,1326,641,685
E01016034,2568,1348,1220
E01016038,1512,767,745
E01016150,1605,779,826
E01016154,1606,804,802
E01016156,1677,821,856
E01016157,1958,930,1028
E01016158,2143,1032,1111
E01016031,1752,900,852
E01016041,1660,870,790
E01016045,1666,864,802
E01016049,1922,1000,922
E01016040,1764,880,884
E01016042,1510,775,735
E01016043,1416,696,720
E01016177,1567,755,812
E01016178,1530,747,783
E01016117,1764,875,889
E01016129,1924,1015,909
E01016130,1891,1004,887
E01016131,1735,827,908
E01016016,1521,760,761
E01016017,1576,812,764
E01016019,1866,938,928
E01016110,2072,1014,1058
E01016111,1244,660,584
E01016044,1704,856,848
E01016046,1528,757,771
E01016047,1725,880,845
E01016048,1699,868,831
E01016113,1486,737,749
E01016114,1584,768,816
E01016115,1944,937,1007
E01016118,1741,855,886
E01016160,1474,703,771
E01016161,1543,706,837
E01016162,1646,821,825
E01016163,1331,644,687
E01016164,1495,707,788
E01016165,1300,637,663
E01016159,1381,637,744
E01016174,1400,711,689
E01016175,1840,916,924
E01016179,1381,694,687
E01016061,1695,898,797
E01016063,1633,849,784
E01016064,1566,811,755
E01016069,1810,961,849
E01016020,1244,592,652
E01016021,1527,792,735
E01016022,1427,684,743
E01016125,1763,883,880
E01016018,1986,1006,980
E01016023,1686,812,874
E01016024,1958,981,977
E01016062,1505,740,765
E01016093,1548,770,778
E01016096,1430,677,753
E01016166,1450,722,728
E01016167,1428,710,718
E01016116,1832,874,958
E01016127,1519,748,771
E01016128,2068,1305,763
E01016132,1642,822,820
E01016094,1456,703,753
E01016095,1303,614,689
E01016097,1448,707,741
E01016098,1378,613,765
E01016102,1445,687,758
E01016119,1522,745,777
E01016120,1374,681,693
E01016124,1690,825,865
E01016126,1691,820,871
E01016025,1622,760,862
E01016065,1410,691,719
E01016066,1490,701,789
E01016067,1611,777,834
E01016068,1659,788,871
E01016026,1258,630,628
E01016027,1528,752,776
E01016028,1357,652,705
E01016029,1305,639,666
E01016087,1681,830,851
E01016088,1514,738,776
E01016089,1580,768,812
E01016090,1495,731,764
E01016085,1615,782,833
E01016086,1300,602,698
E01016091,1514,746,768
E01016176,1525,754,771
E01016058,1473,719,754
E01016059,1344,649,695
E01016079,1353,678,675
E01016083,1334,626,708
E01016084,1518,727,791
E01016101,1470,722,748
E01016103,1458,725,733
E01016104,1428,691,737
E01016107,1547,800,747
E01016121,1535,739,796
E01016122,1529,738,791
E01016123,1574,772,802
E01016173,1590,778,812
E01016078,1517,754,763
E01016080,1513,743,770
E01016081,1611,784,827
E01016082,1587,787,800
E01016050,1698,839,859
E01016051,1599,801,798
E01016052,1684,814,870
E01016053,1548,722,826
E01016054,1474,734,740
E01016092,1553,763,790
E01016099,1526,739,787
E01016100,1533,710,823
E01016105,1416,697,719
E01016106,1450,713,737
E01016168,1556,758,798
E01016169,1709,854,855
E01016171,1578,748,830
E01016172,1448,723,725
E01016055,1552,776,776
E01016056,1391,676,715
E01016057,1712,856,856
E01016060,1607,789,818
E01016170,1639,801,838
E01016796,1526,725,801
E01016797,1782,822,960
E01016798,1924,962,962
E01016799,1871,926,945
E01016800,1632,798,834
E01016759,1378,677,701
E01016760,2386,1162,1224
E01016761,1368,702,666
E01016801,1350,654,696
E01016802,1433,690,743
E01016803,1319,649,670
E01016786,1432,671,761
E01016787,1658,778,880
E01016788,1611,794,817
E01016789,1334,637,697
E01016790,1357,655,702
E01016791,1437,696,741
E01016792,1299,631,668
E01016793,1948,975,973
E01016794,1483,750,733
E01016795,1559,760,799
E01016762,1278,619,659
E01016764,1431,713,718
E01016766,1352,650,702
E01016767,1324,645,679
E01016771,1370,639,731
E01016806,1955,957,998
E01016807,1733,872,861
E01016809,1424,669,755
E01016835,1632,780,852
E01016763,1340,653,687
E01016769,1400,696,704
E01016770,1674,824,850
E01016773,1801,867,934
E01016836,1677,863,814
E01016837,1858,942,916
E01016838,1606,795,811
E01016841,2117,1047,1070
E01016721,1666,847,819
E01016765,1672,779,893
E01016772,1385,674,711
E01016804,1648,779,869
E01016812,1562,761,801
E01016817,1523,737,786
E01016818,1699,802,897
E01016840,2598,1276,1322
E01016719,1458,718,740
E01016722,1634,812,822
E01016805,1342,693,649
E01016808,1367,665,702
E01016810,1319,635,684
E01016811,1507,740,767
E01016819,1158,550,608
E01016839,1636,766,870
E01016717,1545,764,781
E01016720,1554,740,814
E01016723,1738,900,838
E01016724,1728,938,790
E01016718,1615,834,781
E01016729,2213,1154,1059
E01016768,2042,1121,921
E01033499,1393,789,604
E01033500,1333,793,540
E01016776,1468,739,729
E01016813,1398,690,708
E01016815,1324,695,629
E01016816,1493,719,774
E01016731,1497,723,774
E01016732,1432,691,741
E01016784,1615,831,784
E01033501,2062,1053,1009
E01033506,2037,1059,978
E01016783,1944,947,997
E01016820,1648,801,847
E01016821,1465,674,791
E01016823,1703,839,864
E01033503,1554,751,803
E01033508,1716,867,849
E01033509,1665,841,824
E01033511,1514,803,711
E01033512,1668,841,827
E01016726,1709,926,783
E01016733,1911,1008,903
E01016845,1894,928,966
E01016846,1635,795,840
E01016848,1497,740,757
E01016780,1736,847,889
E01016781,1533,751,782
E01016814,1642,836,806
E01033505,1776,1091,685
E01033522,1448,759,689
E01033523,1491,742,749
E01033525,1756,854,902
E01016774,1781,876,905
E01016775,1733,807,926
E01016777,1618,806,812
E01016778,1768,868,900
E01016725,1633,835,798
E01016727,1742,893,849
E01016728,1996,1051,945
E01016847,2065,998,1067
E01016822,1561,773,788
E01016824,1622,803,819
E01016825,1516,757,759
E01016827,1692,833,859
E01016828,1795,896,899
E01016842,1594,783,811
E01016843,1526,773,753
E01016844,1613,785,828
E01033497,1074,527,547
E01033498,1326,692,634
E01016734,1219,607,612
E01016735,2071,1052,1019
E01016736,1382,618,764
E01016826,1557,778,779
E01016752,1742,838,904
E01016753,2242,1089,1153
E01016755,1905,942,963
E01033514,1465,742,723
E01033515,1950,965,985
E01033517,1598,800,798
E01016754,1652,795,857
E01016756,2287,1064,1223
E01016757,1579,803,776
E01016758,1725,840,885
E01016737,1641,793,848
E01016738,1815,797,1018
E01016739,1569,790,779
E01016740,1367,686,681
E01016741,1670,838,832
E01016748,1977,1005,972
E01016750,1629,802,827
E01016751,1614,787,827
E01033519,1870,909,961
E01033520,1809,890,919
E01016829,1564,729,835
E01016831,1555,750,805
E01016832,1279,628,651
E01016833,1290,632,658
E01016834,1543,742,801
E01016710,1738,791,947
E01016714,1883,916,967
E01016716,1871,954,917
E01016745,1567,779,788
E01016711,2370,1213,1157
E01016713,1670,824,846
E01016715,1649,773,876
E01016830,1231,600,631
E01016742,1643,784,859
E01016743,2024,958,1066
E01016744,1603,799,804
E01016746,1726,805,921
E01017112,1838,912,926
E01017115,1359,674,685
E01017117,1570,753,817
E01017119,1730,848,882
E01017120,1492,723,769
E01017051,1907,928,979
E01017052,1419,694,725
E01017053,1349,642,707
E01017118,1564,738,826
E01017050,1549,757,792
E01017061,1694,864,830
E01017063,1611,786,825
E01017064,1655,759,896
E01017054,1412,686,726
E01017113,1510,722,788
E01017114,1351,705,646
E01017116,1596,774,822
E01017055,1575,759,816
E01017056,1371,665,706
E01017057,1517,770,747
E01017058,1731,848,883
E01017060,1549,741,808
E01017086,1325,639,686
E01017089,1604,745,859
E01017090,1557,766,791
E01017091,1546,714,832
E01017092,1493,720,773
E01017014,1590,803,787
E01017046,1708,868,840
E01017047,1647,782,865
E01017048,1576,777,799
E01017085,1428,684,744
E01017084,1429,717,712
E01017087,1459,737,722
E01017088,1711,860,851
E01017105,1402,699,703
E01017107,1537,768,769
E01017104,1163,577,586
E01017106,1498,710,788
E01017108,1551,760,791
E01017109,1358,656,702
E01017041,1398,703,695
E01017043,1465,712,753
E01017044,1537,799,738
E01017049,1498,763,735
E01017110,1465,716,749
E01017111,1454,708,746
E01017013,1605,775,830
E01017042,1412,691,721
E01017045,1367,676,691
E01017075,1629,802,827
E01017082,1744,903,841
E01017083,1734,827,907
E01017036,1568,755,813
E01017037,1492,703,789
E01017038,1631,791,840
E01017102,1570,802,768
E01017103,1252,599,653
E01017015,1467,727,740
E01017016,1587,783,804
E01017017,1522,739,783
E01017018,1601,786,815
E01017019,1998,1073,925
E01017020,2293,1131,1162
E01017076,1627,825,802
E01017077,1729,854,875
E01017078,1570,791,779
E01017079,1579,862,717
E01017080,2048,1052,996
E01017081,1654,812,842
E01017031,1939,973,966
E01017032,2607,1335,1272
E01017034,1892,1161,731
E01017039,1754,849,905
E01017040,1479,750,729
E01033381,1401,786,615
E01033383,1295,626,669
E01017021,1458,685,773
E01017093,1617,856,761
E01017096,1404,673,731
E01017099,1631,799,832
E01017100,1459,718,741
E01017101,1550,758,792
E01017035,1584,721,863
E01017128,1652,923,729
E01017129,1918,1094,824
E01017130,1917,942,975
E01017132,2689,1314,1375
E01017133,1868,986,882
E01017023,1694,889,805
E01017025,2066,1110,956
E01017026,1956,930,1026
E01017029,1752,922,830
E01017030,1988,977,1011
E01017022,1423,740,683
E01017024,1810,985,825
E01017027,1794,998,796
E01017028,2177,1175,1002
E01017124,1747,889,858
E01017094,1557,795,762
E01017095,1811,888,923
E01017097,1637,835,802
E01017098,1445,683,762
E01017122,1743,953,790
E01017125,1796,896,900
E01017127,1924,1103,821
E01017135,1685,926,759
E01017067,1470,732,738
E01017068,1773,873,900
E01017069,1900,875,1025
E01017070,1520,762,758
E01017074,1862,957,905
E01017073,1737,877,860
E01017123,2002,1067,935
E01017131,1967,1032,935
E01033380,1510,890,620
E01033384,1428,754,674
E01017071,1702,932,770
E01017072,1627,830,797
E01017121,1706,909,797
E01017126,1761,953,808
E01017059,1543,740,803
E01017062,1621,801,820
E01017066,1825,892,933
E01032604,1556,792,764
E01016407,1512,736,776
E01016408,1503,748,755
E01016410,1646,804,842
E01016411,1571,752,819
E01016412,1549,749,800
E01016386,1456,714,742
E01016387,1549,770,779
E01016425,1768,880,888
E01016426,1410,687,723
E01016430,1418,693,725
E01016364,1414,702,712
E01016409,1714,796,918
E01016427,1618,734,884
E01016428,1866,903,963
E01016429,1621,765,856
E01016362,1514,758,756
E01016363,1860,885,975
E01016365,1585,822,763
E01016366,1582,795,787
E01016367,1578,778,800
E01016380,1643,811,832
E01016383,1484,694,790
E01016384,1637,813,824
E01016431,1597,772,825
E01016432,1469,693,776
E01016381,1458,720,738
E01016382,1746,856,890
E01016385,1666,810,856
E01016396,1275,630,645
E01016397,1391,658,733
E01016355,1836,974,862
E01016358,1724,923,801
E01016359,2093,1028,1065
E01016360,2057,1098,959
E01016361,1743,871,872
E01016356,1557,793,764
E01016357,1668,902,766
E01016395,1388,664,724
E01016398,1700,868,832
E01016399,1416,735,681
E01016400,1481,750,731
E01016394,1355,625,730
E01016433,1379,678,701
E01016434,1770,841,929
E01016435,1410,670,740
E01016436,1530,752,778
E01016402,1911,965,946
E01016404,2050,1050,1000
E01016405,2079,1125,954
E01016406,1602,855,747
E01033417,1095,601,494
E01033421,1780,935,845
E01016353,1797,966,831
E01016378,2083,1113,970
E01016391,1835,918,917
E01033415,1535,924,611
E01033418,1171,654,517
E01033420,1130,636,494
E01033422,1117,602,515
E01033423,1168,623,545
E01016401,1509,763,746
E01016403,1951,1000,951
E01016416,1637,876,761
E01016417,1726,879,847
E01016418,1640,812,828
E01016388,1435,695,740
E01016389,1736,813,923
E01016390,1540,799,741
E01016392,2041,1052,989
E01016393,1554,768,786
E01016374,1626,843,783
E01016375,1258,634,624
E01016376,1535,783,752
E01016379,1750,964,786
E01016413,1764,862,902
E01016414,1610,836,774
E01016419,1675,831,844
E01016420,1395,669,726
E01016421,1316,612,704
E01016422,1359,637,722
E01016423,1480,674,806
E01016424,1323,655,668
E01016370,3093,1492,1601
E01016371,1669,817,852
E01016373,1515,734,781
E01016415,1611,841,770
E01016368,1412,691,721
E01016372,1274,620,654
E01016377,1641,843,798
E01016438,1294,626,668
E01016442,2805,1434,1371
E01016443,1505,712,793
E01016369,1603,779,824
E01016437,1415,707,708
E01016439,1534,747,787
E01016440,1458,732,726
E01016441,1449,668,781
E01016450,1609,774,835
E01016451,1620,789,831
E01016452,1660,821,839
E01016453,1559,776,783
E01016454,1531,758,773
E01016455,1397,642,755
E01016483,1798,926,872
E01016484,1578,808,770
E01016485,1725,900,825
E01016486,1650,799,851
E01016487,1777,888,889
E01016488,1806,903,903
E01016493,1237,596,641
E01016494,1929,971,958
E01016495,1467,716,751
E01016496,1298,606,692
E01016497,1442,702,740
E01016498,1642,796,846
E01016499,1342,666,676
E01016444,1715,842,873
E01016445,1824,860,964
E01016446,1613,801,812
E01016447,1818,934,884
E01016448,2349,1211,1138
E01016449,2131,1054,1077
E01016516,1723,866,857
E01016517,1522,767,755
E01016518,1735,902,833
E01016519,2556,1145,1411
E01016520,1681,833,848
E01016521,1800,893,907
E01016467,1457,742,715
E01016468,1712,843,869
E01016469,1643,828,815
E01016470,1615,825,790
E01016471,1354,637,717
E01016472,1666,817,849
E01016456,2112,1121,991
E01016457,1892,939,953
E01016458,1746,823,923
E01016459,2210,1126,1084
E01016460,1869,931,938
E01016461,2535,1321,1214
E01016473,2136,1062,1074
E01016474,1957,965,992
E01016475,2083,1038,1045
E01016476,1760,881,879
E01016477,2343,1171,1172
E01016478,1837,935,902
E01016462,2395,1277,1118
E01016463,1950,1056,894
E01016464,1892,1020,872
E01016465,2732,1390,1342
E01032729,1636,850,786
E01032730,1512,773,739
E01016506,1765,926,839
E01016507,1580,765,815
E01016508,1741,853,888
E01016509,1521,766,755
E01016510,1472,732,740
E01016511,1835,943,892
E01016512,1843,962,881
E01016513,1927,950,977
E01016514,1741,886,855
E01016515,2040,981,1059
E01016500,1796,852,944
E01016501,1597,765,832
E01016502,1458,706,752
E01016503,1546,776,770
E01016504,1419,705,714
E01016505,1688,835,853
E01016490,1956,952,1004
E01016491,1707,881,826
E01016492,1673,823,850
E01032731,1547,773,774
E01032732,1618,803,815
E01016479,1592,829,763
E01016480,1377,670,707
E01016481,1457,756,701
E01016482,1731,914,817
E01017144,1218,623,595
E01017145,1427,721,706
E01017146,2223,1143,1080
E01017148,2185,1089,1096
E01017149,1400,751,649
E01017180,1491,725,766
E01017181,1405,690,715
E01017183,1628,803,825
E01017185,1767,860,907
E01017187,1587,777,810
E01017264,2582,1322,1260
E01017265,1632,786,846
E01017270,1355,711,644
E01017271,1086,552,534
E01017182,1401,656,745
E01017184,1407,676,731
E01017186,1652,826,826
E01017188,1708,830,878
E01017266,1442,767,675
E01017267,1238,665,573
E01017272,1413,674,739
E01032756,2916,1620,1296
E01017147,1432,715,717
E01017150,1511,762,749
E01017151,1573,753,820
E01017152,1563,782,781
E01017238,1402,702,700
E01017241,1425,651,774
E01017242,1432,719,713
E01017243,1727,887,840
E01017244,1339,635,704
E01017174,1318,637,681
E01017175,1545,773,772
E01017176,1617,823,794
E01017179,1461,723,738
E01017226,1484,751,733
E01017231,1709,897,812
E01017232,1260,641,619
E01032753,2444,1271,1173
E01017246,1923,949,974
E01017250,1415,650,765
E01017251,1563,770,793
E01017253,1711,847,864
E01017247,1637,789,848
E01017248,1558,763,795
E01017249,1398,686,712
E01017252,1564,751,813
E01017254,1656,808,848
E01017236,1395,664,731
E01017237,1504,753,751
E01017239,1536,775,761
E01017240,1230,605,625
E01017245,1500,689,811
E01017227,1319,691,628
E01017228,1552,796,756
E01017233,1613,787,826
E01017234,1864,989,875
E01017235,1586,849,737
E01017171,1840,960,880
E01017172,1776,925,851
E01017173,1436,715,721
E01017177,1510,773,737
E01017178,1523,760,763
E01017207,1628,752,876
E01017209,1440,727,713
E01017211,1760,820,940
E01017212,1374,675,699
E01017213,1515,780,735
E01017200,1772,862,910
E01017201,1368,650,718
E01017202,1675,772,903
E01017203,1634,786,848
E01017204,1551,760,791
E01017157,1576,863,713
E01017158,1891,1033,858
E01017159,1674,862,812
E01017160,1481,750,731
E01017198,1434,675,759
E01017199,1624,754,870
E01017205,1365,663,702
E01017206,1612,806,806
E01017208,1424,694,730
E01017210,1532,686,846
E01017214,1468,729,739
E01017215,1777,866,911
E01017216,1464,747,717
E01017189,1522,844,678
E01017190,1720,926,794
E01017191,1732,962,770
E01017196,2015,1097,918
E01017197,1520,757,763
E01017192,2023,1036,987
E01017193,1657,845,812
E01017194,1798,953,845
E01017195,1950,1033,917
E01017153,1631,912,719
E01017154,2289,1181,1108
E01017155,1698,963,735
E01017156,1813,996,817
E01032738,1296,738,558
E01032750,1495,859,636
E01017136,1623,866,757
E01017137,1719,935,784
E01017138,2325,1109,1216
E01017140,1497,815,682
E01017217,1544,762,782
E01017223,1678,848,830
E01017224,1353,691,662
E01017225,1552,741,811
E01017162,1435,690,745
E01017163,1549,754,795
E01017164,1503,753,750
E01017165,1458,711,747
E01017166,1507,696,811
E01017256,2029,977,1052
E01017257,1560,789,771
E01017259,1451,732,719
E01017260,1382,668,714
E01017262,1335,657,678
E01017167,1527,733,794
E01017168,1695,838,857
E01017169,1554,702,852
E01017170,1572,759,813
E01017218,1353,677,676
E01017219,1729,861,868
E01017220,1843,911,932
E01017221,1624,801,823
E01017222,1527,763,764
E01017139,2406,1260,1146
E01017142,2367,1351,1016
E01032745,2298,1221,1077
E01032746,1165,675,490
E01032748,1080,633,447
E01032751,1181,663,518
E01032755,1101,617,484
E01017255,1594,802,792
E01017258,1558,790,768
E01017261,1715,838,877
E01017263,1429,706,723
E01017273,1435,665,770
E01017275,1643,787,856
E01017276,1718,883,835
E01017278,1335,663,672
E01017279,1691,800,891
E01017274,1490,702,788
E01017277,1502,715,787
E01017280,1394,661,733
E01017281,1644,835,809
E01016277,1576,834,742
E01016286,1571,816,755
E01016287,1464,714,750
E01016288,1651,806,845
E01016303,1472,719,753
E01016304,1544,770,774
E01016305,1245,606,639
E01016306,1314,679,635
E01016256,1747,903,844
E01016257,1356,649,707
E01016313,1611,759,852
E01016314,1367,696,671
E01016315,1581,784,797
E01016316,1998,975,1023
E01016317,1426,702,724
E01016318,1543,756,787
E01016258,1542,781,761
E01016261,1647,803,844
E01016349,1230,625,605
E01016350,1526,755,771
E01016259,1550,768,782
E01016260,1710,857,853
E01016262,1340,651,689
E01016272,1543,768,775
E01016273,1514,710,804
E01016263,2258,1126,1132
E01016278,1314,722,592
E01016283,2017,756,1261
E01016284,1441,702,739
E01016285,1593,814,779
E01016271,1401,685,716
E01016274,1386,701,685
E01016275,1470,711,759
E01016276,1471,728,743
E01016327,1196,602,594
E01016328,1757,844,913
E01016344,1488,715,773
E01016345,1347,675,672
E01016296,1565,735,830
E01016297,1546,751,795
E01016298,1174,567,607
E01016299,1482,743,739
E01016254,1341,655,686
E01016255,1510,811,699
E01016264,1618,902,716
E01016265,1479,733,746
E01016266,1375,693,682
E01016339,2913,1506,1407
E01016310,1804,834,970
E01016311,1610,807,803
E01016323,1381,658,723
E01016324,1392,688,704
E01016325,1538,764,774
E01016279,2099,1056,1043
E01016280,1831,910,921
E01016281,1422,731,691
E01016282,1475,738,737
E01016329,1461,730,731
E01016340,1573,789,784
E01016341,1402,712,690
E01016342,1967,1014,953
E01016343,1448,725,723
E01016267,1424,709,715
E01016268,1594,790,804
E01016269,1407,709,698
E01016270,1530,745,785
E01016330,1420,693,727
E01016331,1601,776,825
E01016332,1551,753,798
E01016334,1735,871,864
E01016336,1278,629,649
E01016333,1297,637,660
E01016335,1560,799,761
E01016337,2179,1101,1078
E01016338,1882,948,934
E01016300,1461,717,744
E01016301,1930,979,951
E01016302,1643,834,809
E01016326,1351,639,712
E01016293,2684,1312,1372
E01016346,1334,666,668
E01016347,1494,756,738
E01016348,2024,1022,1002
E01016294,1493,756,737
E01016295,1505,733,772
E01016312,1940,965,975
E01016319,1647,756,891
E01016320,1380,696,684
E01016289,1427,688,739
E01016290,1549,769,780
E01016291,1783,879,904
E01016292,1602,797,805
E01016321,1483,758,725
E01016322,1289,649,640
E01016307,1591,771,820
E01016308,1888,942,946
E01016309,2253,1158,1095
E01016570,1595,753,842
E01016572,1345,629,716
E01016582,1475,749,726
E01016600,1175,558,617
E01016530,1494,720,774
E01016531,1441,723,718
E01016532,2015,992,1023
E01016533,1928,932,996
E01016578,1474,734,740
E01016579,1697,848,849
E01016581,1441,711,730
E01016571,1554,785,769
E01016573,1400,673,727
E01016574,1499,717,782
E01016599,1614,813,801
E01016583,1589,792,797
E01016585,1620,826,794
E01016586,1354,657,697
E01016591,1704,868,836
E01016592,1849,876,973
E01016525,1603,781,822
E01016528,1621,807,814
E01016529,1638,806,832
E01016536,1855,931,924
E01016584,1675,822,853
E01032733,1026,495,531
E01032734,1435,743,692
E01016526,1852,896,956
E01016527,1601,775,826
E01016534,1530,741,789
E01016598,1410,665,745
E01016601,1620,773,847
E01016602,1573,740,833
E01016535,1273,617,656
E01016537,1529,772,757
E01016538,1611,818,793
E01016593,1675,826,849
E01016594,1452,714,738
E01016559,1477,749,728
E01016560,1518,753,765
E01016561,1784,877,907
E01016562,1384,673,711
E01016563,1342,659,683
E01016580,1517,714,803
E01016539,1589,807,782
E01016540,1665,802,863
E01016541,1384,693,691
E01016542,1202,593,609
E01016543,1643,822,821
E01016544,1705,952,753
E01016567,2748,1848,900
E01016568,1240,597,643
E01016569,1020,498,522
E01016564,1628,804,824
E01016565,1563,766,797
E01016566,1722,857,865
E01016577,1683,815,868
E01016545,1938,900,1038
E01016547,1688,844,844
E01016550,1526,877,649
E01016552,1606,803,803
E01016551,1577,766,811
E01016553,1470,722,748
E01016557,1871,903,968
E01016558,1696,825,871
E01016548,1912,937,975
E01016549,2012,922,1090
E01016554,1620,779,841
E01016555,1455,732,723
E01016556,1774,874,900
E01016546,1621,788,833
E01016595,1720,815,905
E01016596,1793,881,912
E01016597,1777,873,904
E01016575,1666,839,827
E01016576,1714,872,842
E01016587,1587,766,821
E01016588,1770,862,908
E01016589,1620,790,830
E01016522,1957,962,995
E01016523,1640,764,876
E01016524,2105,1056,1049
E01016609,1814,862,952
E01016603,1801,864,937
E01016604,2015,983,1032
E01016605,1531,743,788
E01016606,1639,805,834
E01016607,1765,687,1078
E01016608,1824,875,949
E01016675,1032,502,530
E01016676,1537,742,795
E01016677,1488,735,753
E01016678,1364,689,675
E01016619,1561,794,767
E01016620,1481,728,753
E01016692,1436,699,737
E01016693,1352,665,687
E01016694,1454,680,774
E01016695,1549,768,781
E01016621,1478,731,747
E01016623,1489,710,779
E01016624,1438,705,733
E01016684,1598,812,786
E01016685,1631,797,834
E01016622,1249,617,632
E01016657,1483,721,762
E01016658,1338,687,651
E01016659,1410,661,749
E01016660,1627,813,814
E01016615,1519,750,769
E01016616,1489,749,740
E01016617,1242,606,636
E01016662,1724,858,866
E01016613,1534,757,777
E01016614,1385,711,674
E01016618,1283,628,655
E01016664,1274,609,665
E01016668,1587,817,770
E01016669,1827,919,908
E01016661,1370,682,688
E01016663,1537,763,774
E01016686,1139,561,578
E01016687,1279,619,660
E01016688,1588,814,774
E01016689,1418,722,696
E01016652,1276,630,646
E01016653,1494,772,722
E01016665,1592,789,803
E01016666,1383,698,685
E01032761,2743,1371,1372
E01016647,1921,958,963
E01016701,1746,839,907
E01016702,1828,898,930
E01016703,1926,950,976
E01016704,2017,970,1047
E01016627,1845,963,882
E01016628,1534,774,760
E01016656,1403,694,709
E01016700,1890,943,947
E01016644,1465,733,732
E01016645,1539,789,750
E01016646,1586,800,786
E01016648,1434,723,711
E01016649,1440,725,715
E01016651,1406,680,726
E01016654,1397,672,725
E01016655,1302,646,656
E01016679,2195,1090,1105
E01016680,1295,647,648
E01032758,1593,778,815
E01032759,1450,716,734
E01016626,1629,786,843
E01016671,1700,757,943
E01016673,1724,816,908
E01016674,1410,685,725
E01016696,1476,714,762
E01016670,2058,1030,1028
E01016672,1761,856,905
E01032763,2281,1143,1138
E01016612,2214,1064,1150
E01016629,1372,641,731
E01016630,1532,760,772
E01016635,1394,709,685
E01016625,1671,816,855
E01016631,1359,649,710
E01016632,1511,742,769
E01016634,1533,743,790
E01016699,1538,718,820
E01016682,1859,937,922
E01016683,1878,949,929
E01016690,1774,882,892
E01016691,1204,593,611
E01016610,2860,1426,1434
E01016611,1389,798,591
E01016641,1420,680,740
E01016642,1155,574,581
E01016633,1362,652,710
E01016636,1464,741,723
E01016637,1084,543,541
E01016638,1320,653,667
E01016639,1595,782,813
E01016640,1552,775,777
E01016643,1387,693,694
E01016705,1567,899,668
E01016706,1667,811,856
E01016707,1612,801,811
E01016708,1594,787,807
E01016709,1584,790,794
E01017648,1806,901,905
E01017649,2100,1024,1076
E01017650,1668,840,828
E01032960,3049,1583,1466
E01017644,1501,728,773
E01017645,1513,817,696
E01017646,1830,875,955
E01017647,1625,795,830
E01017671,1591,792,799
E01017672,1483,770,713
E01017695,1194,572,622
E01017696,1263,647,616
E01017693,1083,536,547
E01017694,2329,1145,1184
E01017713,1436,728,708
E01017714,1333,670,663
E01017717,1698,852,846
E01017718,1577,763,814
E01017735,1318,630,688
E01017736,1526,756,770
E01017737,1351,645,706
E01017738,1530,731,799
E01017669,1494,722,772
E01017670,1548,758,790
E01017715,1171,584,587
E01017716,1840,914,926
E01017641,1705,815,890
E01017731,1323,655,668
E01017732,1422,692,730
E01017733,1197,569,628
E01017734,1394,718,676
E01017703,1292,611,681
E01017704,1259,621,638
E01017719,1199,578,621
E01017720,1314,657,657
E01032958,1522,748,774
E01032959,1748,853,895
E01017651,1557,757,800
E01017652,1466,738,728
E01017657,1421,701,720
E01017658,1426,712,714
E01017701,2207,1098,1109
E01017702,1467,730,737
E01017642,1269,592,677
E01017643,1309,662,647
E01017673,1302,650,652
E01017674,1870,1192,678
E01017659,1608,782,826
E01017660,1689,832,857
E01017661,1565,772,793
E01017664,1404,714,690
E01017705,1175,587,588
E01017706,1429,706,723
E01017707,1310,622,688
E01017708,1564,759,805
E01017665,1597,786,811
E01017666,1687,837,850
E01017667,1369,678,691
E01017668,1534,774,760
E01017697,1426,711,715
E01017698,1484,713,771
E01017699,1439,885,554
E01017700,1547,766,781
E01017634,1549,798,751
E01017662,1308,631,677
E01017663,1594,834,760
E01032955,1233,599,634
E01032961,1039,528,511
E01017653,1481,716,765
E01017654,1432,739,693
E01017655,1946,944,1002
E01032956,1629,795,834
E01032957,1356,690,666
E01032962,1554,791,763
E01017635,1439,739,700
E01017636,1560,777,783
E01017637,1335,646,689
E01017638,1306,653,653
E01017639,1594,796,798
E01017640,1570,758,812
E01017709,1687,798,889
E01017710,1551,758,793
E01017711,1573,789,784
E01017712,2101,1057,1044
E01017687,2030,1044,986
E01017688,1232,598,634
E01017689,1389,698,691
E01017690,1148,558,590
E01017691,1370,658,712
E01017692,1557,796,761
E01017721,1575,731,844
E01017722,1510,758,752
E01017723,1372,662,710
E01017724,1425,707,718
E01017627,1599,778,821
E01017628,1756,823,933
E01017629,1595,779,816
E01017630,1544,753,791
E01017631,1586,791,795
E01017632,1561,752,809
E01017675,1431,706,725
E01017676,1428,669,759
E01017677,1342,637,705
E01017678,1297,619,678
E01017679,1615,784,831
E01017680,992,495,497
E01017681,1232,605,627
E01017682,1219,602,617
E01017683,1700,844,856
E01017684,1108,508,600
E01017726,1140,531,609
E01017727,1700,808,892
E01017728,2237,1103,1134
E01017729,1696,823,873
E01017730,1561,734,827
E01017750,2203,1109,1094
E01017752,2203,1108,1095
E01017766,2304,1145,1159
E01017778,1305,632,673
E01017747,1409,714,695
E01017748,1805,883,922
E01017749,1636,817,819
E01017789,1222,599,623
E01017790,1382,695,687
E01017795,2139,1067,1072
E01017769,1584,803,781
E01017771,1460,708,752
E01017780,1262,620,642
E01017781,1212,587,625
E01017770,1497,771,726
E01017791,1491,729,762
E01017792,1863,878,985
E01017793,1521,729,792
E01017768,2312,1088,1224
E01017779,1163,563,600
E01017785,1677,841,836
E01017786,1553,745,808
E01017787,1614,798,816
E01017788,1753,822,931
E01017741,1623,784,839
E01017742,1695,833,862
E01017743,1619,747,872
E01017763,1718,794,924
E01017764,1753,855,898
E01017765,1764,912,852
E01017739,1254,626,628
E01017740,1327,635,692
E01017744,1447,704,743
E01017745,1768,876,892
E01017746,1533,759,774
E01017762,1472,734,738
E01017775,1564,727,837
E01017776,1619,769,850
E01017777,1637,789,848
E01017759,1815,857,958
E01017760,1699,831,868
E01017761,2132,1027,1105
E01017794,2311,1120,1191
E01017754,1571,756,815
E01017755,1514,725,789
E01017756,1492,725,767
E01017757,1225,573,652
E01017758,1266,635,631
E01017751,2203,1081,1122
E01017753,1259,587,672
E01017767,2236,1021,1215
E01017773,1533,739,794
E01017774,1296,616,680
E01017782,1442,707,735
E01017783,1493,727,766
E01017784,1575,745,830
E01032609,1210,582,628
E01017796,1799,836,963
E01017797,1513,755,758
E01017798,1792,850,942
E01017799,2008,944,1064
E01017800,1781,912,869
E01017801,1624,782,842
E01017802,1564,774,790
E01017818,1957,966,991
E01017819,1594,808,786
E01017820,1601,694,907
E01017821,1598,774,824
E01017822,1943,939,1004
E01017810,1729,793,936
E01017811,1210,586,624
E01017812,1667,852,815
E01017813,1857,915,942
E01017815,1829,866,963
E01017816,1668,792,876
E01017817,2002,994,1008
E01017823,1358,641,717
E01017830,1822,890,932
E01017831,1716,847,869
E01017832,1687,818,869
E01017834,1542,792,750
E01017835,1709,815,894
E01017803,1310,625,685
E01017806,1685,800,885
E01017814,1541,737,804
E01017833,1669,821,848
E01017804,1517,715,802
E01017805,1853,867,986
E01017807,1496,739,757
E01017808,1480,717,763
E01017809,1500,723,777
E01017824,1690,857,833
E01017825,1744,854,890
E01017826,1511,724,787
E01017827,1671,838,833
E01017828,1633,775,858
E01017829,1997,1012,985
E01017929,1668,722,946
E01017930,1740,854,886
E01017931,1396,681,715
E01017932,1573,762,811
E01017933,1724,828,896
E01017885,1707,860,847
E01017886,1486,732,754
E01017887,1147,569,578
E01017888,1712,821,891
E01017869,1334,667,667
E01017870,1242,644,598
E01017871,1573,728,845
E01017872,1643,808,835
E01017873,1421,716,705
E01017874,1149,572,577
E01017915,1361,679,682
E01017916,1194,594,600
E01017917,1469,747,722
E01017918,1530,743,787
E01017857,1408,717,691
E01017858,1617,808,809
E01017859,1416,746,670
E01017860,1450,734,716
E01017861,1663,778,885
E01017862,1880,931,949
E01017863,1735,855,880
E01017842,3005,1554,1451
E01017853,1345,681,664
E01017854,1288,633,655
E01017878,2648,1297,1351
E01017920,1256,637,619
E01017921,1793,926,867
E01017922,1644,797,847
E01017923,1498,800,698
E01017924,1644,784,860
E01017937,1548,758,790
E01017938,1360,688,672
E01017940,1501,750,751
E01017942,1510,725,785
E01017850,1372,668,704
E01017851,1709,900,809
E01017852,2493,1261,1232
E01017919,1346,718,628
E01017925,2107,1046,1061
E01017926,1500,719,781
E01017927,1558,760,798
E01017928,1397,683,714
E01017911,1723,862,861
E01017912,1401,715,686
E01017913,1726,896,830
E01017914,1364,696,668
E01017903,1654,850,804
E01017904,1746,929,817
E01017905,2181,1170,1011
E01017906,1980,984,996
E01017907,1845,914,931
E01017899,1656,802,854
E01017900,1343,657,686
E01017901,1206,583,623
E01017902,1602,765,837
E01017836,1657,842,815
E01017837,2196,1092,1104
E01017838,1559,839,720
E01017839,1721,622,1099
E01017840,1803,884,919
E01017841,1429,708,721
E01017908,2505,1263,1242
E01017909,2182,1090,1092
E01017910,2401,1203,1198
E01017941,1398,691,707
E01017843,1550,756,794
E01017844,1747,819,928
E01017845,1677,844,833
E01017855,1435,690,745
E01017856,1416,710,706
E01017864,1339,653,686
E01017865,1543,757,786
E01017867,1545,720,825
E01017868,1538,746,792
E01017934,1737,833,904
E01017935,1970,924,1046
E01017936,1554,750,804
E01017939,1366,687,679
E01017866,1438,716,722
E01017875,1523,794,729
E01017876,2076,1032,1044
E01017877,1673,840,833
E01017846,1387,653,734
E01017847,1534,717,817
E01017848,1211,607,604
E01017849,1399,698,701
E01017889,1301,628,673
E01017890,1307,658,649
E01017891,1432,673,759
E01017892,1584,776,808
E01017893,1580,753,827
E01017894,1595,750,845
E01017895,1317,634,683
E01017896,1409,664,745
E01017897,1576,764,812
E01017898,1224,582,642
E01017880,1423,694,729
E01017881,1877,914,963
E01017882,1619,789,830
E01017883,1639,806,833
E01017884,1442,661,781
E01032610,1623,787,836
E01020924,1418,711,707
E01020925,1523,704,819
E01020927,1503,697,806
E01020928,1568,711,857
E01020930,1480,739,741
E01020917,1501,739,762
E01020918,1619,775,844
E01020919,1546,741,805
E01020923,1452,695,757
E01020949,1577,738,839
E01020926,1613,780,833
E01020929,1601,757,844
E01020955,1498,736,762
E01020956,1575,741,834
E01020957,1492,690,802
E01020920,1471,693,778
E01020921,1506,699,807
E01020922,1496,688,808
E01020945,1842,870,972
E01020950,1623,765,858
E01020940,1509,756,753
E01020941,1693,789,904
E01020942,1564,703,861
E01020946,1721,793,928
E01020947,1497,713,784
E01020914,1934,915,1019
E01020915,1699,839,860
E01020952,1795,844,951
E01020953,1530,750,780
E01020954,1765,855,910
E01020948,1434,674,760
E01020963,1699,811,888
E01020965,1864,929,935
E01020966,1731,772,959
E01020938,1574,752,822
E01020939,1577,741,836
E01020943,1593,735,858
E01020964,1650,767,883
E01020967,1820,819,1001
E01020910,1709,815,894
E01020911,1990,1080,910
E01020912,2035,1096,939
E01020916,1686,801,885
E01020935,1843,980,863
E01020936,1721,781,940
E01020937,1634,818,816
E01020968,1700,799,901
E01020931,1849,831,1018
E01020932,1381,621,760
E01020933,1047,458,589
E01020934,1250,563,687
E01020944,1543,743,800
E01020913,2114,998,1116
E01020951,1513,748,765
E01020959,1457,708,749
E01020961,1412,645,767
E01020962,2004,974,1030
E01020960,2455,1239,1216
E01032831,1578,776,802
E01032832,1600,760,840
E01032833,1338,699,639
E01020969,1519,724,795
E01020970,2689,1330,1359
E01020971,2037,984,1053
E01020987,1797,873,924
E01020974,1537,748,789
E01020986,1473,697,776
E01020988,1699,793,906
E01021007,1442,703,739
E01021008,1587,730,857
E01021009,1944,943,1001
E01020993,1343,646,697
E01020994,1533,741,792
E01020995,1431,683,748
E01020996,1792,865,927
E01021019,1607,790,817
E01021004,1785,852,933
E01021005,1617,759,858
E01021006,1793,873,920
E01021013,1827,908,919
E01020972,1549,721,828
E01020973,1752,832,920
E01020977,1588,774,814
E01021015,1606,736,870
E01021010,1582,757,825
E01021011,1560,739,821
E01021012,1664,799,865
E01021020,1850,869,981
E01021021,1892,881,1011
E01021000,1486,735,751
E01021001,1237,597,640
E01021002,1468,698,770
E01021003,1671,829,842
E01021014,1884,884,1000
E01020975,1810,878,932
E01020976,1913,942,971
E01020990,1653,847,806
E01020991,1334,657,677
E01020992,1842,937,905
E01020978,1947,993,954
E01020979,1834,982,852
E01020980,1583,780,803
E01020981,1623,822,801
E01020997,1638,737,901
E01020998,1850,912,938
E01020999,1928,859,1069
E01021016,1645,770,875
E01021017,1604,780,824
E01021018,1915,938,977
E01020982,1742,927,815
E01020983,1657,859,798
E01020984,1951,1023,928
E01020985,1782,949,833
E01020989,1762,929,833
E01021022,2105,1009,1096
E01021024,1210,575,635
E01021025,1878,983,895
E01021052,1267,595,672
E01021053,1190,601,589
E01021023,1980,981,999
E01021026,2424,1118,1306
E01021032,2106,1021,1085
E01021067,1123,546,577
E01021068,1153,565,588
E01021033,1751,862,889
E01021034,1317,634,683
E01021035,1710,838,872
E01021036,1469,710,759
E01021037,1595,794,801
E01021038,1753,820,933
E01021054,1447,735,712
E01021055,1747,829,918
E01021056,1703,796,907
E01021057,1525,752,773
E01021039,1452,693,759
E01021040,1727,947,780
E01021041,1570,755,815
E01021042,1346,640,706
E01021043,1607,755,852
E01021027,1557,782,775
E01021028,1614,781,833
E01021029,1548,744,804
E01021030,1256,566,690
E01021031,1502,757,745
E01021061,1546,772,774
E01021063,1703,845,858
E01021064,1608,772,836
E01021065,1189,578,611
E01021066,1544,753,791
E01021045,1794,890,904
E01021046,1519,738,781
E01021047,1422,700,722
E01021048,1551,811,740
E01021044,1919,937,982
E01021049,1436,728,708
E01021050,1362,686,676
E01021051,1229,604,625
E01021058,1890,872,1018
E01021059,1523,718,805
E01021060,1598,791,807
E01021062,1466,718,748
E01021069,1594,774,820
E01021075,1793,856,937
E01021077,1482,701,781
E01021081,1603,765,838
E01021082,1632,787,845
E01021083,1376,689,687
E01021072,1542,715,827
E01021073,1482,714,768
E01021074,1656,790,866
E01021076,1894,913,981
E01021078,1279,593,686
E01021070,1565,744,821
E01021071,1710,847,863
E01021079,1547,706,841
E01021080,1416,672,744
E01021132,1491,728,763
E01021133,1630,796,834
E01021134,1481,762,719
E01021139,1320,635,685
E01021140,1817,901,916
E01021141,1542,772,770
E01021103,1483,703,780
E01021114,1528,734,794
E01021115,1592,779,813
E01021116,1526,726,800
E01021098,1718,815,903
E01021099,1658,836,822
E01021100,1844,916,928
E01021104,1355,658,697
E01021105,1251,620,631
E01021101,1722,815,907
E01021102,1607,811,796
E01021117,1599,783,816
E01021118,1564,781,783
E01021119,1092,491,601
E01021087,1656,783,873
E01021088,1526,761,765
E01021089,1533,735,798
E01021109,1689,826,863
E01021110,2259,1085,1174
E01021084,1887,893,994
E01021085,1696,804,892
E01021086,1729,799,930
E01021096,1288,631,657
E01021097,1398,674,724
E01021111,1034,460,574
E01021113,1394,647,747
E01021131,1687,832,855
E01021135,1836,854,982
E01021136,1317,598,719
E01021137,1468,683,785
E01021112,1505,704,801
E01021120,1322,535,787
E01021126,1542,745,797
E01021127,1563,724,839
E01021128,1825,897,928
E01021093,1539,730,809
E01021095,1291,580,711
E01021123,1548,721,827
E01021124,1674,768,906
E01021125,1294,586,708
E01021129,1789,843,946
E01021138,1097,508,589
E01021094,1530,681,849
E01021106,1658,717,941
E01021107,1569,748,821
E01021108,1480,692,788
E01021130,1435,684,751
E01021090,1666,793,873
E01021091,1923,924,999
E01021092,1997,909,1088
E01021121,1592,710,882
E01021122,1532,695,837
E01021167,2187,1041,1146
E01021168,1677,800,877
E01021169,1414,679,735
E01021186,1205,599,606
E01021171,2050,981,1069
E01021172,1804,872,932
E01021173,1420,712,708
E01021218,1147,551,596
E01021156,1786,874,912
E01021157,1829,880,949
E01021158,2186,1099,1087
E01021159,2324,1130,1194
E01021160,1649,773,876
E01021161,1577,806,771
E01021162,1618,777,841
E01021202,1123,487,636
E01021203,1491,753,738
E01021229,1700,837,863
E01021230,1726,826,900
E01021231,1755,813,942
E01021151,1769,887,882
E01021152,1605,791,814
E01021153,1963,954,1009
E01021154,1482,753,729
E01021155,1163,574,589
E01021163,2241,1090,1151
E01021164,1913,937,976
E01021187,1434,722,712
E01021144,1799,877,922
E01021145,1998,1004,994
E01021170,2741,1317,1424
E01021217,1286,629,657
E01021219,1350,657,693
E01021220,1640,772,868
E01021223,1121,534,587
E01021224,1472,712,760
E01021225,1557,738,819
E01021226,1371,654,717
E01021150,1194,587,607
E01021191,1617,781,836
E01021192,1587,761,826
E01021193,1722,840,882
E01021194,1652,782,870
E01021149,1278,632,646
E01021189,1387,693,694
E01021190,1524,763,761
E01021200,1106,512,594
E01021201,1536,740,796
E01021221,1270,632,638
E01021222,1506,709,797
E01021227,1693,827,866
E01021228,1513,726,787
E01021146,1737,845,892
E01021147,1654,843,811
E01021148,1566,757,809
E01021165,1192,599,593
E01021188,1136,554,582
E01021198,1524,732,792
E01021199,1328,622,706
E01021204,1203,586,617
E01021205,1250,624,626
E01021174,1627,783,844
E01021175,1489,716,773
E01021176,1405,667,738
E01021177,1109,506,603
E01021180,1317,602,715
E01021181,1298,618,680
E01021182,1569,768,801
E01021183,1341,638,703
E01021178,1393,657,736
E01021179,1497,701,796
E01021184,1545,694,851
E01021185,1496,700,796
E01021142,1112,517,595
E01021143,1209,562,647
E01021166,2258,1080,1178
E01021195,1955,959,996
E01021196,1942,941,1001
E01021197,2043,1029,1014
E01021212,1822,861,961
E01021213,1773,830,943
E01021214,1625,758,867
E01021215,1257,588,669
E01021216,1178,552,626
E01021206,1448,655,793
E01021207,1339,630,709
E01021208,1942,922,1020
E01021209,1615,796,819
E01021210,1598,820,778
E01021211,1525,723,802
E01021232,1652,767,885
E01021233,1483,710,773
E01021234,1475,693,782
E01021235,1341,625,716
E01021236,1489,700,789
E01022553,1457,715,742
E01022554,1676,852,824
E01022555,1508,768,740
E01022556,1599,811,788
E01022560,1177,595,582
E01022493,1338,669,669
E01022536,1320,683,637
E01022537,1293,652,641
E01022557,1529,767,762
E01022558,1247,635,612
E01022559,1280,629,651
E01022488,1185,585,600
E01022489,1534,818,716
E01022499,1537,751,786
E01022500,1377,658,719
E01022513,1606,778,828
E01022472,1243,603,640
E01022473,1246,626,620
E01022520,1642,804,838
E01022521,1708,838,870
E01022522,1584,800,784
E01022490,1773,881,892
E01022491,1947,952,995
E01022492,1587,810,777
E01022546,1407,668,739
E01022547,1710,859,851
E01022495,1455,727,728
E01022496,2470,1228,1242
E01022497,1362,662,700
E01022498,1519,759,760
E01022539,1227,617,610
E01022540,1955,909,1046
E01022542,1263,647,616
E01022543,1585,801,784
E01032843,1612,792,820
E01032844,1528,745,783
E01032851,2079,1007,1072
E01022470,1881,948,933
E01022471,1543,767,776
E01022494,2433,1193,1240
E01022523,2041,1001,1040
E01022524,1974,933,1041
E01022525,1651,810,841
E01022526,1674,846,828
E01022527,1599,773,826
E01022566,1297,682,615
E01022567,1277,629,648
E01022568,1421,686,735
E01022570,1566,739,827
E01032840,1925,955,970
E01032841,1655,843,812
E01022502,1541,798,743
E01022506,1265,641,624
E01022507,1557,774,783
E01032842,1239,682,557
E01032847,1348,687,661
E01022481,1799,903,896
E01022482,1573,755,818
E01022503,1406,723,683
E01032845,1695,874,821
E01032846,1512,804,708
E01022484,1318,630,688
E01022485,1179,558,621
E01022486,2047,985,1062
E01022487,1299,644,655
E01022569,1232,627,605
E01022548,1366,661,705
E01022549,1613,768,845
E01022550,1662,818,844
E01022551,1536,748,788
E01022552,1502,733,769
E01022528,1272,627,645
E01022529,1477,699,778
E01022530,1251,612,639
E01022531,1476,749,727
E01022475,1653,831,822
E01022476,1847,928,919
E01022480,1320,681,639
E01022504,1504,736,768
E01022505,1549,779,770
E01022467,1660,816,844
E01022468,1792,852,940
E01022469,1570,759,811
E01022561,1467,742,725
E01022562,1329,665,664
E01022515,1291,628,663
E01022516,1484,714,770
E01022517,1241,610,631
E01022518,2008,1012,996
E01022519,1261,644,617
E01022474,1552,725,827
E01022477,1376,679,697
E01022478,1437,693,744
E01022479,1369,657,712
E01022509,1430,708,722
E01022514,1514,754,760
E01022563,1795,879,916
E01022564,1811,877,934
E01022565,1628,769,859
E01022510,1665,814,851
E01022511,1286,644,642
E01022512,1405,699,706
E01032848,1585,786,799
E01032849,1549,756,793
E01032850,1481,736,745
E01022532,1336,677,659
E01022533,1784,909,875
E01022534,1639,799,840
E01022535,1514,752,762
E01022581,1572,728,844
E01022582,1411,683,728
E01022604,1255,611,644
E01022605,1618,787,831
E01022574,1400,670,730
E01022575,1522,736,786
E01022576,1524,722,802
E01022579,1119,565,554
E01022571,1203,583,620
E01022572,1244,598,646
E01022573,2448,1236,1212
E01022577,1483,707,776
E01022578,3001,1437,1564
E01022580,1254,611,643
E01022603,1430,707,723
E01022634,1079,510,569
E01022639,1886,1065,821
E01022640,1463,736,727
E01022615,2791,1378,1413
E01022633,1339,645,694
E01022635,1486,724,762
E01022636,1338,666,672
E01022641,1245,654,591
E01022591,2448,1221,1227
E01022593,1272,626,646
E01022594,1437,698,739
E01022595,1933,952,981
E01022596,1377,691,686
E01022627,2202,1080,1122
E01022630,2249,1118,1131
E01022642,1087,524,563
E01032663,2336,1160,1176
E01022583,1684,804,880
E01022584,1782,844,938
E01022585,1615,790,825
E01022586,1691,841,850
E01022587,1719,824,895
E01022616,1702,809,893
E01022617,1585,754,831
E01022618,1834,839,995
E01022631,1292,627,665
E01022632,1170,550,620
E01022592,2339,1177,1162
E01022597,2847,1363,1484
E01022619,1337,679,658
E01022624,2272,1076,1196
E01022625,2744,1268,1476
E01022620,1137,567,570
E01022621,1426,651,775
E01022622,1323,628,695
E01022623,2294,1101,1193
E01032664,1082,502,580
E01032665,1359,652,707
E01022588,1611,799,812
E01022589,1747,860,887
E01022590,1496,750,746
E01022607,1192,567,625
E01022608,1342,657,685
E01022606,2394,1183,1211
E01022611,1531,722,809
E01022613,1373,672,701
E01022614,1089,517,572
E01022610,1341,634,707
E01022628,1157,566,591
E01022629,1373,651,722
E01032615,1111,535,576
E01032616,1569,769,800
E01022599,1291,623,668
E01022600,1473,706,767
E01022601,1439,695,744
E01022602,1271,626,645
E01032625,1122,530,592
E01022705,1606,741,865
E01022706,1667,816,851
E01022707,2015,1016,999
E01022708,1759,856,903
E01022709,1754,835,919
E01022659,1599,779,820
E01022660,1501,722,779
E01022675,1403,709,694
E01022676,1512,764,748
E01022704,1830,875,955
E01022661,1689,833,856
E01022662,1344,640,704
E01022663,1625,813,812
E01022664,1550,739,811
E01022665,1497,735,762
E01022648,1289,638,651
E01022667,1500,769,731
E01022672,1581,799,782
E01022673,2090,1060,1030
E01022674,1595,772,823
E01022643,1617,807,810
E01022644,1320,646,674
E01022646,1569,786,783
E01022647,1534,756,778
E01022649,1627,797,830
E01022650,1149,561,588
E01022668,2606,1280,1326
E01022677,2007,968,1039
E01022678,1891,897,994
E01022680,1604,744,860
E01022681,1574,758,816
E01022666,2133,1102,1031
E01022669,1792,893,899
E01022670,1604,792,812
E01022671,1527,763,764
E01022679,1827,933,894
E01022645,1172,567,605
E01022682,1389,682,707
E01022683,1389,688,701
E01022684,1514,773,741
E01022685,1196,606,590
E01022686,1661,831,830
E01022687,1760,902,858
E01022713,1744,833,911
E01022714,1668,828,840
E01022715,1589,738,851
E01022716,1550,734,816
E01022717,1204,600,604
E01022718,1462,740,722
E01022719,1544,761,783
E01022653,1485,735,750
E01022691,1583,771,812
E01022692,2845,1364,1481
E01022693,1531,761,770
E01022694,1789,891,898
E01022652,1764,838,926
E01022695,1332,623,709
E01022700,1572,744,828
E01022701,1086,518,568
E01022703,1467,714,753
E01022651,1834,872,962
E01022696,1556,755,801
E01022697,1592,752,840
E01022698,1621,802,819
E01022699,1530,765,765
E01022702,1286,645,641
E01022654,1351,662,689
E01022655,1542,713,829
E01022656,1476,714,762
E01022657,1626,814,812
E01022658,1669,811,858
E01022710,2010,1005,1005
E01022711,1713,805,908
E01022712,1609,768,841
E01022688,2221,1131,1090
E01022689,1517,743,774
E01022690,1963,991,972
E01022758,1628,776,852
E01022771,1645,825,820
E01022772,2211,1159,1052
E01022773,1577,774,803
E01022774,1952,985,967
E01022749,1359,667,692
E01022753,1248,596,652
E01022754,1795,874,921
E01022780,1561,795,766
E01022787,1340,661,679
E01022788,1256,607,649
E01022730,1476,701,775
E01022731,1341,669,672
E01022732,1534,725,809
E01022733,1685,815,870
E01022734,1365,659,706
E01022720,1418,721,697
E01022725,1314,622,692
E01022726,1448,712,736
E01022727,1571,749,822
E01022729,1177,607,570
E01022743,1812,888,924
E01022750,1508,702,806
E01022751,1567,766,801
E01022752,1422,716,706
E01022757,1603,791,812
E01022790,1800,908,892
E01022755,1463,694,769
E01022756,1322,651,671
E01022791,2086,1122,964
E01022792,1542,756,786
E01022793,1755,857,898
E01022781,1388,682,706
E01022782,1439,702,737
E01022785,1495,755,740
E01022786,1597,796,801
E01022789,1445,722,723
E01022721,1402,688,714
E01022722,1711,795,916
E01022723,1481,709,772
E01022724,1450,708,742
E01022737,1578,824,754
E01022766,1322,661,661
E01022769,1258,629,629
E01022740,1620,783,837
E01022741,1248,609,639
E01022742,1758,847,911
E01022783,1507,742,765
E01022784,1385,696,689
E01022759,1530,765,765
E01022763,1535,740,795
E01022765,1692,806,886
E01022768,1357,677,680
E01022770,1733,867,866
E01022728,1777,874,903
E01022735,1449,724,725
E01022736,1537,779,758
E01022738,1043,524,519
E01022739,1624,731,893
E01022760,1528,746,782
E01022761,1502,723,779
E01022762,1531,747,784
E01022764,1564,760,804
E01022767,1237,611,626
E01022776,1563,787,776
E01022777,1642,753,889
E01022778,1529,738,791
E01032877,2173,1026,1147
E01022744,1353,666,687
E01022745,1504,725,779
E01022746,1645,771,874
E01022747,1245,546,699
E01022748,1423,650,773
E01022800,1649,828,821
E01022801,1525,735,790
E01022802,1492,737,755
E01022803,1651,808,843
E01022836,1438,696,742
E01022804,1582,796,786
E01022805,1501,721,780
E01022834,1335,654,681
E01022835,1468,706,762
E01022840,1608,794,814
E01022813,1409,718,691
E01022814,1682,812,870
E01022815,1553,768,785
E01022823,1547,767,780
E01022825,1440,734,706
E01022819,1586,778,808
E01022820,1825,892,933
E01022841,1509,718,791
E01022842,1681,841,840
E01032882,2066,998,1068
E01022807,1559,761,798
E01022816,1492,742,750
E01022817,1794,910,884
E01022818,1457,716,741
E01022824,2722,1406,1316
E01022826,1534,742,792
E01022828,1300,583,717
E01022829,2093,1036,1057
E01022830,1408,669,739
E01032880,1415,685,730
E01032881,1744,875,869
E01032883,1366,663,703
E01022806,1490,750,740
E01022832,1651,819,832
E01022839,1355,695,660
E01032884,2095,1029,1066
E01022810,1583,832,751
E01022811,2270,1150,1120
E01022833,1854,935,919
E01022843,1570,737,833
E01032878,1109,572,537
E01032879,1208,634,574
E01022794,1472,709,763
E01022795,1503,751,752
E01022796,1259,598,661
E01022837,1603,776,827
E01022838,1312,617,695
E01022797,1121,558,563
E01022798,1205,629,576
E01022799,1376,661,715
E01022812,1249,613,636
E01022831,1446,718,728
E01022845,1460,664,796
E01022890,1470,700,770
E01022891,1743,843,900
E01022892,1862,920,942
E01022893,1611,765,846
E01022894,1478,728,750
E01022859,1653,807,846
E01022895,1834,890,944
E01022896,1618,794,824
E01022897,1697,852,845
E01022898,1516,751,765
E01022846,1182,637,545
E01022847,1738,874,864
E01022848,1553,762,791
E01022874,1360,678,682
E01022875,1466,737,729
E01022876,1360,673,687
E01022877,1456,738,718
E01022858,1055,544,511
E01022878,1731,825,906
E01022879,1775,849,926
E01022880,1493,741,752
E01022860,1957,907,1050
E01022862,1926,987,939
E01022867,1516,770,746
E01032852,1742,856,886
E01032853,1769,876,893
E01032854,1672,844,828
E01032857,1026,535,491
E01022881,2365,1180,1185
E01022882,1488,746,742
E01022883,1383,677,706
E01022884,1619,781,838
E01022885,1479,740,739
E01022861,1711,879,832
E01022863,1573,781,792
E01022865,1621,832,789
E01022868,1699,831,868
E01022870,1453,707,746
E01022864,1443,720,723
E01022871,1418,698,720
E01022872,1792,901,891
E01022873,1786,827,959
E01022887,1445,752,693
E01022849,1701,829,872
E01022850,1532,746,786
E01022851,1691,791,900
E01022853,1743,841,902
E01022869,1440,717,723
E01022852,1813,886,927
E01022854,1736,864,872
E01022855,1239,599,640
E01022856,1506,718,788
E01022857,1457,703,754
E01022888,1686,796,890
E01022889,1479,700,779
E01032855,1293,664,629
E01032856,2183,1385,798
E01022930,1649,801,848
E01022931,1663,794,869
E01022935,1514,753,761
E01022975,1513,727,786
E01022976,1511,773,738
E01022922,1499,727,772
E01022971,1509,753,756
E01022972,1583,780,803
E01022974,1425,684,741
E01022959,1458,686,772
E01022962,1480,709,771
E01022965,1478,723,755
E01022973,2008,934,1074
E01022901,1711,806,905
E01022902,1572,786,786
E01022966,1373,638,735
E01022967,1240,602,638
E01022960,1421,686,735
E01022961,1382,686,696
E01022963,1412,704,708
E01022964,1376,672,704
E01022903,1814,890,924
E01022906,1479,717,762
E01022968,1447,696,751
E01022969,1667,785,882
E01022913,1307,640,667
E01022914,1302,651,651
E01022915,1468,751,717
E01022916,1590,747,843
E01022917,1243,603,640
E01022900,1854,904,950
E01022904,1990,984,1006
E01022905,1779,846,933
E01022908,1453,692,761
E01022970,1892,900,992
E01022947,1650,828,822
E01022948,1639,780,859
E01022949,1525,726,799
E01022950,1501,750,751
E01022951,1393,701,692
E01022952,1463,719,744
E01022924,1600,789,811
E01022925,1400,669,731
E01022926,1529,765,764
E01022927,1647,760,887
E01022928,1755,809,946
E01022929,1561,730,831
E01022953,2029,986,1043
E01022954,1525,736,789
E01022955,1375,651,724
E01022956,1214,579,635
E01022957,1303,628,675
E01022958,1436,719,717
E01022937,1438,736,702
E01022943,1465,727,738
E01022944,1271,628,643
E01022946,1803,844,959
E01022940,1546,724,822
E01022942,1572,735,837
E01022945,2266,1062,1204
E01022936,1491,751,740
E01022938,1449,673,776
E01022939,1565,765,800
E01022941,1513,745,768
E01022899,1381,677,704
E01022907,1512,724,788
E01022909,1577,781,796
E01022910,1429,726,703
E01022911,1502,763,739
E01032605,1362,642,720
E01022919,1630,804,826
E01022933,1672,830,842
E01022934,1923,949,974
E01032618,1486,738,748
E01022918,1498,717,781
E01022920,1570,751,819
E01022921,1563,784,779
E01032617,1593,776,817
E01023011,1462,732,730
E01023012,1372,680,692
E01023021,1592,791,801
E01023022,1790,848,942
E01023023,1757,841,916
E01023024,1539,737,802
E01023025,1364,664,700
E01023076,1419,704,715
E01023082,1466,739,727
E01023083,1515,737,778
E01023088,1623,767,856
E01023073,1397,690,707
E01023080,1400,696,704
E01023081,2030,979,1051
E01023089,1545,780,765
E01023090,1886,947,939
E01023074,1451,710,741
E01023077,1518,742,776
E01023078,1405,691,714
E01023079,1733,886,847
E01023085,1543,740,803
E01023072,1302,661,641
E01023075,1191,570,621
E01023084,1540,739,801
E01023086,1526,729,797
E01023087,1480,713,767
E01022977,1486,737,749
E01022978,1528,727,801
E01022979,1203,578,625
E01022980,1547,768,779
E01022992,1153,578,575
E01022993,1362,667,695
E01023045,1580,768,812
E01023046,1449,693,756
E01023007,1139,539,600
E01023010,1537,720,817
E01023047,1328,663,665
E01023048,1358,663,695
E01023049,1662,850,812
E01023050,1793,900,893
E01023008,1533,734,799
E01023009,1503,756,747
E01023038,1458,693,765
E01023039,1433,675,758
E01023040,1450,724,726
E01023026,1171,583,588
E01023062,1495,740,755
E01023064,1380,663,717
E01023066,1659,800,859
E01023067,1490,719,771
E01023003,1729,837,892
E01023004,1865,921,944
E01023005,1505,745,760
E01023006,1393,656,737
E01023028,2096,1035,1061
E01023037,1885,902,983
E01023065,1643,795,848
E01023068,1338,626,712
E01023069,1557,749,808
E01023070,1773,800,973
E01023071,1377,665,712
E01023029,1689,768,921
E01023030,1308,647,661
E01023032,1303,625,678
E01023033,1302,612,690
E01023013,1466,723,743
E01023014,1675,833,842
E01023015,1484,750,734
E01023016,1391,689,702
E01023027,1430,689,741
E01023031,1239,613,626
E01022989,1811,841,970
E01022991,2070,993,1077
E01022998,1751,839,912
E01023000,1801,847,954
E01022994,1579,743,836
E01022995,1414,682,732
E01022996,1245,589,656
E01022997,1384,642,742
E01023063,1297,650,647
E01022990,1570,801,769
E01022999,2111,1074,1037
E01023041,1514,716,798
E01023042,1507,652,855
E01023043,1724,759,965
E01022984,1507,717,790
E01022985,1224,575,649
E01023020,1434,696,738
E01023034,1738,812,926
E01023035,1754,828,926
E01023036,1984,940,1044
E01023001,1782,868,914
E01023002,1719,788,931
E01023058,1490,704,786
E01023060,1397,680,717
E01023061,1465,702,763
E01023017,1962,935,1027
E01023018,1432,669,763
E01023019,1451,672,779
E01023055,1290,632,658
E01022986,1424,693,731
E01022988,1501,730,771
E01023054,1775,815,960
E01023056,1537,654,883
E01023057,1723,764,959
E01022981,1967,914,1053
E01022982,1834,831,1003
E01022983,1653,760,893
E01022987,2003,880,1123
E01023044,1099,515,584
E01023051,1541,736,805
E01023052,1641,754,887
E01023053,1656,775,881
E01023059,1710,786,924
E01023099,1689,770,919
E01023104,1670,823,847
E01023106,1479,741,738
E01023121,2016,960,1056
E01023105,1559,746,813
E01023119,1308,628,680
E01023120,1797,865,932
E01023122,1514,711,803
E01023146,1374,661,713
E01023100,1257,636,621
E01023101,1278,638,640
E01023102,1374,705,669
E01023134,1811,910,901
E01023147,1493,729,764
E01023096,2133,1070,1063
E01023097,1418,699,719
E01023103,1621,811,810
E01023111,1818,868,950
E01023112,1270,614,656
E01023092,1465,731,734
E01023093,1376,683,693
E01023132,1560,770,790
E01023133,1353,652,701
E01023135,2419,1161,1258
E01023091,1722,847,875
E01023094,1330,657,673
E01023095,1762,842,920
E01023098,1558,767,791
E01023148,1379,706,673
E01023149,1301,652,649
E01023113,1595,813,782
E01023114,1460,721,739
E01023136,1749,909,840
E01023137,1286,675,611
E01023138,1367,685,682
E01023139,1309,636,673
E01023140,1616,804,812
E01023141,3120,2033,1087
E01023142,1931,985,946
E01023143,2011,996,1015
E01023144,1754,904,850
E01023118,1749,899,850
E01023124,1267,629,638
E01023125,2388,1199,1189
E01032858,2135,1040,1095
E01023128,1386,663,723
E01023129,1275,637,638
E01023130,1376,689,687
E01023131,1414,663,751
E01023145,1998,983,1015
E01023109,1504,745,759
E01023115,1368,666,702
E01023116,1802,890,912
E01023117,1800,902,898
E01023107,1440,694,746
E01023108,1366,626,740
E01023110,1783,896,887
E01023123,1454,722,732
E01023165,2119,1027,1092
E01023169,1947,942,1005
E01023181,1408,702,706
E01023182,1569,778,791
E01023153,1668,846,822
E01023154,1695,807,888
E01023156,1486,726,760
E01023157,1426,683,743
E01023205,1348,657,691
E01023155,2768,1390,1378
E01023201,1649,803,846
E01023202,1743,839,904
E01023215,1568,736,832
E01023219,1411,672,739
E01023179,1819,908,911
E01023183,1474,724,750
E01023190,1231,597,634
E01023203,1528,747,781
E01023204,1710,837,873
E01023180,1663,790,873
E01023186,1712,839,873
E01023189,1638,818,820
E01023196,1709,845,864
E01032870,1911,943,968
E01032871,1531,741,790
E01023187,1634,766,868
E01023188,1332,636,696
E01023216,1828,904,924
E01023217,1582,766,816
E01023218,1522,790,732
E01023159,2261,1135,1126
E01023195,2182,1154,1028
E01023197,1504,727,777
E01023198,1424,706,718
E01023160,1536,757,779
E01023168,1442,689,753
E01023178,2260,1126,1134
E01023166,1477,749,728
E01023167,1604,770,834
E01023177,2234,1099,1135
E01023184,1356,688,668
E01023185,1227,593,634
E01023174,1737,870,867
E01023175,1625,770,855
E01023176,1562,715,847
E01023207,1532,759,773
E01023208,1151,555,596
E01023209,1362,663,699
E01023150,1507,689,818
E01023151,1473,682,791
E01023152,1645,719,926
E01023206,1174,552,622
E01023158,2267,1126,1141
E01023191,1874,906,968
E01023192,1817,845,972
E01023193,1590,795,795
E01023194,1542,763,779
E01023200,1541,727,814
E01023162,1807,865,942
E01023163,1654,826,828
E01023164,1613,776,837
E01023199,1735,908,827
E01023210,1579,792,787
E01023211,1925,942,983
E01023212,1511,727,784
E01023213,1366,687,679
E01023214,1332,657,675
E01023170,1740,842,898
E01023171,1628,791,837
E01023172,1498,750,748
E01023173,1475,729,746
E01023286,1446,670,776
E01023287,2811,1398,1413
E01023288,1387,677,710
E01023236,1896,943,953
E01023237,1249,590,659
E01023238,1543,786,757
E01023239,1643,798,845
E01023240,2217,1038,1179
E01023241,1360,661,699
E01023248,1710,836,874
E01023253,1631,736,895
E01023274,1866,984,882
E01023225,2281,1125,1156
E01023278,1621,755,866
E01023279,1464,734,730
E01023280,1532,758,774
E01023281,1732,791,941
E01023247,1536,733,803
E01023249,1220,590,630
E01023250,1739,799,940
E01023268,1334,645,689
E01023269,2359,1033,1326
E01023270,1537,918,619
E01023251,1161,525,636
E01023255,1803,775,1028
E01023256,1406,655,751
E01023257,1508,734,774
E01023258,1568,653,915
E01023252,1787,867,920
E01023254,1828,911,917
E01023263,1387,709,678
E01023264,1978,1285,693
E01023265,1814,889,925
E01023267,1292,646,646
E01023260,1640,704,936
E01023261,1584,718,866
E01023262,1551,701,850
E01023266,1561,745,816
E01023229,2031,1016,1015
E01023242,1209,595,614
E01023243,1292,619,673
E01023244,1547,727,820
E01023259,1515,751,764
E01023226,1589,745,844
E01023227,1839,918,921
E01023228,2018,976,1042
E01023230,2126,1014,1112
E01023246,1481,740,741
E01023235,2019,968,1051
E01023275,1455,692,763
E01023276,1562,766,796
E01023277,1234,611,623
E01023282,1881,920,961
E01023220,2016,974,1042
E01023221,1706,798,908
E01023222,1541,700,841
E01023223,1460,701,759
E01023272,1255,617,638
E01023273,1481,746,735
E01023245,2390,1179,1211
E01023271,1206,577,629
E01023284,2742,1393,1349
E01023285,1557,741,816
E01032859,1794,903,891
E01032860,1442,718,724
E01023224,1489,740,749
E01023231,1753,857,896
E01023232,1907,945,962
E01023233,1493,711,782
E01023234,1583,756,827
E01023987,1041,506,535
E01023988,1401,670,731
E01024040,1167,562,605
E01024041,1115,540,575
E01032810,1488,709,779
E01032812,1744,861,883
E01023985,1111,538,573
E01023986,1245,578,667
E01023989,1182,578,604
E01023990,1221,587,634
E01024033,1713,842,871
E01024035,1073,512,561
E01023983,1381,645,736
E01023999,2203,1096,1107
E01032811,1646,815,831
E01032822,1450,689,761
E01023980,1150,528,622
E01023981,1225,593,632
E01023984,1210,588,622
E01023992,1501,726,775
E01023993,1464,710,754
E01024021,1298,631,667
E01024022,1415,678,737
E01032820,1559,765,794
E01032821,1714,854,860
E01023973,1591,761,830
E01024002,1439,734,705
E01024023,2527,1213,1314
E01024027,1645,860,785
E01024029,2378,1188,1190
E01023972,1281,618,663
E01023995,1245,608,637
E01023996,1328,640,688
E01024003,1752,842,910
E01024004,1720,819,901
E01024005,1564,766,798
E01023974,1306,639,667
E01023975,1650,790,860
E01023977,1160,568,592
E01024016,1363,668,695
E01024017,1761,852,909
E01024028,1718,827,891
E01023976,1646,801,845
E01024019,1472,705,767
E01024020,1979,923,1056
E01032816,1765,856,909
E01032823,1691,856,835
E01024001,1529,777,752
E01024006,1404,687,717
E01024008,2044,973,1071
E01032815,1044,488,556
E01032817,1205,587,618
E01032818,1581,792,789
E01032819,1808,896,912
E01032824,1483,757,726
E01024013,1706,830,876
E01024014,1708,818,890
E01024015,1602,783,819
E01024034,2416,1188,1228
E01023978,1271,644,627
E01023979,1303,626,677
E01024032,1584,788,796
E01024036,1301,643,658
E01024031,1481,720,761
E01024038,1903,946,957
E01024039,1491,705,786
E01032813,1812,867,945
E01032814,1865,928,937
E01024009,1094,509,585
E01024010,1276,600,676
E01024011,1307,623,684
E01024012,1074,520,554
E01024024,2229,1024,1205
E01024025,1130,486,644
E01023997,1456,716,740
E01023998,1112,537,575
E01024026,1262,600,662
E01024037,1777,839,938
E01024078,1676,814,862
E01024080,1325,613,712
E01024081,1571,739,832
E01024082,1406,659,747
E01024095,1492,717,775
E01024094,2441,1185,1256
E01024096,1780,826,954
E01024097,1542,713,829
E01024098,1590,735,855
E01024064,2432,1197,1235
E01024066,1595,773,822
E01024079,1493,702,791
E01024083,1370,647,723
E01024118,1792,842,950
E01024059,1529,705,824
E01024065,2012,995,1017
E01024117,1416,684,732
E01024119,1625,773,852
E01024120,1565,749,816
E01024056,1946,930,1016
E01024057,1792,864,928
E01024058,1612,768,844
E01024114,1720,792,928
E01024115,1393,658,735
E01024073,1963,953,1010
E01024074,1504,749,755
E01024075,1627,778,849
E01024076,1875,923,952
E01024077,1471,741,730
E01024055,1519,703,816
E01024061,1496,687,809
E01024063,1551,753,798
E01024071,1682,809,873
E01024116,1500,692,808
E01024060,1521,710,811
E01024069,1380,663,717
E01024070,1405,668,737
E01024072,1324,632,692
E01024106,1578,713,865
E01024062,1556,772,784
E01024105,1530,743,787
E01024107,1466,709,757
E01024108,1146,546,600
E01024109,2247,1091,1156
E01024084,1141,529,612
E01024085,1577,738,839
E01024086,2054,1027,1027
E01024087,1248,596,652
E01024091,1431,735,696
E01024110,1271,630,641
E01024111,1533,737,796
E01024112,1570,750,820
E01024113,1324,624,700
E01024067,1132,552,580
E01024068,1524,746,778
E01024123,1646,784,862
E01032809,6176,2970,3206
E01024099,1500,724,776
E01024100,1581,737,844
E01024101,1844,966,878
E01024102,1762,871,891
E01024103,1630,763,867
E01024047,1583,762,821
E01024049,1817,1030,787
E01024090,2446,1143,1303
E01024092,1554,735,819
E01024093,1571,718,853
E01024044,1976,944,1032
E01024045,1584,735,849
E01024046,1894,926,968
E01024048,1963,985,978
E01024131,1598,784,814
E01024052,2233,1094,1139
E01024053,1847,916,931
E01024054,1798,874,924
E01024127,1552,750,802
E01024042,1364,669,695
E01024043,1393,655,738
E01024088,1565,717,848
E01024089,1193,574,619
E01024128,1660,819,841
E01024129,1747,845,902
E01024130,2534,1179,1355
E01024104,2005,977,1028
E01024121,1506,727,779
E01024122,1407,636,771
E01024124,1572,782,790
E01024126,1503,685,818
E01032807,1463,680,783
E01032808,1417,703,714
E01024148,1674,810,864
E01024149,2972,1423,1549
E01024154,1266,605,661
E01024155,1492,698,794
E01024140,2692,1356,1336
E01024141,1597,787,810
E01024143,2246,1156,1090
E01024179,2817,1411,1406
E01024180,1436,752,684
E01024181,1355,680,675
E01024182,1571,829,742
E01024183,1384,691,693
E01024184,1986,993,993
E01024185,2079,1004,1075
E01024142,2724,1356,1368
E01024176,1670,820,850
E01024177,1436,702,734
E01024178,1638,829,809
E01024156,1658,852,806
E01024161,1976,1000,976
E01024162,1626,876,750
E01024163,1802,895,907
E01024164,1900,968,932
E01024169,1510,727,783
E01024170,1555,754,801
E01024171,1558,801,757
E01024172,1930,994,936
E01024144,1510,771,739
E01024145,1630,802,828
E01024146,1487,733,754
E01024147,1722,839,883
E01024186,1317,638,679
E01024133,1365,680,685
E01024136,1550,785,765
E01024137,1511,755,756
E01024138,1810,855,955
E01024139,1763,892,871
E01024165,1523,702,821
E01024166,1705,814,891
E01024167,1832,900,932
E01024168,1247,595,652
E01024150,1516,714,802
E01024151,1431,705,726
E01024152,2655,1307,1348
E01024153,1410,699,711
E01024173,1793,895,898
E01024187,1113,530,583
E01024188,1311,622,689
E01024189,1576,752,824
E01024132,1286,634,652
E01024134,1643,800,843
E01024135,1426,692,734
E01024174,1148,563,585
E01024175,1289,617,672
E01024157,1674,799,875
E01024158,1560,717,843
E01024159,1577,759,818
E01024160,1435,726,709
E01024206,1799,890,909
E01024207,1817,891,926
E01024208,1620,791,829
E01024209,1775,880,895
E01024202,1914,914,1000
E01024242,1810,916,894
E01024243,1682,761,921
E01024244,1760,845,915
E01024245,1791,891,900
E01024219,1339,617,722
E01024220,1600,726,874
E01024221,1574,740,834
E01024227,1472,718,754
E01024229,1460,718,742
E01024228,1540,804,736
E01024230,1376,661,715
E01024231,1538,783,755
E01024252,2393,1145,1248
E01024201,1534,766,768
E01024217,1688,820,868
E01024223,1599,726,873
E01024225,1692,839,853
E01024226,1475,694,781
E01024190,1455,710,745
E01024191,1752,843,909
E01024192,1698,816,882
E01024204,1593,774,819
E01024218,1213,578,635
E01024222,1571,749,822
E01024224,1514,726,788
E01024250,1670,791,879
E01024251,1642,771,871
E01024200,1751,878,873
E01024203,1602,799,803
E01024205,1620,778,842
E01024255,1558,742,816
E01024232,2030,975,1055
E01024236,1592,777,815
E01024237,1578,777,801
E01024253,1729,806,923
E01024233,1605,786,819
E01024235,1595,760,835
E01024254,2162,1073,1089
E01024256,1422,693,729
E01033210,2342,1147,1195
E01024193,1615,763,852
E01024194,1506,779,727
E01024195,1404,693,711
E01024196,1486,720,766
E01024197,1569,772,797
E01024240,1688,803,885
E01024241,2148,1043,1105
E01024248,1900,984,916
E01024238,1999,1051,948
E01024239,1758,861,897
E01024247,1951,1010,941
E01033209,1047,564,483
E01033211,1129,565,564
E01024214,1688,857,831
E01024215,1614,856,758
E01024216,1491,724,767
E01024246,2036,1075,961
E01024249,2072,1064,1008
E01024198,2347,1166,1181
E01024212,1531,793,738
E01024213,1389,678,711
E01024234,1364,659,705
E01024276,2542,1252,1290
E01024277,1888,926,962
E01024278,1863,926,937
E01024279,1510,745,765
E01024257,2042,1097,945
E01024290,1703,850,853
E01024291,1771,911,860
E01024295,1788,908,880
E01032799,1557,836,721
E01032800,1161,637,524
E01024258,1607,809,798
E01024261,2163,1084,1079
E01024293,1729,865,864
E01024294,2268,1087,1181
E01024296,2842,1490,1352
E01024262,1685,818,867
E01024263,1524,716,808
E01024282,1630,799,831
E01024283,1320,657,663
E01024284,1558,772,786
E01024259,1531,759,772
E01024260,1858,949,909
E01024292,1638,849,789
E01024313,1597,749,848
E01024317,1705,846,859
E01024318,1579,766,813
E01024280,1673,789,884
E01024281,1457,722,735
E01024285,1391,659,732
E01024287,1464,702,762
E01024288,1379,652,727
E01024308,1420,667,753
E01024310,1544,762,782
E01024311,1335,635,700
E01024314,1283,640,643
E01024315,1544,764,780
E01024297,1551,762,789
E01024298,1416,716,700
E01024299,1430,701,729
E01024309,1288,610,678
E01024312,1297,631,666
E01024264,1527,736,791
E01024286,1626,818,808
E01024316,1849,861,988
E01024319,1604,766,838
E01024265,1287,636,651
E01024266,1153,537,616
E01024267,1522,748,774
E01024300,1463,718,745
E01024301,1247,589,658
E01024303,1546,721,825
E01024304,1549,754,795
E01024305,1520,733,787
E01024306,1144,569,575
E01024307,1462,722,740
E01024268,1602,786,816
E01024269,1835,912,923
E01024270,1450,711,739
E01024271,1414,666,748
E01024272,1493,706,787
E01024273,1529,779,750
E01024274,1495,721,774
E01024275,1406,700,706
E01024302,1466,735,731
E01024333,1376,682,694
E01024334,1023,496,527
E01024335,1554,771,783
E01024338,1387,704,683
E01024347,1702,837,865
E01024353,1812,882,930
E01024354,1462,708,754
E01024355,1963,995,968
E01024385,1602,792,810
E01024386,1730,837,893
E01024320,1191,563,628
E01024321,1718,811,907
E01024322,1172,581,591
E01024323,1345,664,681
E01024324,1452,697,755
E01024341,1715,829,886
E01024352,1795,857,938
E01024382,2052,1368,684
E01024383,2314,1308,1006
E01024384,1783,859,924
E01033090,1235,625,610
E01033092,1224,672,552
E01024330,1586,767,819
E01024336,1667,820,847
E01024337,1503,749,754
E01024348,1360,692,668
E01024351,1507,717,790
E01024339,1900,910,990
E01024340,2240,1133,1107
E01024356,1622,814,808
E01024373,1823,920,903
E01033087,1336,694,642
E01033091,1682,824,858
E01024326,1882,901,981
E01024327,1633,782,851
E01024328,1588,738,850
E01024329,1520,743,777
E01024349,1356,686,670
E01024357,1686,831,855
E01024358,1722,803,919
E01024367,1474,728,746
E01024369,1534,777,757
E01033088,1446,713,733
E01033089,1599,760,839
E01024360,1522,718,804
E01024372,1966,992,974
E01024374,1810,865,945
E01024401,1514,725,789
E01024403,1767,856,911
E01024371,1632,834,798
E01024392,1598,787,811
E01024393,1552,754,798
E01024395,1475,708,767
E01024396,1574,771,803
E01024361,1686,826,860
E01024362,1684,833,851
E01024363,2113,1063,1050
E01024387,2445,1208,1237
E01024331,1411,685,726
E01024394,1409,703,706
E01024402,1464,695,769
E01024404,1582,780,802
E01024405,2004,951,1053
E01024389,2273,1078,1195
E01024390,1401,657,744
E01024391,1435,690,745
E01024397,1450,709,741
E01024398,1736,820,916
E01024399,1308,612,696
E01024400,1401,656,745
E01024325,2327,1133,1194
E01024346,1293,645,648
E01024377,1614,799,815
E01024378,1365,656,709
E01024332,1198,595,603
E01024350,1458,720,738
E01024375,2394,1206,1188
E01024388,2929,1432,1497
E01024410,1564,749,815
E01024342,1671,802,869
E01024343,1419,728,691
E01024344,1374,672,702
E01024376,2277,1114,1163
E01024364,1627,773,854
E01024365,1760,848,912
E01024366,1768,825,943
E01024411,1288,673,615
E01024345,1556,793,763
E01024379,1715,871,844
E01024380,1688,834,854
E01024381,1426,698,728
E01024406,1513,740,773
E01024407,1495,743,752
E01024408,1433,704,729
E01024409,1506,723,783
E01024445,1290,623,667
E01024446,1478,711,767
E01024447,1324,638,686
E01024472,1396,686,710
E01024479,1484,730,754
E01024476,1540,723,817
E01024477,1416,671,745
E01024478,1422,716,706
E01024480,1635,767,868
E01024481,1535,715,820
E01024482,1450,691,759
E01024421,1909,931,978
E01024473,1597,762,835
E01024474,1267,627,640
E01024475,1484,747,737
E01024441,1524,749,775
E01024442,1512,783,729
E01024443,1533,682,851
E01024444,1266,602,664
E01024431,1814,856,958
E01024432,1522,726,796
E01024433,1319,661,658
E01024434,1970,951,1019
E01024435,1545,752,793
E01024436,1504,738,766
E01024437,1509,767,742
E01024438,1504,735,769
E01024422,1858,906,952
E01024423,1721,840,881
E01024439,1563,764,799
E01024440,1922,953,969
E01024452,1393,697,696
E01024448,1251,588,663
E01024449,1440,694,746
E01024450,1527,722,805
E01024453,1625,824,801
E01024454,1577,757,820
E01024457,1161,541,620
E01024460,1662,810,852
E01024461,2446,1197,1249
E01024465,1384,673,711
E01024466,1363,667,696
E01024468,1492,718,774
E01024416,1705,837,868
E01024418,1387,668,719
E01024424,1415,708,707
E01024463,1502,744,758
E01024464,1681,822,859
E01024467,1705,830,875
E01024458,1452,725,727
E01024459,1581,766,815
E01024462,1675,814,861
E01024469,1632,827,805
E01024470,1602,772,830
E01024471,1849,825,1024
E01024417,1558,768,790
E01024419,1748,841,907
E01024483,1574,781,793
E01024484,1219,593,626
E01024485,1682,819,863
E01024425,1586,761,825
E01024426,1755,847,908
E01024427,1271,599,672
E01024428,1299,625,674
E01024429,1568,752,816
E01024430,1428,690,738
E01024420,2049,1014,1035
E01024451,2204,1063,1141
E01024455,1206,577,629
E01024456,1261,616,645
E01024413,1623,749,874
E01024414,1566,753,813
E01024415,1358,669,689
E01032619,1618,797,821
E01024490,2087,1040,1047
E01024544,1399,684,715
E01024545,1447,697,750
E01024547,1342,632,710
E01024492,1522,741,781
E01024541,2439,1206,1233
E01024542,2039,983,1056
E01033213,1789,890,899
E01033214,1735,855,880
E01024496,1583,760,823
E01024497,1661,773,888
E01024498,1662,788,874
E01024503,1721,839,882
E01024518,1721,843,878
E01024499,1676,825,851
E01024500,1207,582,625
E01024501,1576,732,844
E01024502,1404,746,658
E01024505,1882,946,936
E01024491,1528,748,780
E01024493,1471,697,774
E01024494,1651,796,855
E01024495,1787,892,895
E01024520,1404,673,731
E01024528,1252,592,660
E01024511,1400,655,745
E01024512,1743,839,904
E01024513,1676,809,867
E01024514,1378,674,704
E01024515,1434,690,744
E01024516,1397,676,721
E01024519,1554,949,605
E01024521,1681,796,885
E01024523,1548,732,816
E01024526,1526,712,814
E01024527,1466,672,794
E01024550,2022,953,1069
E01024489,1703,853,850
E01024530,1464,690,774
E01024536,2004,981,1023
E01024546,1601,769,832
E01024522,1344,630,714
E01024524,1479,668,811
E01024525,1563,733,830
E01024529,1435,676,759
E01024531,1439,695,744
E01024486,2022,960,1062
E01024487,1266,613,653
E01024488,1300,603,697
E01024548,1245,634,611
E01024549,1113,569,544
E01024537,1675,843,832
E01024538,1769,855,914
E01024539,2006,931,1075
E01024540,1546,755,791
E01024532,1459,767,692
E01024533,1219,604,615
E01024534,1532,746,786
E01024535,2357,1220,1137
E01024504,2035,1145,890
E01024507,1995,1096,899
E01033212,1461,820,641
E01033215,1207,669,538
E01024508,1955,986,969
E01024509,1639,832,807
E01024510,1633,807,826
E01024517,1693,868,825
E01024609,1172,600,572
E01024610,1569,764,805
E01024611,1572,782,790
E01024612,1529,742,787
E01024613,1428,721,707
E01024614,1520,729,791
E01024615,1495,732,763
E01024616,1653,788,865
E01024585,1428,677,751
E01024587,1441,689,752
E01024588,1469,727,742
E01024589,1551,766,785
E01024595,1492,724,768
E01024598,1571,812,759
E01024619,1449,689,760
E01024621,1255,588,667
E01032653,1501,743,758
E01032654,1829,921,908
E01024594,1395,686,709
E01024596,1611,794,817
E01024597,1454,716,738
E01024620,1242,623,619
E01024580,1678,846,832
E01024581,1341,669,672
E01024586,1624,776,848
E01024618,3022,2140,882
E01024576,1648,803,845
E01024577,1369,679,690
E01024578,1634,782,852
E01024579,2970,1467,1503
E01024583,1676,789,887
E01032655,1584,799,785
E01032656,1503,740,763
E01024570,1749,810,939
E01024571,1545,750,795
E01024572,1144,579,565
E01024573,1340,639,701
E01024575,1180,583,597
E01024554,2432,1195,1237
E01024561,1360,709,651
E01024567,2774,1353,1421
E01024568,2794,1373,1421
E01024582,1567,787,780
E01024559,1339,647,692
E01024584,1704,814,890
E01024590,1532,777,755
E01024599,1926,924,1002
E01024608,1738,866,872
E01024591,1810,894,916
E01024592,1264,644,620
E01024593,1371,663,708
E01024600,1484,727,757
E01024601,1612,788,824
E01024560,1273,611,662
E01024562,1479,734,745
E01024569,1766,861,905
E01024630,1645,783,862
E01024632,1560,759,801
E01024606,1394,690,704
E01024628,1497,746,751
E01024629,1141,566,575
E01024631,1676,804,872
E01032735,1568,760,808
E01032737,1443,732,711
E01024564,1012,494,518
E01024603,1246,631,615
E01024604,1194,572,622
E01024605,1339,647,692
E01024626,1575,759,816
E01024627,1934,936,998
E01024551,2241,1050,1191
E01024552,1855,887,968
E01024553,1988,919,1069
E01024563,1581,778,803
E01024602,1489,717,772
E01024625,1862,906,956
E01024565,1305,669,636
E01024566,1483,764,719
E01024622,1681,833,848
E01024623,1838,890,948
E01024624,1804,903,901
E01024555,1340,641,699
E01024556,1182,582,600
E01024557,1493,717,776
E01024558,1611,786,825
E01024657,2276,1210,1066
E01024658,2072,1033,1039
E01024659,1527,733,794
E01024660,1760,874,886
E01024678,1918,954,964
E01024653,1601,765,836
E01024654,1519,713,806
E01024655,1475,700,775
E01024656,1673,801,872
E01024675,2147,1010,1137
E01024676,1667,899,768
E01024677,1798,861,937
E01024695,1302,636,666
E01024697,1276,594,682
E01024710,1131,614,517
E01024661,1510,765,745
E01024664,1482,719,763
E01024665,1516,704,812
E01024694,1779,862,917
E01024696,1411,662,749
E01024672,1451,670,781
E01024673,1792,872,920
E01024674,1606,800,806
E01024711,1441,705,736
E01024712,1554,752,802
E01024633,1545,740,805
E01024634,1403,656,747
E01024662,1579,734,845
E01024663,1587,733,854
E01024666,1655,781,874
E01024641,1457,673,784
E01024713,1663,771,892
E01024714,1512,679,833
E01024715,1803,867,936
E01024716,2018,949,1069
E01024636,2028,920,1108
E01024637,1672,784,888
E01024638,1587,725,862
E01024639,1624,755,869
E01024640,1593,755,838
E01024635,1676,810,866
E01024642,1503,689,814
E01024644,1331,629,702
E01024692,1642,728,914
E01024693,1372,643,729
E01024643,1233,617,616
E01024705,1271,630,641
E01024706,1523,733,790
E01024707,1361,645,716
E01024708,1532,732,800
E01024686,1633,784,849
E01024688,1566,750,816
E01024689,1253,589,664
E01024690,1503,682,821
E01024691,1272,618,654
E01024669,1684,803,881
E01024698,1466,692,774
E01024699,1853,902,951
E01024700,1804,842,962
E01024709,1336,636,700
E01024682,1723,796,927
E01024683,1720,820,900
E01024684,1601,786,815
E01024685,1866,867,999
E01024687,1445,722,723
E01024701,1995,979,1016
E01024702,1339,649,690
E01024703,1736,854,882
E01024704,1668,809,859
E01024645,1516,752,764
E01024647,1579,796,783
E01024668,1392,686,706
E01024670,1575,746,829
E01024681,1727,834,893
E01024646,1900,939,961
E01024648,1519,764,755
E01024649,1726,861,865
E01024667,1725,890,835
E01024671,1646,772,874
E01024650,1442,696,746
E01024651,1439,696,743
E01024652,1822,879,943
E01024679,1261,604,657
E01024680,1600,774,826
E01024719,1983,1013,970
E01024720,1398,681,717
E01024721,1285,639,646
E01024722,1377,667,710
E01024727,2724,1313,1411
E01024728,1638,809,829
E01024771,1865,901,964
E01024772,1644,814,830
E01024773,1744,850,894
E01024774,2461,1181,1280
E01032830,2497,1195,1302
E01024741,1538,730,808
E01024761,2214,1092,1122
E01024762,2054,1031,1023
E01024763,1394,676,718
E01024764,1263,630,633
E01024765,1365,685,680
E01024782,1286,627,659
E01024785,1480,713,767
E01024717,1611,733,878
E01024718,1336,664,672
E01024735,1570,769,801
E01024736,1703,817,886
E01024737,2331,1121,1210
E01024723,1587,801,786
E01024724,1992,967,1025
E01024725,1640,801,839
E01024726,1719,830,889
E01024755,2084,1035,1049
E01024786,1921,921,1000
E01024746,1083,528,555
E01024760,1581,785,796
E01024781,2104,1039,1065
E01032825,1576,774,802
E01032826,1613,834,779
E01032827,1762,878,884
E01032828,1238,618,620
E01024743,1829,897,932
E01024744,2042,1035,1007
E01024745,1872,912,960
E01024747,1546,746,800
E01024730,1284,616,668
E01024731,1209,583,626
E01024775,1529,731,798
E01024776,1318,615,703
E01024777,1238,596,642
E01024734,1613,759,854
E01024752,1662,815,847
E01024753,1595,801,794
E01024754,1697,853,844
E01024729,1770,826,944
E01024748,1452,719,733
E01024749,1507,729,778
E01024750,1489,693,796
E01024751,1556,736,820
E01024732,1896,1161,735
E01024733,1773,867,906
E01024756,1653,805,848
E01024766,1974,1007,967
E01024767,1543,749,794
E01024768,1686,823,863
E01024757,1596,789,807
E01024758,1585,773,812
E01024778,1579,783,796
E01024779,1806,921,885
E01024780,1638,772,866
E01024740,1825,895,930
E01024742,1714,818,896
E01024783,1670,769,901
E01024784,1372,659,713
E01032620,2265,1116,1149
E01032829,1361,676,685
E01024798,2467,1233,1234
E01024811,1220,606,614
E01024812,1312,624,688
E01024813,1666,823,843
E01024814,1338,662,676
E01024815,1346,649,697
E01024816,1371,686,685
E01024837,1963,964,999
E01024844,1647,828,819
E01024846,1600,781,819
E01024849,1655,822,833
E01024850,1335,667,668
E01024836,1760,882,878
E01024839,1750,875,875
E01024845,1354,644,710
E01024847,1623,776,847
E01024848,1358,622,736
E01024793,1682,843,839
E01024825,1544,716,828
E01024826,1467,738,729
E01024827,1576,772,804
E01024828,1541,760,781
E01024840,2019,980,1039
E01024841,1929,947,982
E01024842,1602,786,816
E01024843,1489,745,744
E01024829,1658,810,848
E01024851,1723,813,910
E01024852,1355,665,690
E01024853,1367,645,722
E01024854,1696,841,855
E01024799,1991,950,1041
E01024800,1678,821,857
E01024835,2123,1054,1069
E01024838,1741,851,890
E01024801,2594,1406,1188
E01024802,2040,1132,908
E01024823,1819,911,908
E01024833,2409,1228,1181
E01024821,2054,959,1095
E01024822,1881,853,1028
E01024824,1609,764,845
E01024832,1664,803,861
E01024834,2245,1111,1134
E01024795,1455,720,735
E01024796,1408,703,705
E01024830,1869,933,936
E01024831,1449,700,749
E01024792,1895,946,949
E01024794,1721,836,885
E01024804,1501,756,745
E01024805,1706,872,834
E01024806,1826,979,847
E01024797,1623,819,804
E01024817,1829,897,932
E01024818,1727,817,910
E01024819,1705,863,842
E01024820,1706,821,885
E01024787,1294,616,678
E01024788,1489,701,788
E01024790,1305,653,652
E01024791,1337,639,698
E01024803,2180,1056,1124
E01024789,2374,958,1416
E01024807,1594,776,818
E01024808,1616,786,830
E01024809,1478,728,750
E01024810,1701,871,830
E01028479,1249,624,625
E01028480,1469,719,750
E01028508,1089,526,563
E01028509,1527,762,765
E01028441,2474,1211,1263
E01028443,1464,718,746
E01028444,1533,767,766
E01032943,1632,797,835
E01032944,1347,682,665
E01028445,1458,685,773
E01028446,1544,752,792
E01028447,1260,651,609
E01028448,1606,763,843
E01028435,1696,820,876
E01028437,1592,776,816
E01028438,1687,840,847
E01028439,1423,710,713
E01028440,1634,833,801
E01032941,1433,675,758
E01032942,1415,710,705
E01028449,1354,673,681
E01028450,1461,675,786
E01028451,1308,681,627
E01028452,1393,677,716
E01028453,1359,651,708
E01028454,1595,765,830
E01028430,1477,739,738
E01028431,1515,732,783
E01028432,1551,734,817
E01028433,1678,788,890
E01028434,1555,663,892
E01028426,1378,670,708
E01028427,1524,775,749
E01028428,1443,713,730
E01028429,1064,492,572
E01028422,1548,765,783
E01028423,1463,677,786
E01028475,2126,1044,1082
E01028476,2405,1201,1204
E01028474,1582,793,789
E01028485,1313,612,701
E01028486,1283,628,655
E01028503,1151,549,602
E01028504,1523,780,743
E01028481,1471,700,771
E01028482,1224,593,631
E01028505,1758,870,888
E01028506,1753,845,908
E01028507,1428,708,720
E01028425,2248,1250,998
E01028477,1536,733,803
E01028478,1481,725,756
E01028483,1270,636,634
E01028484,1093,541,552
E01028499,1521,743,778
E01028459,1476,733,743
E01028460,2159,1079,1080
E01028461,1748,824,924
E01028462,1631,808,823
E01028455,1442,715,727
E01028456,1463,725,738
E01028457,1396,716,680
E01028458,1545,766,779
E01028467,1581,737,844
E01028466,1730,840,890
E01028469,1527,739,788
E01028470,1698,855,843
E01028471,1366,654,712
E01028472,1295,660,635
E01028473,1539,737,802
E01028463,2523,1253,1270
E01028464,1428,711,717
E01028465,1460,717,743
E01028468,1847,898,949
E01028424,1602,833,769
E01028497,1422,690,732
E01028498,1633,811,822
E01028500,2108,1483,625
E01028501,1281,629,652
E01028502,1230,608,622
E01028487,1274,613,661
E01028489,1397,682,715
E01028490,1208,591,617
E01028491,1499,731,768
E01028494,1166,570,596
E01028492,1474,738,736
E01028493,1410,680,730
E01028495,1313,640,673
E01028496,1401,662,739
E01028488,1581,905,676
E01028510,1599,803,796
E01028511,1609,787,822
E01028512,1443,661,782
E01028594,1543,732,811
E01028595,1435,679,756
E01028596,1468,696,772
E01028597,1420,702,718
E01028591,1413,770,643
E01028592,1549,824,725
E01032554,2069,950,1119
E01032555,2178,1043,1135
E01028565,1253,609,644
E01028583,1416,652,764
E01028584,2598,1268,1330
E01028585,1483,749,734
E01028560,1490,714,776
E01028561,1593,745,848
E01028562,1647,767,880
E01028563,1529,751,778
E01028513,2246,1046,1200
E01028514,1502,718,784
E01028516,1772,854,918
E01028538,1493,721,772
E01028534,1139,534,605
E01028535,1601,759,842
E01028536,1381,604,777
E01028537,1643,745,898
E01028539,1885,979,906
E01028540,2846,1288,1558
E01028515,1682,812,870
E01028571,1584,754,830
E01028572,1633,800,833
E01028573,1746,835,911
E01028574,1345,648,697
E01028521,8300,4705,3595
E01028522,3486,2024,1462
E01033282,4556,2301,2255
E01028548,1708,878,830
E01028549,1644,864,780
E01028550,1402,705,697
E01028551,2066,1100,966
E01028523,1520,712,808
E01028524,1527,748,779
E01028525,1919,895,1024
E01028526,2337,1118,1219
E01028579,1649,766,883
E01028580,1483,776,707
E01028581,1482,730,752
E01028582,1338,655,683
E01028586,1719,857,862
E01028587,2011,1000,1011
E01028588,1600,834,766
E01028541,1472,691,781
E01028542,1831,950,881
E01028543,1320,697,623
E01028544,1321,654,667
E01028531,2169,1083,1086
E01028532,2597,1328,1269
E01028533,2211,1109,1102
E01028556,1784,873,911
E01028557,2172,1027,1145
E01028558,1718,889,829
E01028559,1698,881,817
E01028545,1653,794,859
E01028546,1907,958,949
E01028547,2153,1091,1062
E01028527,1740,859,881
E01028528,1545,800,745
E01028529,1570,770,800
E01028530,1707,847,860
E01028575,1528,750,778
E01028578,1550,774,776
E01028552,1724,831,893
E01028553,1811,923,888
E01028554,1326,655,671
E01028555,1580,785,795
E01028576,1462,718,744
E01028577,1960,962,998
E01028517,1307,628,679
E01028518,1617,777,840
E01028519,1451,717,734
E01028567,1756,848,908
E01028520,1702,853,849
E01028568,1601,722,879
E01028569,1735,762,973
E01028570,1899,913,986
E01028666,1536,743,793
E01028667,1384,681,703
E01028668,1402,686,716
E01028669,1353,655,698
E01028638,1382,686,696
E01028639,1342,660,682
E01028640,1454,726,728
E01028683,1378,693,685
E01028670,1496,713,783
E01028671,1420,689,731
E01028672,1710,842,868
E01028673,1260,584,676
E01028646,1150,562,588
E01028647,1577,754,823
E01028681,1292,645,647
E01028682,1198,579,619
E01028684,1423,689,734
E01028598,2370,1178,1192
E01028613,1437,709,728
E01028614,1498,734,764
E01028615,1583,756,827
E01028616,1406,677,729
E01028604,1548,773,775
E01028605,1555,762,793
E01028607,1331,645,686
E01028641,1204,580,624
E01028657,1213,612,601
E01028658,1315,647,668
E01028600,1499,743,756
E01028603,1201,600,601
E01028606,1731,846,885
E01028609,1337,675,662
E01028610,1493,745,748
E01028678,1549,756,793
E01028679,2174,1041,1133
E01028680,1728,801,927
E01028625,1962,973,989
E01028626,1648,836,812
E01028627,1494,714,780
E01028628,1493,763,730
E01028629,1446,710,736
E01028621,1432,732,700
E01028622,1214,584,630
E01028623,1634,805,829
E01028624,1451,698,753
E01028599,1378,649,729
E01028601,1916,1181,735
E01028602,1543,767,776
E01028620,2833,1564,1269
E01028608,1223,598,625
E01028617,1885,872,1013
E01028674,1326,644,682
E01028675,1251,610,641
E01028676,2025,963,1062
E01028677,1431,680,751
E01028630,1549,836,713
E01028631,1104,551,553
E01028632,1477,728,749
E01028633,1505,763,742
E01028634,1337,650,687
E01028635,1528,770,758
E01028636,1307,583,724
E01028637,1559,785,774
E01028618,1847,935,912
E01028619,1835,890,945
E01028644,1583,781,802
E01028648,1162,581,581
E01028649,1555,755,800
E01028650,2004,922,1082
E01028651,1556,724,832
E01028652,1990,885,1105
E01028653,1449,697,752
E01028654,1609,784,825
E01028655,1714,774,940
E01028656,1297,628,669
E01028611,1144,561,583
E01028642,1295,617,678
E01028643,1402,673,729
E01028645,1465,690,775
E01028685,1195,579,616
E01028686,1409,810,599
E01028612,1225,575,650
E01028660,1760,879,881
E01028661,1829,994,835
E01028662,1316,618,698
E01028659,1619,843,776
E01028663,1491,700,791
E01028664,1310,611,699
E01028665,1316,623,693
E01028708,1781,833,948
E01028709,1572,771,801
E01028710,1635,819,816
E01028711,1682,822,860
E01028733,1283,627,656
E01028734,1552,758,794
E01028735,1634,834,800
E01028740,1553,785,768
E01028741,1543,740,803
E01028742,1575,768,807
E01028738,2143,1331,812
E01028739,1905,1022,883
E01028743,1605,1124,481
E01028744,1230,597,633
E01028750,1466,716,750
E01028751,1472,711,761
E01028752,1697,833,864
E01028693,1613,808,805
E01028694,1470,744,726
E01028701,1561,762,799
E01028705,1289,634,655
E01028706,1497,756,741
E01028707,1555,762,793
E01028688,1217,605,612
E01028689,1471,730,741
E01028695,1563,783,780
E01028699,1598,807,791
E01028696,1406,730,676
E01028697,1525,721,804
E01028698,1493,714,779
E01028700,1676,804,872
E01028703,1764,817,947
E01033305,1288,613,675
E01033306,1588,755,833
E01028726,2191,1098,1093
E01028736,2349,1143,1206
E01028737,2341,1157,1184
E01028690,1622,823,799
E01028691,1424,683,741
E01028692,1411,677,734
E01028702,1241,590,651
E01028704,1858,870,988
E01028716,1883,937,946
E01028717,1584,752,832
E01028718,1499,719,780
E01028719,1595,788,807
E01028749,2430,1221,1209
E01028714,2353,1152,1201
E01028731,1292,636,656
E01028732,1224,611,613
E01028753,1422,676,746
E01028754,1349,644,705
E01028721,1348,683,665
E01028722,1601,808,793
E01028723,1418,730,688
E01028724,1299,657,642
E01028725,1512,764,748
E01028755,1666,815,851
E01028756,2417,1145,1272
E01028758,1553,766,787
E01028759,1526,772,754
E01028760,1287,617,670
E01028761,1354,668,686
E01028712,2002,962,1040
E01028727,1626,784,842
E01028728,1166,540,626
E01028729,1073,533,540
E01028730,1623,805,818
E01028757,1524,697,827
E01028713,2372,1178,1194
E01028715,1398,680,718
E01028720,2261,1098,1163
E01028745,1383,711,672
E01028746,1290,650,640
E01028747,1250,646,604
E01028748,1069,536,533
E01028780,2015,1007,1008
E01028781,1255,595,660
E01028782,1551,744,807
E01028783,1516,710,806
E01028795,1541,732,809
E01028796,1422,721,701
E01028797,1139,555,584
E01028806,1976,937,1039
E01028763,1957,919,1038
E01028776,1938,952,986
E01028798,2012,979,1033
E01028804,1313,654,659
E01028823,1293,585,708
E01028824,1540,718,822
E01028825,1165,559,606
E01032954,2716,1310,1406
E01028777,1101,515,586
E01028778,1468,713,755
E01028779,1058,549,509
E01028799,1928,936,992
E01028788,1626,773,853
E01028789,1448,686,762
E01028790,1182,597,585
E01028791,1560,759,801
E01028784,2110,1069,1041
E01028792,1076,518,558
E01028793,1574,776,798
E01028794,1409,684,725
E01028810,1358,676,682
E01028811,1379,657,722
E01028813,1294,638,656
E01028814,1414,672,742
E01028815,1260,620,640
E01032947,1818,888,930
E01032948,1943,926,1017
E01032952,1363,630,733
E01028809,1363,661,702
E01028820,1338,671,667
E01028821,1495,751,744
E01028822,1417,686,731
E01028807,2166,1026,1140
E01028808,1728,846,882
E01028816,1383,698,685
E01028817,1481,734,747
E01028818,1734,800,934
E01028819,1588,760,828
E01028785,1556,744,812
E01028786,1256,618,638
E01028787,1296,638,658
E01028800,1308,650,658
E01028762,1772,892,880
E01028766,1955,945,1010
E01028767,1847,909,938
E01028772,1679,832,847
E01032949,1443,719,724
E01032950,1800,855,945
E01032951,1966,982,984
E01032953,2212,1075,1137
E01028771,1451,710,741
E01028773,1323,671,652
E01028774,2614,1677,937
E01028775,1281,670,611
E01028764,1769,856,913
E01028765,1940,965,975
E01028801,1374,692,682
E01028802,1526,755,771
E01030330,1550,745,805
E01030331,1547,736,811
E01030332,1473,689,784
E01030333,1438,690,748
E01030326,1613,801,812
E01030327,1576,781,795
E01030328,1685,833,852
E01030329,1463,688,775
E01030334,1437,696,741
E01030335,1836,864,972
E01030336,1878,921,957
E01030337,1592,760,832
E01030361,1983,971,1012
E01030362,1176,575,601
E01030363,1840,910,930
E01030364,1512,763,749
E01030350,1636,780,856
E01030351,1523,743,780
E01030352,1561,745,816
E01030353,1587,762,825
E01030322,1814,869,945
E01030323,1383,682,701
E01030324,1578,780,798
E01030325,1568,762,806
E01030357,1566,773,793
E01030358,1443,667,776
E01030359,2210,1099,1111
E01030360,1571,757,814
E01030354,1483,691,792
E01030355,1461,732,729
E01030356,1347,634,713
E01030365,1545,733,812
E01030368,1594,761,833
E01030319,1729,851,878
E01030320,1741,869,872
E01030321,1598,799,799
E01030369,2243,1095,1148
E01030370,1633,806,827
E01030313,1564,755,809
E01030314,1560,765,795
E01030366,1786,859,927
E01030367,1620,777,843
E01030338,1670,825,845
E01030339,1401,666,735
E01030340,1470,712,758
E01030341,1811,883,928
E01030371,1481,724,757
E01030372,1320,623,697
E01030373,1546,769,777
E01030374,1600,801,799
E01030375,1717,825,892
E01030376,1283,658,625
E01030307,1690,845,845
E01030308,1614,792,822
E01030309,1558,723,835
E01030310,1881,906,975
E01030311,1544,734,810
E01030312,1324,672,652
E01030315,1618,778,840
E01030316,1597,772,825
E01030317,1668,799,869
E01030318,1539,680,859
E01030296,1755,857,898
E01030297,2196,1064,1132
E01030298,1581,749,832
E01030299,1636,791,845
E01030346,1501,715,786
E01030347,1664,814,850
E01030348,1631,807,824
E01030349,1706,813,893
E01030300,1609,736,873
E01030301,1553,769,784
E01030302,1576,753,823
E01030304,1628,763,865
E01030305,1620,814,806
E01030306,1503,762,741
E01030303,1826,879,947
E01030342,1728,810,918
E01030343,1693,838,855
E01030344,1530,752,778
E01030345,1664,820,844
E01030386,1446,718,728
E01030387,1673,821,852
E01030388,1308,638,670
E01030389,1507,734,773
E01030393,1900,936,964
E01030394,1763,889,874
E01030399,2053,970,1083
E01030400,1656,753,903
E01030414,1325,646,679
E01030377,2381,1169,1212
E01030378,1551,767,784
E01030406,1600,799,801
E01030407,1390,678,712
E01030408,1819,875,944
E01030395,1754,851,903
E01030413,2070,989,1081
E01030415,1653,829,824
E01030416,1329,661,668
E01030383,2472,1250,1222
E01030384,2701,1327,1374
E01030401,2465,1230,1235
E01030402,1331,633,698
E01030385,1657,820,837
E01030391,1819,879,940
E01030403,1549,752,797
E01030404,1576,747,829
E01030409,1488,703,785
E01030410,1416,680,736
E01030381,1467,709,758
E01030411,2180,999,1181
E01030412,1895,906,989
E01030419,1674,773,901
E01030379,1603,820,783
E01030380,1406,674,732
E01030405,1632,769,863
E01030417,1340,639,701
E01030418,1470,725,745
E01030420,1235,544,691
E01030382,1397,679,718
E01030390,1831,851,980
E01030392,1882,930,952
E01030396,1827,885,942
E01030398,1760,873,887
E01032624,1851,892,959
E01030440,1631,793,838
E01030458,1251,629,622
E01030459,1373,554,819
E01030475,1317,643,674
E01030476,1257,607,650
E01030477,1671,841,830
E01030465,1435,698,737
E01030466,1546,770,776
E01030473,1732,841,891
E01030474,1959,1199,760
E01030441,1276,599,677
E01030442,1490,713,777
E01030443,1346,674,672
E01030444,1552,760,792
E01030445,1454,676,778
E01030446,1369,637,732
E01030447,1342,645,697
E01030426,1496,737,759
E01030427,1502,742,760
E01030428,1197,605,592
E01030429,1491,728,763
E01030430,1494,742,752
E01030499,1549,757,792
E01030500,1530,768,762
E01030501,1638,820,818
E01030502,1244,619,625
E01030503,1445,691,754
E01030504,1123,522,601
E01030485,1729,886,843
E01030487,1630,846,784
E01030488,2269,1162,1107
E01030489,2533,1236,1297
E01030481,1744,883,861
E01030482,1405,706,699
E01030483,1377,711,666
E01030484,1661,855,806
E01030434,1650,806,844
E01030435,1800,868,932
E01030462,1654,777,877
E01030463,1487,731,756
E01030464,1676,824,852
E01030486,1644,850,794
E01030493,1295,625,670
E01030495,1749,942,807
E01030498,1399,703,696
E01030424,1518,744,774
E01030431,1469,737,732
E01030432,1514,750,764
E01030433,1643,820,823
E01030436,2246,1105,1141
E01030437,1792,847,945
E01030439,1719,836,883
E01030460,1570,771,799
E01030461,1649,788,861
E01030470,2943,1440,1503
E01030494,1630,826,804
E01030496,1619,795,824
E01030497,1615,788,827
E01030438,1590,774,816
E01030450,2348,1269,1079
E01030451,1884,1033,851
E01030453,1479,765,714
E01030455,1565,834,731
E01030457,1601,847,754
E01030421,1467,713,754
E01030422,1449,687,762
E01030423,1652,796,856
E01030425,1588,779,809
E01030452,1976,1037,939
E01030467,1632,800,832
E01030468,3499,1710,1789
E01030469,1418,709,709
E01030448,1489,742,747
E01030449,1293,636,657
E01030454,1703,855,848
E01030456,1445,707,738
E01030471,1242,616,626
E01030472,1371,706,665
E01030478,2041,884,1157
E01030479,1793,841,952
E01030480,1821,830,991
E01030490,1600,776,824
E01030491,1874,920,954
E01030492,2024,989,1035
E01030506,1353,670,683
E01030508,1342,666,676
E01030509,1072,503,569
E01030513,1409,675,734
E01030514,1478,688,790
E01030505,1536,768,768
E01030507,1240,595,645
E01030511,1533,738,795
E01030512,1578,742,836
E01030548,1876,939,937
E01030549,1830,937,893
E01030550,1731,903,828
E01030551,1598,786,812
E01030510,1628,759,869
E01030552,1443,720,723
E01030553,1705,830,875
E01030554,1133,549,584
E01030539,1780,901,879
E01030540,2056,1032,1024
E01030541,1343,659,684
E01030542,1271,620,651
E01030543,1546,755,791
E01030516,1295,602,693
E01030517,1549,735,814
E01030518,1346,640,706
E01030519,1589,762,827
E01030520,1461,665,796
E01030521,1647,791,856
E01030522,1295,654,641
E01030523,1193,566,627
E01030524,2007,1032,975
E01030525,1524,720,804
E01030526,1344,662,682
E01030527,1614,788,826
E01030532,1499,730,769
E01030533,1388,692,696
E01030534,1270,593,677
E01030556,1995,963,1032
E01030535,1864,879,985
E01030536,1806,849,957
E01030537,1730,848,882
E01030538,1601,808,793
E01030544,1604,790,814
E01030545,1556,764,792
E01030546,1656,805,851
E01030547,1601,785,816
E01030529,1680,838,842
E01030555,1745,879,866
E01030557,1885,938,947
E01030558,2251,1087,1164
E01030515,1881,946,935
E01030528,1413,696,717
E01030530,1279,635,644
E01030531,2326,1172,1154
E01030603,1504,731,773
E01030604,1530,760,770
E01030605,1464,710,754
E01030607,1744,857,887
E01030559,1292,579,713
E01030560,1614,704,910
E01030561,1440,620,820
E01030562,1286,597,689
E01030563,2067,1211,856
E01030564,1411,693,718
E01030606,1314,655,659
E01030641,1613,761,852
E01030642,1599,759,840
E01030644,1278,646,632
E01030565,1468,718,750
E01030566,1521,737,784
E01030567,1575,778,797
E01030568,1561,791,770
E01030569,2698,1330,1368
E01030608,1421,657,764
E01030609,1529,740,789
E01030640,1532,751,781
E01030643,1348,635,713
E01030635,1597,776,821
E01030636,1250,612,638
E01030637,1249,624,625
E01030638,1542,767,775
E01030639,1485,692,793
E01030589,1725,847,878
E01030590,1870,915,955
E01030591,1412,680,732
E01030592,1884,907,977
E01030599,1552,783,769
E01030600,1556,743,813
E01030601,1623,794,829
E01030602,1797,855,942
E01030598,1595,798,797
E01030623,2143,1027,1116
E01030624,1355,645,710
E01030625,1671,814,857
E01030626,1038,494,544
E01030627,1631,795,836
E01030615,1563,766,797
E01030616,1597,782,815
E01030617,1640,779,861
E01030618,1882,937,945
E01030619,1503,745,758
E01030622,1868,942,926
E01030610,1296,622,674
E01030611,2684,1335,1349
E01030612,2496,1274,1222
E01030613,1886,953,933
E01030614,1616,821,795
E01030593,1388,689,699
E01030596,1529,753,776
E01030597,1592,757,835
E01030620,1766,864,902
E01030621,1584,742,842
E01030594,1788,866,922
E01030595,1498,729,769
E01030630,1641,797,844
E01030631,1500,692,808
E01030570,1587,763,824
E01030571,1588,795,793
E01030572,2123,1009,1114
E01030573,1784,880,904
E01030574,1775,883,892
E01030628,1410,701,709
E01030629,1201,597,604
E01030632,1357,670,687
E01030633,1382,690,692
E01030634,1451,685,766
E01030584,1631,798,833
E01030585,1593,791,802
E01030586,1695,821,874
E01030587,1464,727,737
E01030588,1471,715,756
E01030580,1924,961,963
E01030581,1257,621,636
E01030582,1264,595,669
E01030583,1480,746,734
E01030575,2092,1062,1030
E01030576,1681,853,828
E01030577,1636,818,818
E01030578,1455,732,723
E01030579,1433,676,757
E01030667,1427,692,735
E01030668,1820,827,993
E01030669,1634,816,818
E01030670,1503,674,829
E01030671,2938,1276,1662
E01030672,2489,1186,1303
E01030673,1061,538,523
E01030674,1408,680,728
E01030675,1347,641,706
E01030676,1364,637,727
E01030663,1582,767,815
E01030664,1653,800,853
E01030665,1519,750,769
E01030666,1720,858,862
E01030687,1172,578,594
E01030688,1474,736,738
E01030656,1601,786,815
E01030658,1347,668,679
E01030685,1425,738,687
E01030686,1394,707,687
E01030689,1390,699,691
E01030690,1658,782,876
E01030691,1583,773,810
E01030692,1309,634,675
E01030652,1659,831,828
E01030653,1398,686,712
E01030654,1424,705,719
E01030657,1488,750,738
E01030659,1604,801,803
E01030647,1620,797,823
E01030648,1624,753,871
E01030649,1663,807,856
E01030650,1284,645,639
E01030651,1334,661,673
E01030655,1557,754,803
E01030662,1570,767,803
E01030677,1576,764,812
E01030678,1319,629,690
E01030679,1243,617,626
E01030680,1534,744,790
E01030645,1926,933,993
E01030646,2050,1007,1043
E01030660,2088,996,1092
E01030661,1670,802,868
E01030684,1474,720,754
E01030681,1587,782,805
E01030682,1354,695,659
E01030683,1342,668,674
E01030693,1201,571,630
E01030694,1362,673,689
E01030695,1266,619,647
E01030696,1475,728,747
E01030743,1499,747,752
E01030744,1578,847,731
E01030745,1587,746,841
E01030747,1371,696,675
E01030709,1540,768,772
E01030710,1668,831,837
E01030711,1775,874,901
E01030746,1632,798,834
E01030707,1625,854,771
E01030708,1649,826,823
E01030712,1333,649,684
E01030713,1229,631,598
E01030714,1490,602,888
E01030715,1512,777,735
E01030716,1525,762,763
E01030734,1517,735,782
E01030735,1597,796,801
E01030736,1797,948,849
E01030737,1446,751,695
E01030738,1504,721,783
E01030701,1577,758,819
E01030702,1143,555,588
E01030703,1579,772,807
E01030704,1475,736,739
E01030705,1628,797,831
E01030706,1394,684,710
E01030697,1562,781,781
E01030698,1676,806,870
E01030699,1509,758,751
E01030700,1721,842,879
E01030725,1755,880,875
E01030729,1537,749,788
E01030739,1662,788,874
E01030740,1770,863,907
E01030741,1765,862,903
E01030748,1753,889,864
E01030749,1556,737,819
E01030750,1590,776,814
E01030751,1537,783,754
E01030752,1640,815,825
E01030726,1701,831,870
E01030727,1818,871,947
E01030728,1662,827,835
E01030742,1926,956,970
E01030753,1681,834,847
E01030754,1520,759,761
E01030755,1935,915,1020
E01030756,1662,823,839
E01030717,1599,778,821
E01030718,1353,655,698
E01030719,1574,770,804
E01030720,1580,749,831
E01030721,1544,735,809
E01030722,1587,783,804
E01030723,1566,796,770
E01030724,1510,725,785
E01030730,1756,867,889
E01030731,1871,925,946
E01030732,1472,685,787
E01030733,1578,779,799
E01030763,1175,576,599
E01030764,1229,612,617
E01030765,1395,684,711
E01030809,1433,710,723
E01030810,1469,756,713
E01030811,1490,719,771
E01030757,1591,812,779
E01030758,1181,563,618
E01030759,1588,793,795
E01030760,1232,623,609
E01030778,1820,901,919
E01030779,1765,832,933
E01030780,1628,797,831
E01030781,1578,777,801
E01030786,1791,841,950
E01030787,1444,709,735
E01030788,1401,664,737
E01030801,1613,796,817
E01030802,1678,851,827
E01030796,1398,673,725
E01030797,1486,730,756
E01030798,1518,768,750
E01030799,1388,687,701
E01030800,1621,775,846
E01030761,2072,1302,770
E01030762,1893,952,941
E01030806,1574,785,789
E01030807,1544,759,785
E01030808,1575,780,795
E01030774,1382,677,705
E01030775,1450,723,727
E01030776,1613,780,833
E01030777,1604,784,820
E01030793,1527,792,735
E01030794,1598,815,783
E01030795,2072,989,1083
E01030803,1705,862,843
E01030804,1822,886,936
E01030805,1625,821,804
E01030789,1479,746,733
E01030790,1705,853,852
E01030791,1660,815,845
E01030792,1336,650,686
E01030766,1641,808,833
E01030767,1622,792,830
E01030768,1384,678,706
E01030769,1531,752,779
E01030770,1495,734,761
E01030771,1270,609,661
E01030772,1515,768,747
E01030773,1437,709,728
E01030782,1575,790,785
E01030783,1614,777,837
E01030784,2477,1296,1181
E01030785,1435,735,700
E01030855,1831,922,909
E01030856,1486,706,780
E01030859,1881,961,920
E01030860,2019,998,1021
E01030844,1816,894,922
E01030845,1272,606,666
E01030846,1536,745,791
E01030857,2199,1035,1164
E01030858,2153,1047,1106
E01030828,1372,727,645
E01030829,1447,707,740
E01030830,1327,661,666
E01030850,2149,1010,1139
E01030851,2053,998,1055
E01030861,2141,901,1240
E01030820,1735,845,890
E01030847,1628,753,875
E01030848,2138,1060,1078
E01030831,2246,1100,1146
E01030832,1323,636,687
E01030836,1594,755,839
E01030837,1542,697,845
E01030838,1267,625,642
E01030839,1445,702,743
E01030840,1499,726,773
E01030841,1264,616,648
E01030842,1821,876,945
E01030843,1545,763,782
E01030812,1529,717,812
E01030813,1532,763,769
E01030814,1304,630,674
E01030815,1444,697,747
E01030824,1503,692,811
E01030825,1396,660,736
E01030826,1461,702,759
E01030827,1589,780,809
E01030821,2230,1104,1126
E01030822,1836,913,923
E01030833,1327,588,739
E01030834,1393,683,710
E01030835,1481,707,774
E01030816,1561,779,782
E01030817,1405,701,704
E01030818,1250,616,634
E01030819,1485,760,725
E01030823,2096,1017,1079
E01030852,1974,934,1040
E01030853,1690,801,889
E01030854,1920,910,1010
E01032571,1863,932,931
E01030890,1556,731,825
E01030902,1319,656,663
E01030903,1582,794,788
E01030904,1394,692,702
E01030891,1575,778,797
E01030892,1307,649,658
E01030899,1606,810,796
E01030900,1222,603,619
E01030901,1416,697,719
E01030884,1473,708,765
E01030885,1479,620,859
E01030886,1253,615,638
E01030893,1883,895,988
E01030895,1529,728,801
E01030881,1430,716,714
E01030883,1377,666,711
E01030888,1516,742,774
E01030894,1604,789,815
E01030911,1539,746,793
E01030912,1305,604,701
E01030913,1243,613,630
E01030920,1506,738,768
E01030921,1678,776,902
E01030882,1360,686,674
E01030887,1373,665,708
E01030889,1495,713,782
E01030896,1169,582,587
E01030897,1340,666,674
E01030916,1712,870,842
E01030917,1090,599,491
E01030918,1116,521,595
E01030919,1899,1186,713
E01030922,1416,694,722
E01030863,1914,897,1017
E01030865,1538,675,863
E01030866,1558,729,829
E01030940,1761,854,907
E01030898,1614,828,786
E01030905,1536,752,784
E01030906,1707,846,861
E01030907,1373,709,664
E01030914,1354,661,693
E01030915,1626,806,820
E01030923,1460,736,724
E01030924,1246,622,624
E01030925,1614,746,868
E01030877,1173,570,603
E01030878,1569,777,792
E01030937,1645,804,841
E01030938,1324,596,728
E01030939,1187,581,606
E01030864,1549,777,772
E01030879,1124,551,573
E01030941,1577,756,821
E01030942,1419,702,717
E01030943,1310,638,672
E01030870,1613,782,831
E01030871,1641,822,819
E01030872,1783,871,912
E01030873,1431,701,730
E01030874,1688,889,799
E01030875,1301,638,663
E01030876,1235,608,627
E01030862,1848,859,989
E01030867,1384,661,723
E01030868,1324,667,657
E01030869,1241,617,624
E01030880,2228,997,1231
E01030930,1622,776,846
E01030931,1685,785,900
E01030932,1493,718,775
E01030933,1753,841,912
E01030926,1535,713,822
E01030927,1297,638,659
E01030928,1735,818,917
E01030929,1414,649,765
E01030908,1685,853,832
E01030909,1202,583,619
E01030910,1202,578,624
E01030934,1543,750,793
E01030935,1324,658,666
E01032626,1425,693,732
E01030946,1337,651,686
E01030947,1480,734,746
E01030948,1577,749,828
E01030949,1732,850,882
E01030950,1598,753,845
E01030996,1600,769,831
E01030998,1898,923,975
E01031002,1755,839,916
E01031003,1791,886,905
E01031004,2080,982,1098
E01030963,1550,730,820
E01030964,1772,902,870
E01030965,1467,725,742
E01030966,1481,740,741
E01030967,1641,783,858
E01030968,1293,626,667
E01030980,1706,903,803
E01030981,1647,851,796
E01030982,1836,1000,836
E01030983,1782,944,838
E01030984,2038,991,1047
E01030985,1565,782,783
E01030951,1320,640,680
E01030952,1561,782,779
E01030953,1472,705,767
E01030956,1331,677,654
E01030957,1319,638,681
E01030958,1459,693,766
E01030959,1026,465,561
E01030988,2004,1035,969
E01030989,1721,840,881
E01030990,1486,732,754
E01030997,1524,737,787
E01030974,1556,792,764
E01030975,1415,695,720
E01030976,1538,743,795
E01030977,1780,908,872
E01030979,2163,1058,1105
E01030954,2223,1157,1066
E01030969,1457,746,711
E01030970,1476,732,744
E01030991,1927,953,974
E01030993,2451,1277,1174
E01030960,1721,847,874
E01030961,1927,969,958
E01030962,1682,807,875
E01031000,1536,761,775
E01030955,1394,675,719
E01030992,1674,813,861
E01030999,1433,680,753
E01031001,1687,820,867
E01030971,1930,949,981
E01030972,1876,925,951
E01030973,1770,920,850
E01030994,1806,901,905
E01030995,1386,714,672
E01030944,1397,711,686
E01030945,1168,566,602
E01030978,1506,747,759
E01030986,1074,531,543
E01030987,1396,690,706
E01031349,1340,649,691
E01031350,1209,582,627
E01031351,1557,759,798
E01031352,1455,705,750
E01031370,1451,699,752
E01031374,1512,746,766
E01031338,1165,565,600
E01031339,1175,574,601
E01031340,1473,731,742
E01031365,1539,715,824
E01031367,1282,633,649
E01031345,1472,723,749
E01031353,1367,718,649
E01031354,1231,610,621
E01031355,1649,801,848
E01031359,1381,687,694
E01031347,1624,782,842
E01031348,1643,799,844
E01031366,1406,671,735
E01031371,1260,581,679
E01031372,1270,610,660
E01031373,1468,690,778
E01031375,1456,676,780
E01031356,2283,1144,1139
E01031357,2241,1132,1109
E01031364,1455,700,755
E01031368,1245,595,650
E01031369,1302,565,737
E01031344,1345,692,653
E01031346,1381,668,713
E01031361,1515,738,777
E01031362,1277,631,646
E01031363,1571,730,841
E01031358,1522,705,817
E01031360,1534,738,796
E01031376,1248,609,639
E01031378,1361,676,685
E01031341,1351,623,728
E01031342,1665,771,894
E01031343,1395,649,746
E01031377,1533,723,810
E01031379,1573,718,855
E01031390,1350,662,688
E01031391,1475,693,782
E01031392,1473,709,764
E01031465,1443,708,735
E01031386,1468,710,758
E01031387,1521,709,812
E01031425,1363,629,734
E01031426,1194,585,609
E01031393,1759,821,938
E01031394,1656,824,832
E01031395,1534,751,783
E01031396,1919,910,1009
E01031397,1759,858,901
E01031466,1446,705,741
E01031427,1363,639,724
E01031429,1451,690,761
E01031430,1431,698,733
E01031467,1717,841,876
E01031468,2297,1124,1173
E01031388,2645,1275,1370
E01031389,2154,1019,1135
E01031414,1508,733,775
E01031415,1535,710,825
E01031459,1789,807,982
E01031470,1883,1080,803
E01031471,1285,646,639
E01031472,1527,718,809
E01031473,1231,589,642
E01031407,1572,743,829
E01031408,1935,915,1020
E01031410,1266,587,679
E01031462,1470,674,796
E01031463,1624,736,888
E01031464,1585,691,894
E01031412,1390,662,728
E01031422,1502,677,825
E01031423,1624,758,866
E01031424,1354,606,748
E01031398,1490,725,765
E01031399,1668,785,883
E01031409,1398,691,707
E01031455,1421,653,768
E01031461,1760,817,943
E01031469,1677,810,867
E01031411,1380,623,757
E01031413,1336,588,748
E01031457,1585,723,862
E01031458,1785,812,973
E01031460,1699,778,921
E01031400,1623,806,817
E01031428,1550,791,759
E01031454,2155,1095,1060
E01031456,1781,893,888
E01031401,1558,725,833
E01031402,1617,787,830
E01031403,1413,674,739
E01031405,1377,663,714
E01031406,1333,661,672
E01031417,1603,771,832
E01031438,1620,767,853
E01031439,1914,874,1040
E01031440,1543,729,814
E01031404,1198,572,626
E01031433,1440,685,755
E01031434,1609,766,843
E01031441,1640,777,863
E01031442,1589,784,805
E01031416,1582,763,819
E01031418,1683,797,886
E01031419,1631,727,904
E01031420,1628,760,868
E01031421,1725,814,911
E01031443,1348,645,703
E01031444,1590,785,805
E01031450,1252,604,648
E01031451,1467,727,740
E01031452,1491,698,793
E01031431,1615,763,852
E01031432,1892,929,963
E01031435,1687,803,884
E01031436,1803,889,914
E01031437,1980,981,999
E01031453,1661,806,855
E01031380,1554,733,821
E01031381,1601,759,842
E01031382,1688,788,900
E01031383,1571,725,846
E01031384,1710,791,919
E01031385,1561,701,860
E01031445,1549,750,799
E01031446,1330,629,701
E01031447,1528,714,814
E01031448,1534,732,802
E01031449,1597,773,824
E01031502,1576,795,781
E01031503,1674,845,829
E01031504,2084,984,1100
E01031519,1406,709,697
E01031517,1827,900,927
E01031518,1551,764,787
E01031544,1279,622,657
E01031545,1198,581,617
E01031508,2026,994,1032
E01031520,1322,636,686
E01031521,1125,569,556
E01031536,1148,564,584
E01031497,1358,673,685
E01031511,1460,644,816
E01031512,1874,887,987
E01032717,2546,1169,1377
E01031478,1134,547,587
E01031479,1067,497,570
E01031498,1134,539,595
E01031514,1696,783,913
E01031515,1593,755,838
E01031516,1453,697,756
E01031477,2235,1051,1184
E01031485,1511,731,780
E01031487,1528,721,807
E01031509,2365,1102,1263
E01031506,1268,616,652
E01031507,1403,696,707
E01031531,1316,639,677
E01031533,1150,516,634
E01031543,2309,1112,1197
E01031482,1497,713,784
E01031483,2354,1119,1235
E01031486,1792,773,1019
E01031488,1894,906,988
E01031494,1591,748,843
E01031495,1577,730,847
E01031475,1356,666,690
E01031476,1480,709,771
E01031532,1642,969,673
E01031534,1718,800,918
E01031535,1622,775,847
E01031480,1337,640,697
E01031481,1511,730,781
E01031484,1781,857,924
E01031490,1909,852,1057
E01031491,1836,884,952
E01031474,1420,689,731
E01031493,1679,784,895
E01031496,2228,1051,1177
E01031505,2325,1115,1210
E01031489,1534,726,808
E01031492,1464,697,767
E01031513,2252,1107,1145
E01031530,1257,616,641
E01031538,1553,715,838
E01031539,1072,504,568
E01031499,1831,877,954
E01031500,1887,890,997
E01031501,1399,667,732
E01031529,1171,602,569
E01031540,1364,626,738
E01031541,1336,607,729
E01031542,1772,869,903
E01031522,1970,910,1060
E01031523,1565,737,828
E01031524,1485,704,781
E01031525,1345,612,733
E01031526,1381,639,742
E01031527,1539,734,805
E01031528,1452,714,738
E01031573,1623,804,819
E01031574,1868,938,930
E01031575,1776,966,810
E01031576,1629,812,817
E01031577,1359,715,644
E01031586,1787,882,905
E01031587,1681,865,816
E01031588,1498,764,734
E01031590,1593,779,814
E01031593,1399,691,708
E01031570,1394,679,715
E01031571,1645,793,852
E01031572,1511,717,794
E01031609,1571,754,817
E01031610,1801,884,917
E01031583,1978,1027,951
E01031584,1663,834,829
E01031585,1657,857,800
E01031601,1244,627,617
E01032835,1473,773,700
E01032836,1658,832,826
E01031589,1767,920,847
E01031591,1814,906,908
E01031594,1418,678,740
E01031600,1394,671,723
E01031603,1484,751,733
E01031564,1478,728,750
E01031565,2168,1035,1133
E01031566,1606,807,799
E01031567,1364,657,707
E01031568,1391,670,721
E01031596,1875,914,961
E01031597,1498,730,768
E01031598,1717,808,909
E01031599,1751,881,870
E01031608,1748,874,874
E01031578,1790,891,899
E01031580,2348,1139,1209
E01031581,1785,911,874
E01031592,2020,1019,1001
E01031560,1476,750,726
E01031561,1432,737,695
E01031562,1287,621,666
E01031563,1304,606,698
E01031579,1628,816,812
E01031582,1818,897,921
E01031547,1332,637,695
E01031548,1596,800,796
E01031549,1482,749,733
E01031550,1455,713,742
E01031569,1577,771,806
E01031595,1692,792,900
E01031604,1563,740,823
E01031605,1574,747,827
E01031606,1523,755,768
E01031607,1418,695,723
E01031546,1455,740,715
E01031551,1545,766,779
E01031553,1559,760,799
E01031554,1714,827,887
E01031555,1563,773,790
E01031552,1898,924,974
E01031556,1655,782,873
E01031557,1726,844,882
E01031558,1572,719,853
E01031559,1529,754,775
E01031670,1564,768,796
E01031671,1628,822,806
E01031673,1567,777,790
E01031676,2722,1351,1371
E01031644,1441,715,726
E01031645,1439,689,750
E01031646,1529,714,815
E01031647,1197,568,629
E01031649,1147,567,580
E01031650,1320,637,683
E01031666,1602,762,840
E01031668,1531,770,761
E01031620,1601,776,825
E01031648,1670,820,850
E01031651,1693,798,895
E01031658,2068,985,1083
E01031689,1566,779,787
E01031654,1597,789,808
E01031655,1524,760,764
E01031667,1565,751,814
E01031669,1570,756,814
E01031672,1730,830,900
E01031657,2055,990,1065
E01031659,1565,785,780
E01031674,1337,642,695
E01031675,1385,676,709
E01031636,2199,1035,1164
E01031652,1767,865,902
E01031653,1731,847,884
E01031656,1740,836,904
E01031688,1371,656,715
E01031691,1652,800,852
E01031619,1511,761,750
E01031637,1883,911,972
E01031638,1791,883,908
E01031690,1516,739,777
E01031639,1874,880,994
E01031640,1808,867,941
E01031660,1242,598,644
E01031661,1557,755,802
E01031679,2038,1002,1036
E01031677,1490,739,751
E01031678,1631,828,803
E01031680,1394,714,680
E01031681,1512,747,765
E01031682,1188,593,595
E01031683,1477,748,729
E01031611,1612,798,814
E01031612,2109,1047,1062
E01031613,2063,1044,1019
E01031614,2054,1006,1048
E01031615,1541,723,818
E01031632,1475,758,717
E01031633,1293,656,637
E01031634,1306,629,677
E01031635,1426,694,732
E01031621,1664,806,858
E01031623,1713,843,870
E01031627,1992,953,1039
E01031664,1615,807,808
E01031626,1490,709,781
E01031630,1697,791,906
E01031631,1559,730,829
E01031662,1554,726,828
E01031663,1773,841,932
E01031665,1205,601,604
E01031618,1339,650,689
E01031641,1638,720,918
E01031642,1849,886,963
E01031643,1639,774,865
E01031687,1668,776,892
E01031622,1609,808,801
E01031624,1517,753,764
E01031625,1435,735,700
E01031628,1470,732,738
E01031629,1435,668,767
E01031616,1600,780,820
E01031617,2375,1160,1215
E01031684,1457,682,775
E01031685,1723,765,958
E01031686,1421,674,747
E01031731,2010,963,1047
E01031732,1881,900,981
E01031733,1764,836,928
E01031734,1664,830,834
E01031741,1646,811,835
E01031742,1871,879,992
E01031743,1644,833,811
E01031718,1846,913,933
E01031719,1792,858,934
E01031720,1454,742,712
E01031722,1435,833,602
E01031695,1565,767,798
E01031696,1319,646,673
E01031729,1792,890,902
E01031730,1821,942,879
E01031735,1691,830,861
E01031736,1676,837,839
E01031737,1539,762,777
E01031738,1246,616,630
E01031739,1762,867,895
E01031740,1325,648,677
E01031721,1502,720,782
E01031723,1408,723,685
E01031724,1386,680,706
E01031725,1474,715,759
E01031694,1936,991,945
E01031764,1457,722,735
E01031765,1604,807,797
E01031766,2181,1101,1080
E01031692,2178,1097,1081
E01031693,1917,951,966
E01031697,1239,606,633
E01031727,1753,856,897
E01031758,1392,707,685
E01031760,1767,843,924
E01031772,1663,767,896
E01031773,1973,943,1030
E01031774,1637,829,808
E01031775,1721,788,933
E01031751,2613,1322,1291
E01031759,1647,827,820
E01031761,2035,1007,1028
E01032837,1406,628,778
E01032838,1319,651,668
E01032839,1133,581,552
E01031752,1432,658,774
E01031753,1363,650,713
E01031754,1580,770,810
E01031755,1323,625,698
E01031757,1520,738,782
E01031726,1474,693,781
E01031728,2029,979,1050
E01031749,1475,714,761
E01031750,1478,751,727
E01031756,1829,901,928
E01031763,1745,855,890
E01031699,1677,804,873
E01031700,1711,852,859
E01031701,1847,901,946
E01031714,1538,737,801
E01031704,1745,856,889
E01031706,1694,836,858
E01031711,1748,860,888
E01031712,1486,690,796
E01031713,1393,704,689
E01031705,1568,744,824
E01031707,1578,765,813
E01031708,1659,829,830
E01031709,1606,791,815
E01031716,1266,599,667
E01031717,1406,708,698
E01031702,1487,743,744
E01031703,1702,790,912
E01031710,1431,692,739
E01031715,1567,785,782
E01031698,1668,844,824
E01031767,1533,735,798
E01031769,1783,866,917
E01031770,1666,805,861
E01031771,1576,790,786
E01031744,1469,711,758
E01031745,1796,816,980
E01031746,1640,807,833
E01031747,1433,639,794
E01031748,1329,652,677
E01031768,1526,712,814
E01031793,1338,645,693
E01031820,1701,813,888
E01031821,1663,800,863
E01031828,1317,641,676
E01031829,1562,749,813
E01031822,1576,757,819
E01031825,1609,782,827
E01031826,1359,676,683
E01031827,1429,709,720
E01031839,1738,843,895
E01031792,1356,633,723
E01031794,1327,630,697
E01031795,1507,719,788
E01031818,2080,1006,1074
E01031830,1617,760,857
E01031778,1514,754,760
E01031797,1293,630,663
E01031800,1566,755,811
E01031823,1430,714,716
E01031824,1349,653,696
E01031776,1575,732,843
E01031777,1682,819,863
E01031780,1556,758,798
E01031781,1668,806,862
E01031798,1534,780,754
E01031783,1533,737,796
E01031785,1473,707,766
E01031786,1510,722,788
E01031817,1593,774,819
E01031819,1300,631,669
E01031782,1676,804,872
E01031784,1828,857,971
E01031836,1680,832,848
E01031838,1620,785,835
E01031840,1691,829,862
E01031791,2111,995,1116
E01031796,1587,760,827
E01031799,1585,747,838
E01031801,1808,894,914
E01031837,1917,940,977
E01031779,1378,665,713
E01031831,1680,808,872
E01031832,1628,774,854
E01031833,1645,787,858
E01031834,1599,772,827
E01031790,1822,822,1000
E01031807,1723,797,926
E01031809,1531,765,766
E01031810,1586,775,811
E01031811,1485,701,784
E01031787,1893,957,936
E01031788,2109,1034,1075
E01031789,1955,974,981
E01031808,1534,773,761
E01031835,1825,906,919
E01031812,1559,720,839
E01031813,1795,845,950
E01031814,1501,736,765
E01031815,1534,716,818
E01031816,1610,766,844
E01031802,1556,711,845
E01031803,1507,716,791
E01031804,1653,793,860
E01031805,1610,722,888
E01031806,1664,771,893
E01014399,1624,789,835
E01014400,1944,933,1011
E01014401,1645,784,861
E01014402,1684,804,880
E01014403,1671,749,922
E01014404,1669,769,900
E01014395,1235,612,623
E01014396,1434,669,765
E01014397,1312,656,656
E01014398,1423,708,715
E01014409,1590,738,852
E01014410,1770,865,905
E01014411,2109,1025,1084
E01014477,1454,691,763
E01014478,1189,561,628
E01014479,1420,664,756
E01014480,1261,625,636
E01014465,1517,722,795
E01014466,1263,653,610
E01014467,1620,851,769
E01014468,1520,797,723
E01014370,1800,924,876
E01014371,1866,942,924
E01014372,2004,1037,967
E01014412,1462,709,753
E01014413,1598,729,869
E01014414,1529,770,759
E01014427,1351,661,690
E01014428,1432,690,742
E01014429,1614,771,843
E01014430,1541,674,867
E01014405,2076,997,1079
E01014407,1235,626,609
E01033080,2205,1149,1056
E01014373,1545,751,794
E01014374,1441,682,759
E01014375,1254,610,644
E01014376,1499,724,775
E01014377,1408,685,723
E01033078,1888,943,945
E01033079,1164,561,603
E01014461,1174,578,596
E01014462,1476,702,774
E01014463,1384,681,703
E01014464,1281,613,668
E01014380,3383,1714,1669
E01014381,1480,698,782
E01014481,1445,722,723
E01014482,1278,666,612
E01014483,1477,724,753
E01014484,1570,754,816
E01014473,1672,831,841
E01014474,1183,577,606
E01014475,2175,1011,1164
E01014476,1439,712,727
E01014435,1593,809,784
E01014436,1584,770,814
E01014437,1425,687,738
E01014438,1280,658,622
E01014455,1317,675,642
E01014456,1503,717,786
E01014457,1320,648,672
E01014458,1389,659,730
E01014391,1432,722,710
E01014392,1073,521,552
E01014452,1471,721,750
E01014453,1262,611,651
E01014454,1340,663,677
E01014459,1456,737,719
E01014460,1168,549,619
E01014415,2001,999,1002
E01014416,1714,795,919
E01014417,1790,909,881
E01014387,1232,597,635
E01014388,1305,620,685
E01014389,1361,665,696
E01014390,1521,700,821
E01014431,1225,612,613
E01014432,1277,638,639
E01014433,1358,635,723
E01014434,1821,888,933
E01014385,1380,667,713
E01014386,1157,587,570
E01014419,1292,644,648
E01014446,1119,553,566
E01014447,1354,633,721
E01014382,2386,1182,1204
E01014383,1016,484,532
E01014384,1361,659,702
E01014418,1391,681,710
E01014379,2435,1161,1274
E01014442,1727,844,883
E01014443,1575,784,791
E01014444,1523,760,763
E01014445,1621,802,819
E01014393,1350,642,708
E01014394,1655,836,819
E01014439,1789,839,950
E01014440,1897,974,923
E01014441,1616,782,834
E01014448,1577,788,789
E01014449,1468,705,763
E01014450,1316,642,674
E01014451,1259,625,634
E01014420,1571,770,801
E01014421,1423,697,726
E01014422,1509,746,763
E01014423,1372,673,699
E01014469,1266,641,625
E01014470,1620,781,839
E01014471,1550,776,774
E01014472,1418,697,721
E01014424,1691,843,848
E01014425,1991,973,1018
E01014426,1440,713,727
E01015301,1483,727,756
E01015303,1520,783,737
E01015305,1554,747,807
E01015306,1670,819,851
E01015302,1850,880,970
E01015304,1711,817,894
E01015308,1707,817,890
E01015311,1340,655,685
E01015332,1524,733,791
E01015333,1581,758,823
E01015334,1611,738,873
E01015335,1683,826,857
E01015337,1697,837,860
E01015343,1551,740,811
E01015349,1514,699,815
E01015351,1509,736,773
E01015352,1529,728,801
E01015353,1150,544,606
E01015354,1729,831,898
E01015307,1393,664,729
E01015309,1450,676,774
E01015312,1241,573,668
E01015313,1369,670,699
E01015359,1566,780,786
E01015320,1686,827,859
E01015323,1585,787,798
E01015324,1549,767,782
E01015325,1706,813,893
E01015350,1451,718,733
E01015310,1536,750,786
E01015336,1601,797,804
E01015355,1689,847,842
E01015357,1561,754,807
E01015358,1955,946,1009
E01015338,1815,847,968
E01015339,1587,787,800
E01015340,1577,759,818
E01015341,1490,705,785
E01015321,1861,944,917
E01015356,1766,854,912
E01015374,2310,1137,1173
E01015375,1907,916,991
E01015377,1637,786,851
E01015322,1660,829,831
E01015330,1820,862,958
E01015342,1577,751,826
E01015373,1704,864,840
E01015378,1735,865,870
E01015314,1527,753,774
E01015315,1932,961,971
E01015318,1664,805,859
E01015319,1438,661,777
E01015344,1787,846,941
E01015346,1665,857,808
E01015348,1830,886,944
E01015360,1787,838,949
E01015326,1924,993,931
E01015331,2315,1213,1102
E01015345,1899,1020,879
E01015376,1773,893,880
E01015316,1591,772,819
E01015317,1574,764,810
E01015361,1415,697,718
E01015362,1249,600,649
E01015363,1695,831,864
E01015292,1696,881,815
E01015293,1530,762,768
E01015294,1949,1022,927
E01015327,1964,989,975
E01015329,1660,904,756
E01015272,1722,825,897
E01015273,1964,1003,961
E01015275,1780,939,841
E01015276,1700,826,874
E01015277,1944,993,951
E01015283,1871,1013,858
E01015286,1910,955,955
E01015287,2229,1131,1098
E01015328,1850,955,895
E01033242,1010,561,449
E01033285,1080,617,463
E01015274,1766,869,897
E01015297,1491,656,835
E01015364,1600,786,814
E01015365,1708,879,829
E01015366,1807,851,956
E01015279,1841,960,881
E01015280,1983,1068,915
E01015281,1723,917,806
E01015282,1973,1195,778
E01033241,1112,600,512
E01033283,1211,608,603
E01015295,1444,685,759
E01015296,1726,827,899
E01015298,1555,715,840
E01015299,1700,803,897
E01015300,1570,733,837
E01015285,2671,1439,1232
E01015288,1877,999,878
E01015289,1871,1013,858
E01015290,1826,1030,796
E01015291,1939,996,943
E01015371,1534,815,719
E01015372,1824,831,993
E01033286,1066,544,522
E01033288,1045,527,518
E01015367,2021,1129,892
E01015368,1680,807,873
E01015369,1668,824,844
E01015370,1638,824,814
E01014601,1662,780,882
E01014602,1841,883,958
E01014603,2134,994,1140
E01014605,1615,765,850
E01032516,1881,877,1004
E01032517,1566,736,830
E01014688,1716,796,920
E01014689,1604,791,813
E01014690,2025,999,1026
E01014691,1939,871,1068
E01014692,1664,819,845
E01014693,1372,670,702
E01014694,1636,831,805
E01014497,1563,783,780
E01014498,1583,755,828
E01014638,1624,755,869
E01014639,1494,682,812
E01014640,1491,749,742
E01014631,1187,586,601
E01014632,1543,774,769
E01014633,1575,775,800
E01014636,1496,688,808
E01014630,2091,1028,1063
E01014634,1699,930,769
E01014659,2075,1021,1054
E01014661,1664,817,847
E01014616,1521,730,791
E01014719,1366,674,692
E01014720,1598,749,849
E01014721,1557,701,856
E01014641,1403,676,727
E01014642,1449,708,741
E01014643,1364,646,718
E01014644,1512,739,773
E01014492,1478,691,787
E01014493,1488,718,770
E01014494,1473,742,731
E01014495,1661,795,866
E01014496,1628,844,784
E01014499,1611,760,851
E01014715,1611,801,810
E01014716,1527,729,798
E01014717,1700,660,1040
E01014718,1395,680,715
E01014510,1960,1013,947
E01014635,1865,988,877
E01014637,1371,711,660
E01014662,1575,806,769
E01014615,1525,749,776
E01014617,1339,646,693
E01014618,1547,719,828
E01014620,1456,693,763
E01014571,1589,761,828
E01014577,1525,772,753
E01014586,1486,688,798
E01014587,1371,688,683
E01014588,2137,1040,1097
E01014589,1419,659,760
E01014590,1813,899,914
E01014591,1780,841,939
E01014592,1610,784,826
E01014660,1572,766,806
E01014663,1438,727,711
E01014664,1654,853,801
E01014665,2102,1062,1040
E01014709,1161,564,597
E01014710,1368,704,664
E01014711,1217,567,650
E01014712,1273,590,683
E01014713,1270,613,657
E01014714,2980,1483,1497
E01014507,1664,805,859
E01014508,1722,1027,695
E01014509,2061,1052,1009
E01014511,1468,709,759
E01014512,1505,740,765
E01014513,1591,759,832
E01014514,1900,940,960
E01014619,1545,787,758
E01014621,1469,719,750
E01014666,1824,912,912
E01014667,1637,826,811
E01014672,2049,1064,985
E01014624,1738,828,910
E01014629,1477,706,771
E01032518,1848,878,970
E01032519,1159,569,590
E01014572,1857,952,905
E01014573,1837,922,915
E01014575,1562,805,757
E01014576,1920,945,975
E01014487,2000,1070,930
E01014491,1962,997,965
E01014668,1638,821,817
E01014669,1505,764,741
E01014670,1513,788,725
E01014671,1635,857,778
E01014622,1530,758,772
E01014623,1631,822,809
E01014626,1976,946,1030
E01014627,2145,1066,1079
E01014557,1635,812,823
E01014558,1875,1005,870
E01014559,1982,1075,907
E01014560,1669,841,828
E01014562,1838,930,908
E01014485,1817,874,943
E01014486,2317,1188,1129
E01014488,1993,1022,971
E01014489,2403,1279,1124
E01033347,1122,644,478
E01033348,1104,587,517
E01033366,1507,749,758
E01014539,1834,944,890
E01014561,1741,887,854
E01014563,1814,912,902
E01033342,1881,1052,829
E01033367,1287,741,546
E01014551,1781,860,921
E01014552,1826,1003,823
E01014553,1718,894,824
E01014554,1697,883,814
E01014556,1712,883,829
E01014673,1743,862,881
E01014674,1572,774,798
E01014675,1509,750,759
E01014676,1535,746,789
E01014682,1576,753,823
E01014683,1677,868,809
E01014685,1582,766,816
E01014686,1630,746,884
E01014687,1580,770,810
E01014565,1697,849,848
E01014566,1669,848,821
E01014567,1909,1010,899
E01014681,2142,1048,1094
E01014684,1708,880,828
E01014544,1524,806,718
E01014545,1575,829,746
E01014546,1449,763,686
E01014547,1646,850,796
E01014538,1940,1006,934
E01014540,2676,1480,1196
E01014542,2316,1243,1073
E01033344,1627,818,809
E01033345,1344,690,654
E01033350,1035,598,437
E01014677,1413,739,674
E01014678,1558,766,792
E01014679,1540,730,810
E01014680,1287,636,651
E01014548,1690,899,791
E01014549,1191,646,545
E01014550,2162,1109,1053
E01014555,1847,981,866
E01014528,1497,747,750
E01014529,1431,659,772
E01014530,1384,696,688
E01014531,1661,846,815
E01014532,1468,706,762
E01014537,1773,870,903
E01014695,1711,848,863
E01014696,1696,843,853
E01014698,1839,963,876
E01014699,1542,761,781
E01014700,1559,766,793
E01014701,1690,899,791
E01014730,1613,837,776
E01014731,1526,753,773
E01014732,1697,878,819
E01014735,1680,867,813
E01014523,1351,690,661
E01014524,1474,733,741
E01014525,1586,761,825
E01014526,1517,763,754
E01014527,1344,692,652
E01014500,1559,754,805
E01014502,1716,860,856
E01033359,1242,695,547
E01033361,1264,684,580
E01033362,1114,560,554
E01033364,1557,791,766
E01014729,1435,683,752
E01014733,1728,889,839
E01014734,1578,781,797
E01014736,1923,926,997
E01014501,1684,808,876
E01014504,1499,732,767
E01014505,1740,838,902
E01014506,1579,744,835
E01014645,1565,755,810
E01014646,1573,774,799
E01014648,1648,850,798
E01014649,1649,801,848
E01014651,1631,838,793
E01014533,1469,778,691
E01014534,1619,827,792
E01014535,1928,933,995
E01014536,1437,710,727
E01014578,1679,778,901
E01014583,1440,667,773
E01014585,1932,888,1044
E01014647,1685,827,858
E01014650,1564,763,801
E01014579,1404,673,731
E01014580,1490,676,814
E01014581,1529,737,792
E01014582,1400,694,706
E01014584,1393,649,744
E01014518,1651,829,822
E01014519,1312,621,691
E01014520,1527,763,764
E01014521,1332,637,695
E01014607,1361,645,716
E01014608,1692,810,882
E01014609,1777,852,925
E01014610,1423,665,758
E01014613,1483,732,751
E01014614,1251,615,636
E01014594,1506,670,836
E01014598,1465,731,734
E01014599,1280,637,643
E01014600,1387,658,729
E01014702,1433,701,732
E01014703,1420,671,749
E01014704,1889,898,991
E01014705,1401,663,738
E01014706,1248,584,664
E01014707,1591,783,808
E01014708,1820,894,926
E01014515,1488,682,806
E01014516,1407,648,759
E01014517,1209,574,635
E01014522,1650,743,907
E01014593,1515,703,812
E01014595,1417,695,722
E01014596,1584,747,837
E01014597,1320,663,657
E01014611,1285,658,627
E01014612,1451,705,746
E01014722,1492,756,736
E01014723,1344,663,681
E01014725,1468,738,730
E01014726,1650,805,845
E01014727,1539,704,835
E01032514,1970,894,1076
E01032515,1376,665,711
E01033352,1253,744,509
E01033353,1129,626,503
E01033355,1075,633,442
E01033358,2052,1059,993
E01033370,1125,634,491
E01014564,1863,913,950
E01014653,2596,1396,1200
E01014655,2365,1230,1135
E01014654,2323,1199,1124
E01014658,2177,1085,1092
E01033356,1419,729,690
E01033369,1428,725,703
E01014568,2431,1217,1214
E01014569,2148,1046,1102
E01014570,1824,913,911
E01014574,2165,1137,1028
E01018753,1608,768,840
E01018754,1543,748,795
E01018755,1490,735,755
E01018756,1612,772,840
E01018777,2015,1032,983
E01018782,1476,702,774
E01018783,1536,776,760
E01018784,1454,703,751
E01018750,2265,1126,1139
E01018751,1505,761,744
E01018752,2016,979,1037
E01018779,2231,1088,1143
E01018758,2425,1137,1288
E01018768,1973,943,1030
E01018769,1851,875,976
E01018778,1716,833,883
E01018767,1490,682,808
E01018770,1246,603,643
E01018771,1300,670,630
E01018772,1557,761,796
E01018764,1436,713,723
E01018787,1560,779,781
E01018795,1210,589,621
E01018796,1206,584,622
E01018757,2066,988,1078
E01018763,1115,566,549
E01018765,1479,743,736
E01018785,1946,956,990
E01018786,1305,652,653
E01018788,1413,634,779
E01018790,1180,565,615
E01018794,1382,653,729
E01018789,1456,692,764
E01018791,1222,612,610
E01018792,2782,1356,1426
E01018793,1703,841,862
E01018759,1494,721,773
E01018760,1242,625,617
E01018761,1489,711,778
E01018766,1825,885,940
E01018774,1403,672,731
E01018797,1127,536,591
E01018798,1484,732,752
E01018799,1182,551,631
E01018800,1618,763,855
E01018780,2278,1099,1179
E01018781,1839,896,943
E01033294,2306,1133,1173
E01018762,1203,592,611
E01018773,1517,737,780
E01018775,1436,697,739
E01018776,1169,582,587
E01018815,2026,1015,1011
E01018831,1307,638,669
E01018832,1327,650,677
E01018847,1513,726,787
E01018833,1486,739,747
E01018842,1402,680,722
E01018843,1292,630,662
E01018844,1226,598,628
E01018825,1554,747,807
E01018826,2127,974,1153
E01018851,1383,646,737
E01018852,2501,1188,1313
E01018823,1464,677,787
E01018824,2553,1212,1341
E01018853,2499,1196,1303
E01018854,1344,631,713
E01018819,1475,699,776
E01018822,1234,595,639
E01018855,2382,1148,1234
E01018856,1391,684,707
E01018857,1173,544,629
E01018858,1458,679,779
E01018807,1303,615,688
E01018808,1451,692,759
E01018809,1960,913,1047
E01018810,1354,651,703
E01018816,1683,803,880
E01018817,2049,995,1054
E01018818,1616,754,862
E01018820,1806,869,937
E01018821,1227,622,605
E01018845,1578,724,854
E01018846,1321,637,684
E01018848,1614,779,835
E01018849,1863,876,987
E01018850,1334,652,682
E01018827,1503,710,793
E01018828,1489,696,793
E01018829,1353,683,670
E01018830,1459,705,754
E01018834,1798,870,928
E01018835,1758,882,876
E01018836,1580,759,821
E01018837,1957,971,986
E01018838,1557,734,823
E01018839,1178,562,616
E01018840,1636,772,864
E01018841,1435,682,753
E01018860,1919,884,1035
E01018803,1748,845,903
E01018804,1878,881,997
E01018805,1458,688,770
E01018806,1532,744,788
E01018811,1490,715,775
E01018812,1374,661,713
E01018813,1424,705,719
E01018814,1437,694,743
E01018859,1731,839,892
E01018889,1334,642,692
E01018890,1420,699,721
E01018891,1297,618,679
E01018892,1336,657,679
E01018893,1353,661,692
E01018908,1668,838,830
E01018909,1591,765,826
E01018910,1861,878,983
E01018911,1684,837,847
E01018912,1467,709,758
E01018913,1837,930,907
E01018914,1873,916,957
E01018915,2037,976,1061
E01018916,1328,624,704
E01018917,1373,637,736
E01018918,1772,850,922
E01018919,1348,645,703
E01018894,1810,899,911
E01018895,1674,822,852
E01018896,1528,777,751
E01018897,1416,711,705
E01018898,1293,617,676
E01018865,1900,971,929
E01018866,1601,769,832
E01018867,1935,937,998
E01018868,1768,854,914
E01018874,1304,611,693
E01018875,1348,598,750
E01018876,1389,677,712
E01018877,1420,671,749
E01018878,1405,685,720
E01018869,1570,776,794
E01018870,1293,611,682
E01018871,1657,832,825
E01018872,1250,606,644
E01018873,1297,626,671
E01018863,1652,813,839
E01018864,1639,807,832
E01018921,2101,1052,1049
E01018922,2372,1177,1195
E01018879,1753,828,925
E01018880,2137,1065,1072
E01018899,2601,1257,1344
E01018900,1486,731,755
E01018901,1668,808,860
E01018882,1521,734,787
E01018883,1570,778,792
E01018884,1655,788,867
E01018885,1486,735,751
E01018886,1951,958,993
E01018887,1587,764,823
E01018888,1912,878,1034
E01018861,1434,701,733
E01018862,1384,665,719
E01018905,1316,653,663
E01018906,1225,588,637
E01018907,1226,584,642
E01018881,1842,934,908
E01018902,1200,597,603
E01018903,1776,1151,625
E01018904,2091,1013,1078
E01018920,2008,1007,1001
E01018936,1518,755,763
E01018937,1898,904,994
E01018938,1675,809,866
E01018959,1445,669,776
E01018960,1920,930,990
E01018961,1478,730,748
E01018943,2121,1087,1034
E01018951,2254,1089,1165
E01018974,2570,1262,1308
E01018940,1558,747,811
E01018941,1554,760,794
E01018942,1519,733,786
E01018969,2250,1084,1166
E01018953,1209,613,596
E01018968,2515,1231,1284
E01033291,1596,780,816
E01033292,1349,636,713
E01018946,1491,700,791
E01018947,2988,1438,1550
E01018948,1677,818,859
E01018949,1421,693,728
E01018950,1639,803,836
E01018925,2153,1032,1121
E01018952,1167,580,587
E01018965,2478,1185,1293
E01018966,1092,552,540
E01018967,1367,706,661
E01018924,1140,563,577
E01018962,2174,1058,1116
E01033289,2239,1071,1168
E01018954,1236,606,630
E01018955,1606,777,829
E01018956,1085,539,546
E01018957,1282,609,673
E01018958,1352,636,716
E01018970,1521,725,796
E01018971,2015,894,1121
E01018972,1789,827,962
E01018973,1396,633,763
E01018923,1250,623,627
E01018926,2354,1139,1215
E01018944,1194,593,601
E01018945,1291,621,670
E01018932,1680,814,866
E01018933,1418,716,702
E01018934,1990,995,995
E01018935,2259,1081,1178
E01018927,1574,746,828
E01018928,1754,830,924
E01018929,1274,628,646
E01018930,1603,754,849
E01018931,1184,578,606
E01019008,1428,643,785
E01019009,1520,744,776
E01019010,1372,642,730
E01019011,1445,673,772
E01019012,1778,853,925
E01018978,1481,696,785
E01018981,2046,965,1081
E01018982,2149,1028,1121
E01018983,1609,768,841
E01018984,2118,1041,1077
E01018985,2324,1111,1213
E01018986,1568,722,846
E01018987,2081,1032,1049
E01018975,1994,909,1085
E01018979,1390,715,675
E01018980,1407,685,722
E01018990,1810,844,966
E01019007,2202,1081,1121
E01018988,1537,734,803
E01018989,1776,852,924
E01018991,1518,746,772
E01019006,1616,782,834
E01018976,2144,996,1148
E01018977,1428,665,763
E01018994,1632,764,868
E01018996,1590,754,836
E01018997,1471,683,788
E01018995,2069,994,1075
E01018998,1467,716,751
E01018999,1447,698,749
E01019001,1685,768,917
E01018992,1624,799,825
E01018993,1670,809,861
E01019005,2081,1032,1049
E01019000,1403,652,751
E01019002,1390,695,695
E01019003,1716,828,888
E01019004,1603,768,835
E01019048,1828,893,935
E01019049,1817,906,911
E01019050,1428,705,723
E01019051,1598,769,829
E01019060,1659,805,854
E01019061,1728,850,878
E01019062,1944,943,1001
E01019063,1963,937,1026
E01019064,1931,952,979
E01019065,1326,674,652
E01019028,2098,1016,1082
E01019029,1453,699,754
E01019030,1782,880,902
E01019031,1558,766,792
E01019018,1611,792,819
E01019019,1417,693,724
E01019020,1441,734,707
E01019021,1486,738,748
E01019022,1726,812,914
E01019023,1596,788,808
E01019052,1808,890,918
E01019053,1942,968,974
E01019054,1816,901,915
E01019055,1484,715,769
E01019035,1519,715,804
E01019036,1687,852,835
E01019037,1508,717,791
E01019074,1785,907,878
E01019075,1731,854,877
E01019076,1870,953,917
E01019069,1308,646,662
E01019070,1999,970,1029
E01019071,1580,774,806
E01019072,1514,730,784
E01019073,1426,700,726
E01019056,1628,805,823
E01019057,1918,921,997
E01019058,1773,857,916
E01019059,1554,744,810
E01019024,1446,702,744
E01019025,1441,657,784
E01019026,1458,687,771
E01019027,1513,712,801
E01019013,2214,1084,1130
E01019014,1395,650,745
E01019015,1467,726,741
E01019016,1881,903,978
E01019017,2342,1133,1209
E01019032,1482,744,738
E01019034,1523,746,777
E01019045,2145,1032,1113
E01019047,1194,553,641
E01019033,1403,671,732
E01019041,1763,804,959
E01019042,1709,827,882
E01019043,1558,759,799
E01019044,1487,698,789
E01019046,1367,660,707
E01019038,1106,516,590
E01019039,1411,680,731
E01019040,1220,580,640
E01019066,1212,590,622
E01019067,1143,545,598
E01019068,1620,799,821
E01019077,2203,1102,1101
E01014790,1489,735,754
E01014795,1366,685,681
E01014797,1727,869,858
E01032675,1355,700,655
E01032676,1334,674,660
E01032681,1232,570,662
E01014789,1327,668,659
E01014793,1512,720,792
E01014794,1643,781,862
E01014798,1532,769,763
E01014792,1818,849,969
E01014796,1695,812,883
E01032677,1365,652,713
E01032678,1589,807,782
E01032682,1059,501,558
E01014766,1352,675,677
E01014767,1303,657,646
E01014786,1596,811,785
E01014787,1929,942,987
E01014752,1515,752,763
E01014754,1145,546,599
E01014758,1353,608,745
E01014759,1396,692,704
E01014849,1550,780,770
E01014850,2073,1014,1059
E01014851,2559,1247,1312
E01014852,1611,790,821
E01032674,2483,1265,1218
E01032680,1832,912,920
E01014750,1621,768,853
E01014751,1627,780,847
E01014753,1810,890,920
E01014755,1386,613,773
E01014760,1457,704,753
E01014780,1545,737,808
E01014781,1605,753,852
E01014782,1391,686,705
E01014783,1549,766,783
E01014784,1569,741,828
E01014785,1386,663,723
E01014775,1231,613,618
E01014776,1317,646,671
E01014777,1547,739,808
E01014778,1298,649,649
E01014779,1192,566,626
E01014756,1623,779,844
E01014757,1473,727,746
E01014761,1614,768,846
E01014762,1437,696,741
E01014763,1824,896,928
E01014737,1507,736,771
E01014738,1465,710,755
E01014739,1488,726,762
E01014740,1328,644,684
E01014855,1437,700,737
E01014856,1540,772,768
E01014857,1521,743,778
E01014858,1721,847,874
E01014859,1571,767,804
E01014860,1483,739,744
E01014847,1713,847,866
E01014848,1269,638,631
E01014853,1645,778,867
E01014854,1348,638,710
E01014764,1606,738,868
E01014765,1891,864,1027
E01014773,1690,846,844
E01014774,1690,815,875
E01014821,1218,566,652
E01014822,1474,718,756
E01014823,1292,651,641
E01014824,1457,698,759
E01014825,1226,609,617
E01014826,1573,749,824
E01014827,1359,692,667
E01014817,1520,735,785
E01014820,1401,656,745
E01014835,1414,655,759
E01014836,1468,689,779
E01014838,1396,659,737
E01014840,1390,652,738
E01014812,1406,676,730
E01014813,1734,863,871
E01014815,1340,677,663
E01014816,1457,706,751
E01014818,1698,827,871
E01014819,1531,734,797
E01014841,1670,884,786
E01014842,1486,746,740
E01014843,1465,674,791
E01014844,1233,599,634
E01014845,1221,581,640
E01014846,1508,720,788
E01014799,1564,802,762
E01014800,1535,815,720
E01014801,1549,772,777
E01014802,1549,741,808
E01014809,1715,859,856
E01014811,1594,757,837
E01014829,1826,859,967
E01014830,1571,779,792
E01014831,1253,609,644
E01014832,1418,688,730
E01014833,1466,695,771
E01014804,1347,630,717
E01014806,1643,751,892
E01014807,1637,825,812
E01014808,1426,687,739
E01014744,1342,644,698
E01014746,1410,681,729
E01014769,2349,1153,1196
E01014770,1354,657,697
E01014771,1386,667,719
E01014772,1328,632,696
E01014741,1438,655,783
E01014742,1565,790,775
E01014745,1543,726,817
E01014747,1353,656,697
E01014748,1106,540,566
E01014749,1356,667,689
E01014803,1507,738,769
E01014805,1437,704,733
E01014828,1440,691,749
E01014834,1393,613,780
E01014839,1600,777,823
E01032666,1153,573,580
E01032667,1089,553,536
E01032668,1496,738,758
E01032672,1330,642,688
E01032673,1302,614,688
E01014810,1312,631,681
E01032669,1469,716,753
E01032670,1645,799,846
E01032671,1397,680,717
E01032679,1281,630,651
E01015025,1576,738,838
E01015097,1669,810,859
E01015160,1485,703,782
E01015164,1999,962,1037
E01015027,1623,791,832
E01015159,1609,735,874
E01015161,1483,705,778
E01015162,1447,692,755
E01015166,1871,924,947
E01015023,1644,802,842
E01015026,1582,775,807
E01015028,1446,701,745
E01015163,1451,702,749
E01015165,1684,814,870
E01015024,1431,719,712
E01015082,1625,793,832
E01015083,1472,723,749
E01015084,1467,702,765
E01015090,1370,684,686
E01015091,1539,757,782
E01015092,1570,726,844
E01015093,1378,672,706
E01015094,1405,642,763
E01015085,1611,754,857
E01015087,1594,800,794
E01015088,1601,736,865
E01015147,1249,599,650
E01015148,1515,743,772
E01015030,1566,756,810
E01015070,2519,1238,1281
E01015081,1555,734,821
E01015086,1342,604,738
E01015089,1672,800,872
E01015029,1910,905,1005
E01015064,1623,765,858
E01015065,1464,693,771
E01015071,1524,732,792
E01015076,1438,704,734
E01015142,1312,647,665
E01015143,1344,665,679
E01015144,1529,754,775
E01015146,1772,840,932
E01015149,1451,712,739
E01015150,1378,701,677
E01015063,1440,674,766
E01015068,1628,801,827
E01015069,1594,744,850
E01015095,1394,682,712
E01015096,1443,671,772
E01015074,1519,712,807
E01015077,1714,826,888
E01015079,1481,728,753
E01015102,1687,838,849
E01015104,1534,744,790
E01015035,1537,745,792
E01015037,1340,635,705
E01015058,1471,690,781
E01015066,1485,719,766
E01015067,1514,764,750
E01015072,1597,783,814
E01015073,1450,708,742
E01015078,1245,597,648
E01015080,1406,702,704
E01015106,1232,605,627
E01015039,1292,689,603
E01015040,1505,757,748
E01015041,1419,713,706
E01015075,1444,660,784
E01015145,1819,856,963
E01015120,1566,757,809
E01015121,1508,696,812
E01015123,1695,759,936
E01015124,1598,768,830
E01015125,1538,738,800
E01015033,1570,788,782
E01015034,1401,671,730
E01015036,1481,705,776
E01015038,1718,860,858
E01015101,1624,764,860
E01015098,1565,774,791
E01015099,1476,684,792
E01015100,1477,744,733
E01015103,1476,719,757
E01015105,1482,710,772
E01015107,1552,760,792
E01015110,1588,831,757
E01015111,1641,776,865
E01015119,1725,857,868
E01015112,1497,713,784
E01015113,1495,731,764
E01015114,1479,714,765
E01015118,1634,783,851
E01015122,1592,763,829
E01015042,1473,732,741
E01015044,1454,768,686
E01015167,1547,801,746
E01015168,1810,922,888
E01015171,1730,883,847
E01015055,1433,696,737
E01015056,1566,752,814
E01015057,1493,689,804
E01015059,1555,788,767
E01015060,1573,761,812
E01015176,1464,717,747
E01015108,1952,951,1001
E01015109,1457,714,743
E01015115,1435,625,810
E01015116,1497,739,758
E01015117,1450,716,734
E01015031,1608,825,783
E01015032,2022,1176,846
E01015049,1621,897,724
E01015050,1855,1032,823
E01015051,1935,1019,916
E01015169,1990,1068,922
E01015170,1614,792,822
E01015173,1733,867,866
E01015174,1639,796,843
E01015061,1457,708,749
E01015062,2104,1096,1008
E01015175,1663,854,809
E01015177,1744,897,847
E01015178,2050,1089,961
E01015043,1491,770,721
E01015045,1469,741,728
E01015046,2005,1044,961
E01015047,1504,720,784
E01015048,1176,642,534
E01015053,1496,824,672
E01015054,2275,1186,1089
E01015152,1837,989,848
E01015156,1492,851,641
E01032657,1525,760,765
E01032658,1261,634,627
E01015052,1967,1001,966
E01015179,1710,891,819
E01015180,1760,930,830
E01015181,2056,1094,962
E01015182,1847,934,913
E01015151,1917,1034,883
E01015153,1762,917,845
E01015155,1749,952,797
E01015157,2079,1161,918
E01015158,2163,1158,1005
E01015172,1798,922,876
E01015126,1429,643,786
E01015127,1502,721,781
E01015131,1476,706,770
E01015132,1507,714,793
E01015133,1535,727,808
E01015135,1545,761,784
E01015136,1517,709,808
E01015137,1572,759,813
E01015138,1518,781,737
E01015139,1454,697,757
E01015141,1820,879,941
E01015128,1634,762,872
E01015129,1481,712,769
E01015130,1714,873,841
E01015134,1538,722,816
E01015140,1516,731,785
E01015431,1487,740,747
E01015432,1643,775,868
E01015433,1480,735,745
E01015434,1631,773,858
E01015379,1461,689,772
E01015435,1523,760,763
E01015436,1348,675,673
E01015437,1280,636,644
E01015395,1327,623,704
E01015396,1540,722,818
E01015397,1496,726,770
E01015398,1390,686,704
E01015399,1509,701,808
E01015400,1518,736,782
E01015401,1523,725,798
E01015412,1307,664,643
E01015413,1457,702,755
E01015414,1454,692,762
E01015415,1262,626,636
E01015416,1335,640,695
E01015407,1478,706,772
E01015408,1405,678,727
E01015409,1507,741,766
E01015410,1515,753,762
E01015411,1359,649,710
E01015417,1460,721,739
E01015418,1522,755,767
E01015419,1756,839,917
E01015420,1560,739,821
E01015421,1435,673,762
E01015422,1447,706,741
E01015380,1716,835,881
E01015381,1629,811,818
E01015382,1859,905,954
E01015383,1419,692,727
E01015384,1608,804,804
E01015385,1731,836,895
E01015438,1529,744,785
E01015439,1723,879,844
E01015441,1872,926,946
E01015442,1923,919,1004
E01015443,1791,885,906
E01015444,1735,899,836
E01015386,1666,853,813
E01015387,1469,700,769
E01015388,1597,786,811
E01015389,1474,750,724
E01015390,1688,846,842
E01015391,1455,726,729
E01015392,1421,682,739
E01015393,1260,639,621
E01015394,1591,779,812
E01015440,1942,941,1001
E01015447,1626,769,857
E01015449,1690,780,910
E01015456,1784,837,947
E01015457,1648,808,840
E01015445,1927,921,1006
E01015446,1583,789,794
E01015448,1525,748,777
E01015450,1738,878,860
E01015451,1465,706,759
E01015458,1495,715,780
E01015460,1746,858,888
E01015461,1592,801,791
E01015462,1592,827,765
E01015463,1557,793,764
E01015464,1614,783,831
E01015427,1686,874,812
E01015428,2164,1079,1085
E01015429,1702,817,885
E01015430,1547,763,784
E01015465,1750,858,892
E01015466,1714,816,898
E01015468,1959,840,1119
E01032659,1169,611,558
E01032660,1669,815,854
E01032661,1305,656,649
E01032662,1117,527,590
E01015423,2010,1039,971
E01015424,1369,673,696
E01015425,1292,618,674
E01015426,1371,657,714
E01015452,1800,860,940
E01015453,1840,903,937
E01015454,1829,916,913
E01015455,1878,911,967
E01015459,1759,860,899
E01015402,1656,792,864
E01015403,1752,787,965
E01015404,1660,816,844
E01015405,1811,889,922
E01015406,1741,908,833
E01014985,1383,687,696
E01014986,1591,740,851
E01014987,1264,616,648
E01014988,1403,687,716
E01014989,1277,542,735
E01014990,1484,730,754
E01014991,2164,1055,1109
E01014992,1483,765,718
E01014993,1442,738,704
E01014884,2048,1290,758
E01014885,1868,935,933
E01014929,2021,1015,1006
E01014930,1978,940,1038
E01014863,1496,737,759
E01014864,1457,732,725
E01014962,1748,849,899
E01014963,1880,923,957
E01014861,1864,926,938
E01014862,2841,1388,1453
E01014953,2108,1051,1057
E01014954,1539,794,745
E01015014,1466,754,712
E01015015,1469,734,735
E01015016,1217,602,615
E01015017,1447,690,757
E01015018,1524,728,796
E01015019,1776,827,949
E01015020,1556,763,793
E01015021,1571,807,764
E01015022,1550,775,775
E01014886,1803,862,941
E01014887,1397,677,720
E01014888,1453,708,745
E01014889,1567,768,799
E01014872,1593,808,785
E01014874,1498,759,739
E01014876,1716,865,851
E01014877,1563,787,776
E01014879,1712,882,830
E01014881,1956,960,996
E01015009,1384,672,712
E01015010,1322,663,659
E01015011,1556,769,787
E01015012,1214,575,639
E01015013,1349,689,660
E01014946,1574,789,785
E01014947,1422,701,721
E01014948,1693,821,872
E01014949,1420,722,698
E01014950,1428,727,701
E01014951,1322,635,687
E01014952,1652,844,808
E01014873,1507,750,757
E01014875,1792,928,864
E01014878,2113,1081,1032
E01014880,1833,919,914
E01014882,2084,1023,1061
E01014883,1232,618,614
E01014911,1386,676,710
E01014912,1835,923,912
E01014913,1622,818,804
E01014914,1677,841,836
E01014892,1660,792,868
E01014893,1494,753,741
E01014894,1308,670,638
E01014895,1422,706,716
E01014896,1332,663,669
E01014979,1515,766,749
E01014980,1621,802,819
E01014982,1519,756,763
E01014983,1518,717,801
E01014984,1481,740,741
E01014998,1553,717,836
E01014999,1594,778,816
E01015000,1542,760,782
E01015001,1609,779,830
E01014978,1530,773,757
E01014981,2874,1481,1393
E01014996,1629,794,835
E01033331,2230,1205,1025
E01033333,2244,1197,1047
E01014904,1487,765,722
E01014905,1639,858,781
E01014906,1672,804,868
E01014907,1530,798,732
E01014908,1320,672,648
E01014909,1488,793,695
E01014910,1471,755,716
E01014867,1352,707,645
E01014868,1552,783,769
E01014994,1733,873,860
E01014995,1666,832,834
E01033338,1575,804,771
E01033339,1429,686,743
E01014901,1685,821,864
E01014902,1319,660,659
E01014903,1487,729,758
E01014965,1494,719,775
E01014964,1711,846,865
E01014966,1576,767,809
E01014967,2117,1061,1056
E01014969,1599,795,804
E01033334,1609,842,767
E01033336,1757,860,897
E01014897,1498,738,760
E01014898,1668,792,876
E01014899,1635,784,851
E01014900,1493,746,747
E01014959,1387,692,695
E01014960,1631,815,816
E01014961,1651,817,834
E01014968,1712,826,886
E01014865,1888,934,954
E01014869,1716,864,852
E01014870,1606,781,825
E01014871,1220,597,623
E01014890,2072,1021,1051
E01014891,1665,838,827
E01014955,1304,638,666
E01014956,1579,788,791
E01014957,1255,622,633
E01014974,1575,772,803
E01014977,1275,603,672
E01014922,1383,701,682
E01014923,1523,728,795
E01014924,1765,858,907
E01014973,1464,703,761
E01014975,1574,788,786
E01014976,1450,721,729
E01014925,1494,716,778
E01014926,1685,800,885
E01014927,1677,802,875
E01014928,1526,751,775
E01014958,1175,546,629
E01014915,1569,767,802
E01015003,1621,795,826
E01015005,2000,1001,999
E01015007,1693,844,849
E01015008,1699,822,877
E01014943,1722,823,899
E01014944,1860,954,906
E01014972,1752,839,913
E01015002,1576,764,812
E01015004,1718,871,847
E01015006,1571,795,776
E01014936,1474,723,751
E01014938,1548,753,795
E01014939,1191,597,594
E01014940,1331,664,667
E01014941,1616,783,833
E01014942,1485,733,752
E01014945,1699,837,862
E01014916,1508,726,782
E01014917,1456,700,756
E01014918,1433,681,752
E01014919,1271,621,650
E01014920,1338,684,654
E01014921,1387,685,702
E01014866,1621,789,832
E01014931,1423,695,728
E01014932,1641,802,839
E01014933,1460,737,723
E01014934,1237,622,615
E01014935,1506,750,756
E01014937,1282,626,656
E01015519,1471,691,780
E01015520,1206,582,624
E01015521,1432,720,712
E01015522,1441,671,770
E01015523,1510,734,776
E01015524,1199,607,592
E01015543,1362,662,700
E01015544,1666,799,867
E01015545,1598,774,824
E01015546,1702,798,904
E01015513,1555,769,786
E01015514,1266,615,651
E01015515,1431,731,700
E01015516,1303,619,684
E01015517,1438,698,740
E01015555,1466,708,758
E01015556,1600,775,825
E01015557,1395,708,687
E01015558,1543,735,808
E01015559,1472,736,736
E01015560,1619,794,825
E01015526,1480,759,721
E01015528,1817,897,920
E01015529,1541,757,784
E01015530,1677,816,861
E01015506,1551,785,766
E01015507,1613,761,852
E01015527,1751,841,910
E01015580,1660,800,860
E01015473,1716,830,886
E01015474,1644,825,819
E01015547,1749,895,854
E01015548,1577,774,803
E01015549,1765,867,898
E01015550,1802,895,907
E01015551,1534,725,809
E01015552,2106,1040,1066
E01015553,1631,814,817
E01015554,1436,696,740
E01015508,1400,696,704
E01015509,1620,838,782
E01015510,1874,948,926
E01015511,1556,807,749
E01015562,1537,749,788
E01015563,1569,811,758
E01015565,1607,759,848
E01015566,1593,808,785
E01015578,1606,822,784
E01015579,1585,804,781
E01015581,1516,769,747
E01015582,1874,940,934
E01032708,1642,885,757
E01032716,1449,774,675
E01015481,1744,844,900
E01015482,1278,656,622
E01015483,1438,692,746
E01015484,1403,685,718
E01015485,1440,722,718
E01015486,1439,729,710
E01015561,1466,761,705
E01015564,1566,773,793
E01015567,1492,761,731
E01015568,1432,712,720
E01015475,2182,1197,985
E01015476,2251,1275,976
E01015477,1548,828,720
E01015480,2371,1322,1049
E01015538,1767,849,918
E01015572,1250,615,635
E01015573,2138,1076,1062
E01015575,1184,587,597
E01015479,1618,825,793
E01015493,1773,927,846
E01015574,1640,804,836
E01015576,1559,741,818
E01015499,1270,659,611
E01015500,1523,731,792
E01015504,1372,662,710
E01015505,1496,740,756
E01015494,1783,985,798
E01015496,1614,867,747
E01015497,1592,837,755
E01032714,1286,734,552
E01032715,998,543,455
E01015537,1773,827,946
E01015539,1620,803,817
E01015540,1859,913,946
E01015541,1791,869,922
E01015542,1471,707,764
E01015478,1483,765,718
E01015498,1732,903,829
E01015532,1556,820,736
E01032706,1498,800,698
E01032707,1876,951,925
E01015501,1369,694,675
E01015502,1545,761,784
E01015503,1314,633,681
E01015569,1510,743,767
E01015570,1531,800,731
E01015571,1590,808,782
E01015487,1615,814,801
E01015488,1439,700,739
E01015489,1438,720,718
E01015490,1285,626,659
E01015491,1473,723,750
E01015492,1434,696,738
E01015533,1504,719,785
E01015534,1904,959,945
E01015535,1494,734,760
E01015536,2400,1167,1233
E01015583,2282,1124,1158
E01015584,1417,686,731
E01015585,1642,804,838
E01015586,1437,677,760
E01015587,1897,907,990
E01015588,1837,898,939
E01015525,1578,797,781
E01032700,1612,832,780
E01032703,1468,718,750
E01032705,1479,728,751
E01032709,1358,684,674
E01032713,1762,900,862
E01032701,1219,621,598
E01032702,1413,713,700
E01032704,1419,723,696
E01032711,1330,675,655
E01032712,1408,699,709
E01015471,1655,836,819
E01015472,2754,1377,1377
E01015512,1715,853,862
E01015518,1561,784,777
E01032710,1343,675,668
E01015262,1352,630,722
E01015263,1538,731,807
E01015264,1323,616,707
E01015265,1471,737,734
E01015266,1494,699,795
E01015236,1484,744,740
E01015237,1358,673,685
E01015238,1451,679,772
E01015239,1529,686,843
E01015249,1478,691,787
E01015250,1438,682,756
E01015251,1200,593,607
E01015252,2383,1161,1222
E01015253,1627,779,848
E01015254,1399,675,724
E01015257,1354,654,700
E01015258,1929,963,966
E01015259,1396,683,713
E01015260,1544,809,735
E01015240,1463,662,801
E01015241,1479,699,780
E01015242,1238,589,649
E01015243,1260,592,668
E01015214,1407,692,715
E01015215,1458,720,738
E01015216,1429,685,744
E01015218,1453,688,765
E01015217,1528,773,755
E01015255,1619,890,729
E01015256,1793,971,822
E01015261,1957,966,991
E01015267,1527,777,750
E01015268,1570,788,782
E01015269,1631,784,847
E01015270,1627,809,818
E01015271,1422,668,754
E01015224,1493,731,762
E01015225,1467,693,774
E01015226,1411,674,737
E01015227,1535,744,791
E01015228,1505,685,820
E01015230,1415,661,754
E01015202,1513,745,768
E01015203,1272,602,670
E01015204,1375,685,690
E01015205,1489,697,792
E01015206,1484,696,788
E01015190,1666,842,824
E01015191,1662,797,865
E01015192,1450,718,732
E01015193,1283,595,688
E01015194,1400,679,721
E01015195,1508,738,770
E01015196,1508,727,781
E01015229,1368,626,742
E01015231,1593,785,808
E01015232,1651,797,854
E01015233,1399,659,740
E01015234,1318,623,695
E01015235,1689,796,893
E01015219,1393,635,758
E01015220,1370,638,732
E01015221,1430,665,765
E01015222,1413,656,757
E01015223,1304,648,656
E01015197,1439,683,756
E01015198,1567,736,831
E01015199,1299,624,675
E01015200,1016,483,533
E01015201,1336,655,681
E01015183,1320,638,682
E01015184,1311,620,691
E01015185,1325,637,688
E01015186,1339,660,679
E01015187,1384,643,741
E01015188,1482,686,796
E01015189,1170,560,610
E01015244,1463,697,766
E01015245,1312,646,666
E01015246,1440,671,769
E01015247,1707,828,879
E01015248,1440,682,758
E01015207,1577,750,827
E01015208,1852,878,974
E01015209,1395,667,728
E01015210,1507,680,827
E01015211,1478,699,779
E01015212,1394,696,698
E01015213,1433,716,717
E01031841,1833,904,929
E01031868,1777,897,880
E01031873,1869,897,972
E01031874,1529,737,792
E01031884,1627,804,823
E01031861,2409,1132,1277
E01031862,1554,747,807
E01031863,1171,550,621
E01031864,1329,639,690
E01031865,1932,971,961
E01031866,1567,777,790
E01031869,1859,868,991
E01031870,1775,865,910
E01031871,1659,796,863
E01031850,1894,896,998
E01031851,1518,738,780
E01031852,2041,984,1057
E01032688,1331,646,685
E01032689,1350,645,705
E01032692,1238,601,637
E01032693,1371,680,691
E01031853,1420,696,724
E01031854,1767,846,921
E01031855,1511,725,786
E01031856,1564,756,808
E01031845,1577,783,794
E01031846,1651,805,846
E01031848,2142,1241,901
E01031872,1622,775,847
E01031876,1502,716,786
E01031843,1782,862,920
E01031847,1772,868,904
E01031849,1679,859,820
E01031877,1836,914,922
E01031844,1926,927,999
E01031857,1631,803,828
E01031858,2084,1036,1048
E01031883,1775,854,921
E01031842,1909,923,986
E01031867,1828,905,923
E01031882,2031,1004,1027
E01031859,1743,808,935
E01031860,1510,740,770
E01031878,2621,1551,1070
E01031879,2120,1263,857
E01031880,3902,2842,1060
E01032697,1481,745,736
E01032698,1671,818,853
E01031887,1762,861,901
E01031934,1751,873,878
E01031935,1753,847,906
E01031936,1478,733,745
E01031885,1587,816,771
E01031947,1657,805,852
E01031948,2105,1059,1046
E01031949,1808,880,928
E01031954,1347,663,684
E01031955,1623,768,855
E01031956,1301,622,679
E01031962,1330,666,664
E01031886,1414,711,703
E01031892,1390,671,719
E01031893,1576,809,767
E01031894,1517,765,752
E01031957,1477,691,786
E01031958,1375,676,699
E01031959,1615,785,830
E01031960,1388,697,691
E01031963,1831,873,958
E01031964,1687,851,836
E01031967,1908,924,984
E01031969,1438,734,704
E01031944,1064,527,537
E01031946,2090,1209,881
E01031961,1309,646,663
E01031965,1385,671,714
E01031966,1537,753,784
E01031968,1599,784,815
E01032699,2306,1139,1167
E01031939,2171,1053,1118
E01031940,2235,1109,1126
E01031950,1397,681,716
E01031951,1431,815,616
E01031907,2524,1239,1285
E01031910,1453,722,731
E01031914,1325,636,689
E01031915,1383,676,707
E01031919,1594,780,814
E01031920,1262,636,626
E01031905,1465,726,739
E01031906,1467,740,727
E01031908,1628,793,835
E01031909,1276,621,655
E01031925,1180,566,614
E01031926,1507,744,763
E01031927,1306,653,653
E01031911,1369,651,718
E01031912,1366,688,678
E01031913,1397,690,707
E01031917,1416,704,712
E01031918,2460,1202,1258
E01031928,1345,635,710
E01031891,2301,1130,1171
E01031904,2154,1027,1127
E01031937,1131,558,573
E01031938,1416,707,709
E01031916,1299,638,661
E01031921,1468,747,721
E01031922,1273,667,606
E01031923,1374,695,679
E01031924,1663,813,850
E01031895,1594,794,800
E01031896,1184,516,668
E01031897,2209,1128,1081
E01031898,1808,735,1073
E01032690,1794,909,885
E01032691,1537,773,764
E01031900,2209,1048,1161
E01031901,1458,687,771
E01031902,1157,595,562
E01031903,2324,1142,1182
E01031888,1333,645,688
E01031889,1859,925,934
E01031890,1484,730,754
E01031929,1318,643,675
E01031930,1654,942,712
E01031931,1641,790,851
E01031932,1447,680,767
E01031933,1586,759,827
E01031941,1598,768,830
E01031942,1431,723,708
E01031952,2423,1137,1286
E01031953,2886,1391,1495
E01031988,1588,800,788
E01031998,3024,1823,1201
E01032026,1601,796,805
E01032696,2980,1801,1179
E01031989,1562,800,762
E01031996,1397,679,718
E01031997,1434,720,714
E01031999,1524,751,773
E01031974,1264,616,648
E01031975,1260,592,668
E01031976,1420,709,711
E01031977,2944,1467,1477
E01031978,1753,855,898
E01031979,2083,1011,1072
E01032013,2099,1052,1047
E01032032,1601,775,826
E01032033,1424,714,710
E01032034,1402,670,732
E01032010,2090,1005,1085
E01032035,1535,748,787
E01032036,1465,723,742
E01032037,1470,709,761
E01031984,1600,764,836
E01031985,1309,621,688
E01031986,1248,591,657
E01032017,1488,691,797
E01031980,1538,763,775
E01031981,1636,766,870
E01031982,1448,710,738
E01031983,1747,826,921
E01032018,1608,789,819
E01032019,1529,704,825
E01032020,1495,725,770
E01032025,1472,747,725
E01031990,1965,938,1027
E01032004,2269,1105,1164
E01032027,1333,650,683
E01032038,1321,619,702
E01032039,1363,627,736
E01032040,1459,684,775
E01032001,1515,774,741
E01032002,1395,683,712
E01032003,1458,734,724
E01032024,2344,1152,1192
E01032014,1721,839,882
E01032015,1443,692,751
E01032016,1367,653,714
E01032021,1606,728,878
E01032000,2314,1095,1219
E01032011,2532,1201,1331
E01032012,1806,826,980
E01032008,1513,750,763
E01032009,1819,863,956
E01032022,1671,743,928
E01032005,1306,612,694
E01032006,1254,572,682
E01032007,1348,655,693
E01032023,1804,835,969
E01031970,1575,722,853
E01031971,1182,556,626
E01031972,1504,745,759
E01032041,1925,938,987
E01032042,1723,828,895
E01031991,2121,956,1165
E01032029,1373,650,723
E01032030,1550,740,810
E01032031,1075,523,552
E01031973,1875,910,965
E01031992,1483,725,758
E01031993,1456,706,750
E01031994,1361,633,728
E01031995,1617,798,819
E01032063,1910,958,952
E01032064,1335,649,686
E01032065,1569,771,798
E01032073,1422,712,710
E01032074,1108,535,573
E01032043,1321,574,747
E01032044,1374,662,712
E01032057,1193,590,603
E01032070,1510,769,741
E01032071,2311,1168,1143
E01032072,2035,1010,1025
E01032062,1635,793,842
E01032066,1514,725,789
E01032067,1531,773,758
E01032068,1387,683,704
E01032069,1266,625,641
E01032058,1415,697,718
E01032059,1813,869,944
E01032060,1546,732,814
E01032061,1162,540,622
E01032045,1476,693,783
E01032046,1549,727,822
E01032047,1382,659,723
E01032048,1698,819,879
E01032049,1550,723,827
E01032050,1747,810,937
E01032077,1678,841,837
E01032078,2872,1410,1462
E01032079,1496,741,755
E01032080,1719,825,894
E01032085,1652,794,858
E01032086,2401,1240,1161
E01032087,2113,1026,1087
E01032099,2959,1410,1549
E01032100,1507,731,776
E01032101,1670,827,843
E01032102,1563,750,813
E01032096,1876,892,984
E01032097,1857,898,959
E01032098,1748,862,886
E01032092,1402,691,711
E01032093,1860,882,978
E01032094,2329,1157,1172
E01032095,1698,848,850
E01032088,1524,732,792
E01032089,1478,758,720
E01032090,1435,688,747
E01032091,1232,609,623
E01032053,1424,709,715
E01032083,2274,1117,1157
E01032084,2569,1212,1357
E01032052,1274,630,644
E01032054,1285,627,658
E01032055,1235,601,634
E01032056,1357,664,693
E01032121,1565,769,796
E01032115,1749,852,897
E01032116,2582,1264,1318
E01032117,2657,1283,1374
E01032118,1551,739,812
E01032119,1866,890,976
E01032694,1648,792,856
E01032695,1437,692,745
E01032104,1349,690,659
E01032105,1458,696,762
E01032107,1554,800,754
E01032108,1336,610,726
E01032110,1604,791,813
E01032111,1272,620,652
E01032112,1479,701,778
E01032113,1373,661,712
E01032103,1680,811,869
E01032106,1397,645,752
E01032109,1472,709,763
E01032114,1516,744,772
E01032051,1324,641,683
E01032075,1342,651,691
E01032076,1221,577,644
E01032081,1226,574,652
E01032082,1225,591,634
E01019902,2000,985,1015
E01019938,2201,1114,1087
E01019967,1291,638,653
E01019927,1234,566,668
E01019932,1612,758,854
E01019933,1208,575,633
E01019934,1865,874,991
E01019928,1450,684,766
E01019929,1445,687,758
E01019930,1385,643,742
E01019931,1284,614,670
E01019925,1288,647,641
E01019959,1152,569,583
E01019960,1362,671,691
E01019962,2380,1142,1238
E01032628,2049,996,1053
E01019886,2603,1272,1331
E01019887,1426,677,749
E01019888,1599,730,869
E01019889,1482,718,764
E01019966,1070,528,542
E01019891,1462,733,729
E01019892,1553,768,785
E01019893,1827,868,959
E01019903,2041,991,1050
E01019899,1335,620,715
E01019900,1830,871,959
E01019935,1237,589,648
E01019936,1121,548,573
E01019961,2521,1219,1302
E01019939,1484,705,779
E01019940,1577,742,835
E01019942,1783,867,916
E01019943,1574,767,807
E01019944,1541,721,820
E01019890,1824,896,928
E01019901,1328,651,677
E01019951,2187,1012,1175
E01019946,1401,668,733
E01019947,1787,794,993
E01019948,1267,589,678
E01019949,1421,644,777
E01019950,1220,565,655
E01019952,1711,758,953
E01019953,1533,736,797
E01019954,1483,668,815
E01019955,1645,785,860
E01019956,1639,715,924
E01019957,1727,763,964
E01019958,1812,844,968
E01019937,2095,997,1098
E01019945,2120,1047,1073
E01019963,1605,763,842
E01019898,2326,1169,1157
E01019964,1892,1347,545
E01019965,1763,855,908
E01019904,1359,623,736
E01019905,2020,995,1025
E01019906,1446,663,783
E01019907,1495,727,768
E01019908,1751,830,921
E01019909,1790,852,938
E01019910,1637,811,826
E01019911,1541,698,843
E01019894,1403,621,782
E01019895,1377,640,737
E01019896,1634,720,914
E01019897,1553,736,817
E01019920,1483,692,791
E01019921,1561,729,832
E01019922,1432,634,798
E01019923,1232,603,629
E01019924,1515,711,804
E01019916,1891,924,967
E01019917,1537,721,816
E01019918,1880,920,960
E01019919,1717,834,883
E01019912,1688,757,931
E01019913,1574,691,883
E01019914,2195,1051,1144
E01019915,1688,775,913
E01019998,1423,694,729
E01019999,1302,643,659
E01020001,1302,615,687
E01033233,4992,2433,2559
E01019990,1344,637,707
E01019991,1500,726,774
E01019993,1174,598,576
E01020000,1316,616,700
E01020007,1491,775,716
E01019992,1503,701,802
E01020002,1482,677,805
E01020003,1631,767,864
E01020004,1480,702,778
E01020005,1861,915,946
E01019997,1530,748,782
E01020019,1783,757,1026
E01020020,1748,829,919
E01020021,1653,930,723
E01020022,1707,853,854
E01019980,1681,838,843
E01019982,1628,800,828
E01019983,1469,709,760
E01019984,1363,693,670
E01019985,1405,664,741
E01019987,1705,819,886
E01019989,1173,543,630
E01020006,2041,1036,1005
E01020008,1773,923,850
E01020009,1481,769,712
E01019986,1505,717,788
E01020036,1485,716,769
E01020037,1393,650,743
E01020039,1868,891,977
E01020040,1306,633,673
E01019994,1532,755,777
E01019995,1417,722,695
E01020016,2147,1145,1002
E01020017,2488,1287,1201
E01020018,2000,993,1007
E01019996,1372,637,735
E01020023,2203,1047,1156
E01020024,1531,688,843
E01020025,1481,699,782
E01019975,1369,670,699
E01020029,1601,810,791
E01020030,1812,866,946
E01020031,1590,747,843
E01020032,1452,747,705
E01020026,1736,850,886
E01020027,1586,797,789
E01020035,1615,780,835
E01020038,1436,697,739
E01033232,1462,743,719
E01033234,1472,739,733
E01019973,1451,703,748
E01019974,1422,677,745
E01019976,1378,623,755
E01019977,1481,716,765
E01019981,1443,719,724
E01019988,1441,671,770
E01020010,1825,848,977
E01020013,1323,643,680
E01020014,1568,764,804
E01020015,1819,891,928
E01019968,1541,723,818
E01019969,1310,659,651
E01019970,1363,637,726
E01019971,1616,827,789
E01019972,1401,675,726
E01020011,1219,592,627
E01020012,1468,668,800
E01020033,1655,769,886
E01033235,1232,517,715
E01033236,1017,453,564
E01020046,1571,781,790
E01020049,1307,662,645
E01020050,2105,998,1107
E01020077,1603,804,799
E01020047,2146,1014,1132
E01020051,1800,861,939
E01020066,2835,1397,1438
E01020080,1266,623,643
E01020063,2448,1201,1247
E01020074,2137,1058,1079
E01020075,1902,935,967
E01020052,1787,858,929
E01020053,1463,699,764
E01020065,1978,994,984
E01020067,1972,944,1028
E01020048,2079,1049,1030
E01020078,1367,667,700
E01020079,1361,658,703
E01020081,1281,629,652
E01020045,1647,810,837
E01020059,2096,1045,1051
E01020062,1547,761,786
E01020064,1813,883,930
E01020054,2079,1032,1047
E01020055,1920,901,1019
E01020057,1716,821,895
E01020058,1928,962,966
E01020043,2041,975,1066
E01020044,1602,784,818
E01020056,2044,1012,1032
E01020071,1875,892,983
E01020072,1660,796,864
E01020073,1629,811,818
E01020076,1708,832,876
E01020082,1158,585,573
E01020068,1520,738,782
E01020069,1536,752,784
E01020070,1893,943,950
E01020083,2330,1192,1138
E01020041,2176,1083,1093
E01020042,1648,824,824
E01020060,1682,811,871
E01020061,2094,993,1101
E01020111,1451,663,788
E01020112,1622,824,798
E01020114,1232,612,620
E01020115,1212,598,614
E01020099,1380,669,711
E01020100,1095,545,550
E01020101,1466,705,761
E01020126,1647,791,856
E01020113,1455,711,744
E01020116,1651,816,835
E01020117,1498,714,784
E01020118,1388,659,729
E01020090,1723,856,867
E01020108,2308,1134,1174
E01020109,1440,697,743
E01020089,2276,1069,1207
E01020091,1296,645,651
E01020092,1421,682,739
E01020093,1412,670,742
E01020110,2673,1535,1138
E01020088,2117,1042,1075
E01020120,1904,909,995
E01020127,1879,934,945
E01020132,1805,853,952
E01020133,1472,712,760
E01020134,1175,570,605
E01020139,1397,669,728
E01020094,1706,848,858
E01020095,1521,746,775
E01020140,1187,570,617
E01020141,1786,845,941
E01020096,1683,829,854
E01020123,1449,679,770
E01020124,1364,671,693
E01020125,1286,611,675
E01020102,1681,807,874
E01020103,1497,722,775
E01020104,1413,668,745
E01020128,1311,622,689
E01020129,1179,561,618
E01020130,1533,724,809
E01020105,1505,712,793
E01020106,1130,529,601
E01020107,1675,779,896
E01020119,1501,740,761
E01020084,1502,707,795
E01020085,1549,742,807
E01020086,1514,735,779
E01020121,1951,945,1006
E01020122,1708,842,866
E01020097,2255,1098,1157
E01020131,2206,1128,1078
E01020135,1568,758,810
E01020136,1745,824,921
E01020137,1562,745,817
E01020087,1911,938,973
E01020098,2081,1015,1066
E01020138,2313,1134,1179
E01020144,1538,768,770
E01020145,2001,1090,911
E01020146,1184,571,613
E01020149,1202,592,610
E01020148,1119,538,581
E01020157,2321,1115,1206
E01020160,1884,929,955
E01020176,1150,524,626
E01020177,1409,658,751
E01020180,1872,837,1035
E01020181,1710,823,887
E01020182,1483,699,784
E01020183,1402,656,746
E01020184,1609,745,864
E01020153,1217,593,624
E01020156,1877,913,964
E01020170,2123,1046,1077
E01020188,1946,930,1016
E01020161,2477,1140,1337
E01020162,1655,789,866
E01020163,1807,891,916
E01020164,1548,762,786
E01020165,1535,756,779
E01020166,1443,710,733
E01020167,1386,668,718
E01020142,2265,1083,1182
E01020143,2217,1084,1133
E01020150,1753,821,932
E01020151,1584,764,820
E01020152,1424,680,744
E01020154,1559,885,674
E01020155,1038,520,518
E01020147,1951,944,1007
E01020158,1677,799,878
E01020159,1443,717,726
E01020190,2049,961,1088
E01020171,1814,894,920
E01020185,1315,632,683
E01020186,1425,677,748
E01020187,1715,816,899
E01020168,2074,986,1088
E01020169,2307,1091,1216
E01020189,2042,947,1095
E01020174,1529,741,788
E01020175,1927,920,1007
E01020178,1895,905,990
E01020172,1800,850,950
E01020173,1553,745,808
E01020179,1886,911,975
E01020243,1193,562,631
E01020262,1243,592,651
E01020263,1472,728,744
E01020274,1285,636,649
E01020240,1544,728,816
E01020241,1744,868,876
E01020242,1425,681,744
E01020244,1412,673,739
E01020245,1634,804,830
E01020205,1447,698,749
E01020258,1703,829,874
E01020259,1103,530,573
E01020273,1383,680,703
E01020203,1651,785,866
E01020206,1528,744,784
E01020220,1367,671,696
E01020221,1766,886,880
E01020222,1245,599,646
E01020223,1747,876,871
E01020229,1667,859,808
E01020230,1687,785,902
E01020231,1469,682,787
E01020232,1627,764,863
E01020228,1753,819,934
E01020233,1726,821,905
E01020234,1459,700,759
E01020235,1773,801,972
E01020202,1540,728,812
E01020204,1555,772,783
E01020236,1289,641,648
E01020237,1573,737,836
E01020265,1698,806,892
E01020266,1729,887,842
E01020267,1497,726,771
E01020268,1437,664,773
E01020270,1608,778,830
E01020250,1580,751,829
E01020252,1385,649,736
E01020253,1508,719,789
E01020254,1316,670,646
E01020255,1302,627,675
E01020257,1215,582,633
E01020264,1515,675,840
E01020269,1854,845,1009
E01020271,1527,723,804
E01020272,1884,914,970
E01020200,1089,524,565
E01020201,1481,672,809
E01020251,1464,710,754
E01020260,1269,596,673
E01020261,1196,597,599
E01020208,1261,603,658
E01020209,1442,693,749
E01020210,1177,579,598
E01020219,2059,990,1069
E01020191,1674,1167,507
E01020194,1454,732,722
E01020207,1163,550,613
E01020256,1377,643,734
E01020211,1527,727,800
E01020217,1657,812,845
E01020218,1479,743,736
E01020224,1256,595,661
E01020216,1652,804,848
E01020225,1264,615,649
E01020226,1266,609,657
E01020227,1468,683,785
E01020212,1216,597,619
E01020213,1417,678,739
E01020214,1553,777,776
E01020215,1376,688,688
E01020195,1745,857,888
E01020196,1686,777,909
E01020197,1258,610,648
E01020198,1387,656,731
E01020199,1642,810,832
E01020246,1097,552,545
E01020247,1624,773,851
E01020248,1616,797,819
E01020249,1342,640,702
E01020192,1560,739,821
E01020193,1492,744,748
E01020238,1197,542,655
E01020239,1272,603,669
E01020275,1309,644,665
E01020276,1508,722,786
E01020297,1558,732,826
E01020299,1809,870,939
E01020298,2060,943,1117
E01020300,1706,797,909
E01020310,2112,1035,1077
E01020280,2174,1115,1059
E01020281,1922,966,956
E01020282,1621,760,861
E01020277,2021,969,1052
E01020278,1664,825,839
E01020279,2305,1135,1170
E01020283,1387,678,709
E01020284,1962,961,1001
E01020285,2009,954,1055
E01020288,1627,823,804
E01020292,1450,723,727
E01020295,1689,807,882
E01020296,1488,727,761
E01020304,1721,808,913
E01020305,1081,526,555
E01020306,1249,573,676
E01020307,1663,809,854
E01020287,1537,779,758
E01020303,1643,806,837
E01020308,1668,839,829
E01020311,2068,1027,1041
E01020291,1569,796,773
E01020293,2211,1068,1143
E01020294,1736,818,918
E01020302,1734,880,854
E01020309,1679,852,827
E01020286,1650,809,841
E01020289,1534,758,776
E01020290,1716,836,880
E01020301,1999,997,1002
E01020320,1695,866,829
E01020321,2218,1078,1140
E01020322,2024,999,1025
E01020326,2026,1030,996
E01020327,1808,883,925
E01020328,2277,1096,1181
E01020329,1578,791,787
E01020330,1837,892,945
E01020318,1449,693,756
E01020319,1614,743,871
E01020323,2047,1231,816
E01020339,1683,819,864
E01020314,1610,799,811
E01020325,1617,805,812
E01020331,1622,772,850
E01020340,1680,832,848
E01020332,1786,875,911
E01020333,1928,966,962
E01020334,1927,877,1050
E01020335,1526,701,825
E01020336,1360,638,722
E01020337,1419,682,737
E01020338,2334,1086,1248
E01020317,1445,692,753
E01020324,1559,742,817
E01020341,1606,759,847
E01020342,1509,726,783
E01020312,1563,765,798
E01020313,1426,701,725
E01020315,1539,720,819
E01020316,1841,864,977
E01020343,1505,735,770
E01020344,1460,718,742
E01020345,1212,560,652
E01020365,1596,793,803
E01020351,1309,649,660
E01020352,1359,632,727
E01020353,1698,816,882
E01020359,1293,632,661
E01020366,2124,1062,1062
E01020349,1761,763,998
E01020350,1695,768,927
E01020357,2109,1030,1079
E01020358,1529,730,799
E01020369,1318,616,702
E01020370,1493,722,771
E01020371,1543,731,812
E01020372,1233,584,649
E01020346,1590,764,826
E01020347,1612,800,812
E01020348,1673,858,815
E01020363,1202,586,616
E01020360,1551,748,803
E01020361,1626,808,818
E01020364,1599,725,874
E01020367,1851,869,982
E01020368,2383,1174,1209
E01020354,1483,694,789
E01020355,1905,895,1010
E01020356,1589,732,857
E01020362,1451,680,771
E01020373,1331,672,659
E01020374,1517,732,785
E01020389,2189,1097,1092
E01020397,1428,695,733
E01020416,1493,709,784
E01020417,1074,517,557
E01020418,1455,670,785
E01020419,1865,906,959
E01020420,1334,650,684
E01020411,1154,535,619
E01020412,1493,720,773
E01020413,1463,728,735
E01020414,1992,956,1036
E01020415,1529,782,747
E01020403,1560,765,795
E01020404,1567,748,819
E01020405,1461,718,743
E01020406,2271,1096,1175
E01020396,1063,529,534
E01020398,2286,1105,1181
E01020409,1271,629,642
E01020410,1311,675,636
E01020421,1391,661,730
E01020422,1653,744,909
E01020423,1453,689,764
E01020424,1392,670,722
E01020425,1672,799,873
E01020377,1634,810,824
E01020379,1458,717,741
E01020380,1084,534,550
E01020381,1217,595,622
E01020390,1363,625,738
E01020391,1433,696,737
E01020392,1544,685,859
E01020393,1571,754,817
E01020394,1732,851,881
E01020375,1370,626,744
E01020376,1087,531,556
E01020378,1534,744,790
E01020407,1206,572,634
E01020408,1137,526,611
E01020426,1832,830,1002
E01020427,1623,773,850
E01020428,1894,851,1043
E01020429,1665,798,867
E01020395,1829,843,986
E01020399,2502,1230,1272
E01020400,1610,774,836
E01020401,1511,711,800
E01020402,1529,761,768
E01020382,1525,749,776
E01020383,1756,866,890
E01020384,1757,835,922
E01020385,1248,614,634
E01020386,1209,598,611
E01020387,1123,561,562
E01020388,1515,733,782
E01020443,2509,1246,1263
E01020447,1773,825,948
E01020463,1677,807,870
E01020464,1543,760,783
E01020440,1905,941,964
E01020450,2297,1139,1158
E01020462,1786,851,935
E01033156,1742,881,861
E01033158,1474,731,743
E01020454,2121,1000,1121
E01020455,1905,893,1012
E01020456,1780,887,893
E01020457,1508,708,800
E01020433,1775,881,894
E01020434,1799,873,926
E01020449,1998,967,1031
E01020458,2179,1066,1113
E01020459,2578,1281,1297
E01020444,1774,833,941
E01020445,1519,733,786
E01020446,1525,757,768
E01020460,2277,1268,1009
E01020442,1993,984,1009
E01020452,2436,1250,1186
E01020453,1711,831,880
E01033154,2205,1395,810
E01033159,1097,550,547
E01020435,1781,902,879
E01020436,2062,1050,1012
E01020437,1876,920,956
E01020438,1993,975,1018
E01020439,2271,1135,1136
E01020430,1439,704,735
E01020431,1232,683,549
E01020432,1226,626,600
E01020441,1850,898,952
E01020448,1967,985,982
E01020465,1945,969,976
E01020469,1931,961,970
E01020470,1816,854,962
E01020471,1398,682,716
E01020472,1387,664,723
E01020473,1459,679,780
E01020474,1690,813,877
E01020475,2049,1014,1035
E01020476,1235,614,621
E01020477,1539,783,756
E01020485,1442,666,776
E01020486,1306,590,716
E01020487,1287,613,674
E01020488,1461,694,767
E01020489,1464,757,707
E01020490,1618,809,809
E01020491,1571,771,800
E01020492,1153,541,612
E01020493,2586,1435,1151
E01020466,1780,876,904
E01020467,1764,884,880
E01020468,1491,738,753
E01020478,1091,525,566
E01020479,1202,563,639
E01020480,1478,705,773
E01020481,1513,764,749
E01020482,1618,767,851
E01020483,1274,631,643
E01020484,1425,666,759
E01020542,1304,602,702
E01020543,1452,682,770
E01020544,1666,719,947
E01020546,1818,946,872
E01020547,1117,520,597
E01032642,2166,1030,1136
E01020497,1914,913,1001
E01020508,2000,938,1062
E01020541,2011,1003,1008
E01020550,1564,755,809
E01020494,1150,571,579
E01020495,1387,646,741
E01020496,1570,737,833
E01020506,1736,865,871
E01020530,1848,938,910
E01020534,2081,1009,1072
E01020509,2799,1368,1431
E01020510,1969,924,1045
E01020529,2210,1090,1120
E01020539,1988,986,1002
E01020540,2437,1192,1245
E01020511,1697,810,887
E01020532,1614,737,877
E01020533,2057,906,1151
E01020535,1717,846,871
E01020498,2038,973,1065
E01020499,1394,671,723
E01020500,1625,780,845
E01020501,1403,665,738
E01020507,1897,914,983
E01020517,1745,850,895
E01020531,1697,803,894
E01020536,2080,992,1088
E01020502,1657,781,876
E01020503,1762,790,972
E01020504,2256,1066,1190
E01020526,1368,656,712
E01020527,1508,739,769
E01020528,1958,984,974
E01032641,1607,765,842
E01032643,1683,900,783
E01032644,1073,483,590
E01032645,1093,473,620
E01020518,1522,718,804
E01020519,1805,835,970
E01020520,1394,694,700
E01020523,1264,607,657
E01020524,1466,725,741
E01020525,1319,636,683
E01020505,1870,906,964
E01020537,1953,988,965
E01020538,1851,876,975
E01020549,2095,990,1105
E01020512,2094,1039,1055
E01020513,1543,759,784
E01020514,1252,618,634
E01020515,1213,596,617
E01020516,1507,726,781
E01020551,1883,933,950
E01020552,1805,851,954
E01020570,1581,776,805
E01020571,2047,982,1065
E01020557,1527,723,804
E01020558,1720,848,872
E01020559,1583,762,821
E01020560,1923,942,981
E01020561,1888,852,1036
E01020574,1892,905,987
E01020575,1662,836,826
E01020576,1711,853,858
E01020579,1964,969,995
E01020580,1440,698,742
E01020553,1302,673,629
E01020554,1778,928,850
E01020555,1361,710,651
E01020556,1437,718,719
E01020581,2019,1015,1004
E01020582,1573,764,809
E01020572,1961,985,976
E01020573,1822,892,930
E01020577,1600,803,797
E01020578,2082,952,1130
E01020583,1930,974,956
E01020584,1702,822,880
E01020585,1559,774,785
E01020586,1273,621,652
E01020587,1490,710,780
E01020588,1321,642,679
E01020589,1487,722,765
E01020563,1630,1031,599
E01020569,1460,718,742
E01033200,2553,1536,1017
E01020562,2026,991,1035
E01020564,1621,781,840
E01020565,1464,714,750
E01020566,2090,1026,1064
E01022163,1494,740,754
E01022164,1394,684,710
E01022165,1492,754,738
E01022166,1320,652,668
E01022143,1462,694,768
E01022144,1125,534,591
E01022145,1219,579,640
E01022146,1359,624,735
E01022122,1371,624,747
E01022160,2102,965,1137
E01022161,1416,682,734
E01022162,1543,745,798
E01022139,1272,616,656
E01022151,1711,818,893
E01022152,1140,532,608
E01022153,1641,821,820
E01022154,1911,878,1033
E01022120,1551,809,742
E01022121,1775,851,924
E01022147,1620,781,839
E01022157,1534,733,801
E01022159,1475,701,774
E01022131,1261,611,650
E01022132,1425,675,750
E01022133,1484,719,765
E01022134,1561,788,773
E01022148,1557,782,775
E01022149,1400,728,672
E01022150,1531,749,782
E01022155,1506,772,734
E01022156,1593,820,773
E01022158,2201,1170,1031
E01022100,1799,937,862
E01022101,1814,905,909
E01022102,1781,982,799
E01022140,1193,558,635
E01022141,1384,712,672
E01022142,1478,764,714
E01022116,1524,829,695
E01022117,1709,935,774
E01022119,1305,625,680
E01022124,1231,621,610
E01022125,1282,617,665
E01022126,1421,769,652
E01022127,1989,699,1290
E01022106,1758,868,890
E01022107,1527,758,769
E01022108,1786,875,911
E01022123,2205,1140,1065
E01022135,1718,824,894
E01022136,1503,682,821
E01022137,1716,861,855
E01022138,1752,866,886
E01022174,1347,650,697
E01022103,2393,1191,1202
E01022104,1636,793,843
E01022105,1431,689,742
E01022109,1476,720,756
E01022110,1388,656,732
E01022111,1466,689,777
E01022112,1298,579,719
E01022167,1223,595,628
E01022168,1104,530,574
E01022169,1506,729,777
E01022170,1483,715,768
E01022171,1350,680,670
E01022172,1433,686,747
E01022173,1338,631,707
E01022113,1675,782,893
E01022114,1552,704,848
E01022115,1624,791,833
E01022118,1413,694,719
E01022128,1606,775,831
E01022129,2091,1036,1055
E01022130,1578,739,839
E01022179,2041,993,1048
E01022182,1498,714,784
E01022183,1506,705,801
E01022184,1451,680,771
E01022185,1433,688,745
E01022177,2042,956,1086
E01022178,1323,646,677
E01022205,1794,858,936
E01022211,1845,847,998
E01022212,1648,789,859
E01022180,2088,996,1092
E01022181,1588,760,828
E01022214,2103,1029,1074
E01022222,1900,914,986
E01022186,1705,845,860
E01022187,1970,999,971
E01022201,1793,885,908
E01022216,1829,921,908
E01022175,1884,924,960
E01022207,1789,884,905
E01022213,1854,862,992
E01022215,1766,873,893
E01022188,1352,665,687
E01022189,1341,681,660
E01022190,1379,693,686
E01022196,1750,834,916
E01022197,1864,901,963
E01022194,1658,752,906
E01022195,1638,770,868
E01022199,1739,846,893
E01022200,1270,606,664
E01022191,1376,646,730
E01022192,1320,638,682
E01022193,1083,527,556
E01022198,1306,657,649
E01022225,1786,902,884
E01022202,1095,542,553
E01022203,1478,709,769
E01022204,1458,687,771
E01022208,1575,746,829
E01022209,1123,563,560
E01022210,1275,619,656
E01022221,1955,958,997
E01022223,2374,1157,1217
E01022224,1547,741,806
E01022176,1930,981,949
E01022206,1887,917,970
E01022217,1294,621,673
E01022218,1314,640,674
E01022219,1256,597,659
E01022220,1608,740,868
E01022233,1901,950,951
E01022235,1760,848,912
E01022247,2496,1192,1304
E01022270,1856,904,952
E01022271,1664,832,832
E01022261,1941,950,991
E01022262,1826,883,943
E01022267,1583,760,823
E01022251,1431,726,705
E01022252,1721,879,842
E01022258,1150,554,596
E01022259,1633,810,823
E01022260,1824,900,924
E01022236,2050,1013,1037
E01022237,1495,738,757
E01022238,1276,600,676
E01022239,1629,814,815
E01022240,2044,1005,1039
E01022249,1976,1011,965
E01022250,1792,878,914
E01022228,1714,852,862
E01022230,1754,848,906
E01022265,1667,840,827
E01022266,1421,706,715
E01022234,1520,759,761
E01022253,1667,819,848
E01022263,1822,897,925
E01022229,1652,799,853
E01022241,1598,780,818
E01022242,1474,698,776
E01022243,1224,600,624
E01022244,1459,710,749
E01022245,1314,658,656
E01022246,1290,640,650
E01022231,1642,808,834
E01022232,1529,766,763
E01022264,1475,715,760
E01022268,1575,769,806
E01022269,1947,963,984
E01022226,1548,747,801
E01022227,1546,754,792
E01022254,1905,919,986
E01022255,1557,775,782
E01022256,1585,763,822
E01022257,1852,900,952
E01022248,1690,821,869
E01022272,1342,629,713
E01022273,1371,745,626
E01022274,1173,589,584
E01022275,1600,756,844
E01022313,1689,836,853
E01022315,1505,754,751
E01022316,1581,759,822
E01022317,1564,790,774
E01022318,1742,876,866
E01022309,1546,771,775
E01022310,1737,833,904
E01022311,1814,965,849
E01022312,2314,1163,1151
E01022314,1451,709,742
E01022295,1430,697,733
E01022296,1458,719,739
E01022297,1276,646,630
E01022298,1612,752,860
E01022332,1612,830,782
E01022347,1689,982,707
E01022348,2610,1316,1294
E01032932,1207,673,534
E01032937,1101,605,496
E01022288,1739,844,895
E01022289,1582,809,773
E01022290,1375,680,695
E01022291,1739,876,863
E01022292,1411,726,685
E01022283,1510,717,793
E01022303,1407,664,743
E01022304,1543,722,821
E01022305,1391,661,730
E01022308,1422,719,703
E01022278,1588,779,809
E01022279,1480,705,775
E01022282,2857,1397,1460
E01022284,1277,633,644
E01022285,1409,687,722
E01022286,1579,772,807
E01022287,1685,866,819
E01022293,1576,798,778
E01022294,1531,756,775
E01022323,1777,825,952
E01022328,1328,648,680
E01022329,1605,790,815
E01022326,1307,623,684
E01022327,1596,792,804
E01022330,1443,728,715
E01022331,1362,682,680
E01022333,1393,669,724
E01022334,1601,790,811
E01022276,1627,801,826
E01022277,1489,729,760
E01022280,1541,763,778
E01022281,1770,864,906
E01022306,1404,691,713
E01022307,1659,818,841
E01022319,1419,688,731
E01022320,1501,782,719
E01022321,1510,737,773
E01022322,1290,614,676
E01022324,1446,701,745
E01022325,1334,661,673
E01022343,1377,651,726
E01022344,1522,751,771
E01022345,1470,715,755
E01022346,1520,715,805
E01022299,1392,662,730
E01022300,1355,662,693
E01022301,1544,757,787
E01022302,1548,761,787
E01022339,1720,829,891
E01022340,1459,704,755
E01022341,2211,1031,1180
E01022342,1708,855,853
E01022335,1500,716,784
E01022336,1167,569,598
E01022338,1348,653,695
E01032933,1506,752,754
E01032934,1444,733,711
E01032935,1586,809,777
E01032936,1870,896,974
E01022378,1822,913,909
E01022379,1436,710,726
E01022380,1525,756,769
E01022412,2845,1383,1462
E01022354,2142,1060,1082
E01022390,1202,567,635
E01022391,1425,677,748
E01022392,1531,739,792
E01022376,1794,872,922
E01022396,1711,856,855
E01022397,1913,935,978
E01022398,1136,582,554
E01022355,1675,847,828
E01022356,2274,1127,1147
E01022357,1771,871,900
E01022358,1596,776,820
E01022377,2166,1047,1119
E01022389,1747,858,889
E01022400,1817,900,917
E01022401,1410,700,710
E01022402,1579,763,816
E01022403,1377,676,701
E01022404,1542,808,734
E01022365,2150,1113,1037
E01022399,2141,1090,1051
E01022410,2150,1025,1125
E01022411,2215,1065,1150
E01022414,2437,1219,1218
E01022393,1464,709,755
E01022394,1555,784,771
E01022395,1524,749,775
E01022408,1071,557,514
E01022409,1256,640,616
E01022366,1784,873,911
E01022367,1655,804,851
E01022368,1396,694,702
E01022369,1674,822,852
E01022370,1240,613,627
E01022371,1059,524,535
E01022405,1424,672,752
E01022406,1209,617,592
E01022407,1327,654,673
E01022350,2116,1026,1090
E01022382,1611,738,873
E01022383,1325,637,688
E01022384,1421,697,724
E01022359,1492,731,761
E01022360,1394,706,688
E01022361,1248,615,633
E01022362,1159,568,591
E01022363,1755,879,876
E01022364,1114,536,578
E01022351,1412,724,688
E01022352,1350,658,692
E01022353,1419,681,738
E01022413,1879,955,924
E01022385,1623,780,843
E01022386,1630,765,865
E01022387,1609,778,831
E01022388,1752,849,903
E01022372,1772,877,895
E01022373,1701,835,866
E01022374,1963,980,983
E01022375,1261,613,648
E01022381,2096,1063,1033
E01022415,1621,782,839
E01022416,1453,732,721
E01022417,1714,812,902
E01022418,1722,850,872
E01022450,2111,1080,1031
E01022451,1521,738,783
E01022452,1448,751,697
E01022455,1969,1024,945
E01032938,1518,793,725
E01032939,1610,790,820
E01032940,1406,673,733
E01022456,1304,640,664
E01022457,1377,663,714
E01022458,1413,690,723
E01022459,1453,732,721
E01022460,1700,857,843
E01022461,1380,662,718
E01022462,1668,831,837
E01022449,1955,950,1005
E01022463,1468,705,763
E01022464,1580,759,821
E01022465,1526,766,760
E01022466,1721,853,868
E01022434,2123,1032,1091
E01022441,1520,739,781
E01022445,1368,687,681
E01022453,1592,770,822
E01022432,2009,974,1035
E01022433,2081,993,1088
E01022435,2327,1102,1225
E01022436,1921,879,1042
E01022437,1448,686,762
E01022438,1352,637,715
E01022439,1555,757,798
E01022440,1527,779,748
E01022442,1498,750,748
E01022443,1334,631,703
E01022444,1504,728,776
E01022425,1215,581,634
E01022426,1437,715,722
E01022427,1446,690,756
E01022428,1845,885,960
E01022429,1561,795,766
E01022430,1440,700,740
E01022431,2046,980,1066
E01022447,1530,845,685
E01022420,2124,1046,1078
E01022448,1357,637,720
E01022454,1936,917,1019
E01022421,1755,813,942
E01022422,1639,826,813
E01022423,1915,907,1008
E01022424,1664,809,855
E01022446,1746,833,913
E01029022,1341,644,697
E01029023,1193,603,590
E01029044,1333,662,671
E01029053,2275,1147,1128
E01029057,2041,1025,1016
E01029024,2062,1029,1033
E01029025,1314,659,655
E01029026,999,492,507
E01029068,1536,801,735
E01029069,1060,528,532
E01029030,1939,954,985
E01029031,1655,773,882
E01029032,1018,464,554
E01029033,1433,720,713
E01029034,1373,692,681
E01029036,1611,802,809
E01029041,2001,967,1034
E01029042,1548,745,803
E01029043,1540,739,801
E01029045,1565,752,813
E01029052,2112,1054,1058
E01029060,1950,928,1022
E01029061,2236,1072,1164
E01029083,1367,643,724
E01029018,2363,1160,1203
E01029056,2338,1148,1190
E01029064,1588,890,698
E01029084,1503,689,814
E01029029,1694,820,874
E01029035,1527,746,781
E01029037,1382,690,692
E01029038,1385,651,734
E01029039,1559,741,818
E01029040,1640,821,819
E01029078,1744,764,980
E01029079,1524,740,784
E01029080,1482,727,755
E01029081,1571,712,859
E01029082,1345,607,738
E01029062,1415,741,674
E01029063,2490,1212,1278
E01029065,1664,822,842
E01029066,1756,871,885
E01029067,1456,697,759
E01029020,1487,745,742
E01029021,1238,606,632
E01029027,1195,575,620
E01029028,1139,548,591
E01029058,2299,1123,1176
E01029046,1411,692,719
E01029050,2220,1073,1147
E01029051,1555,765,790
E01032627,2248,1072,1176
E01029047,1498,715,783
E01029054,1541,760,781
E01029055,1236,628,608
E01029074,2122,1121,1001
E01029076,2059,1001,1058
E01029019,2357,1140,1217
E01029059,2078,1036,1042
E01029077,2044,1017,1027
E01029070,1825,904,921
E01029071,1528,737,791
E01029072,1639,746,893
E01029073,1249,590,659
E01029075,1383,649,734
E01029085,2057,986,1071
E01029126,1515,739,776
E01029127,1504,675,829
E01029128,1883,931,952
E01029129,1940,950,990
E01029089,2262,1105,1157
E01029113,1641,777,864
E01029115,1665,795,870
E01029140,2907,1401,1506
E01032633,2169,1094,1075
E01029086,2204,1102,1102
E01029147,1736,876,860
E01029148,1582,757,825
E01029149,1478,747,731
E01029114,1536,705,831
E01029116,1577,766,811
E01029117,1606,789,817
E01029119,1579,694,885
E01029120,1509,704,805
E01029118,1795,862,933
E01029131,2035,1026,1009
E01029132,1473,713,760
E01029133,1292,634,658
E01029134,1868,901,967
E01029135,1627,800,827
E01029136,1971,988,983
E01029145,1968,945,1023
E01029152,2115,992,1123
E01029121,1294,619,675
E01029122,1485,764,721
E01029123,1116,542,574
E01029124,1725,810,915
E01029125,1371,685,686
E01029093,1597,795,802
E01029096,1435,726,709
E01029106,1640,818,822
E01029107,1502,729,773
E01029109,1405,693,712
E01029094,1617,803,814
E01029095,1581,817,764
E01029110,2151,1039,1112
E01029111,2520,1228,1292
E01029112,1876,1001,875
E01029090,1525,749,776
E01029091,1627,784,843
E01029092,1546,757,789
E01029108,2074,1027,1047
E01029102,1504,697,807
E01029103,1573,728,845
E01029104,1523,729,794
E01032631,1351,673,678
E01032632,1265,639,626
E01032634,1257,642,615
E01029130,2130,1073,1057
E01029137,1557,779,778
E01029138,1425,700,725
E01029139,1482,733,749
E01029150,1291,622,669
E01029151,1262,615,647
E01029097,1430,689,741
E01029098,1393,721,672
E01029099,1348,654,694
E01029100,1362,683,679
E01029105,1496,724,772
E01029101,1137,535,602
E01029142,1486,739,747
E01029143,1383,645,738
E01029144,1255,629,626
E01032629,1501,763,738
E01032630,1596,796,800
E01029157,1356,697,659
E01029158,1551,780,771
E01029221,2442,1108,1334
E01029166,2270,1126,1144
E01029167,1620,749,871
E01029168,1612,761,851
E01029210,1629,791,838
E01029211,1376,673,703
E01029224,1604,764,840
E01029225,2107,1024,1083
E01029226,1691,768,923
E01029200,1430,691,739
E01029201,1442,691,751
E01029222,1623,798,825
E01029223,1207,581,626
E01029155,1785,886,899
E01029227,1638,795,843
E01029228,1642,777,865
E01029229,1992,987,1005
E01029164,1525,748,777
E01029165,1217,613,604
E01029198,1306,647,659
E01029199,3013,1898,1115
E01029187,1024,498,526
E01029188,1503,731,772
E01029196,1499,719,780
E01029197,1273,610,663
E01029154,1814,891,923
E01029156,1851,908,943
E01029206,1462,694,768
E01029207,1340,678,662
E01029202,1180,561,619
E01029203,1518,764,754
E01029204,1244,583,661
E01029205,1782,876,906
E01029163,2211,1074,1137
E01029216,1448,694,754
E01029217,1514,723,791
E01029218,1904,891,1013
E01029238,1542,734,808
E01029252,1423,697,726
E01029253,1525,731,794
E01029254,1385,697,688
E01029160,2659,1383,1276
E01029248,1588,751,837
E01029250,1363,679,684
E01029251,1307,651,656
E01029161,1597,804,793
E01029162,1518,709,809
E01029247,1627,753,874
E01029255,1395,701,694
E01029231,1564,781,783
E01029233,1388,687,701
E01029235,1405,709,696
E01029236,1519,733,786
E01029237,1481,712,769
E01029232,1527,756,771
E01029234,1832,955,877
E01029239,1483,729,754
E01029240,1550,794,756
E01029241,1901,928,973
E01029245,2249,1091,1158
E01029246,1520,713,807
E01029249,1351,623,728
E01029189,1150,561,589
E01029190,1271,610,661
E01029191,1249,616,633
E01029192,1462,718,744
E01029212,1047,500,547
E01029213,1289,636,653
E01029214,1154,585,569
E01029215,1153,578,575
E01029159,1534,764,770
E01029242,1488,763,725
E01029243,1640,754,886
E01029244,1520,791,729
E01029193,1952,934,1018
E01029194,2510,1243,1267
E01029195,1555,712,843
E01029208,1130,548,582
E01029209,1298,640,658
E01029178,1470,728,742
E01029179,1115,538,577
E01029180,1404,687,717
E01029181,1321,660,661
E01029182,1463,709,754
E01029183,1467,701,766
E01029184,1773,847,926
E01029185,1654,799,855
E01029186,1469,692,777
E01029169,1529,750,779
E01029172,1496,717,779
E01029173,1247,632,615
E01029176,1276,633,643
E01029177,1156,557,599
E01029170,1110,581,529
E01029171,2070,999,1071
E01029174,1088,527,561
E01029175,2102,1063,1039
E01029153,2334,1147,1187
E01029219,1447,721,726
E01029220,1213,589,624
E01029230,2293,1127,1166
E01029258,1464,712,752
E01029259,1486,701,785
E01029260,2309,1116,1193
E01029268,1570,747,823
E01029276,1633,847,786
E01029278,1333,637,696
E01029290,1415,698,717
E01029306,1570,744,826
E01029319,1517,747,770
E01029267,1702,829,873
E01029320,1588,757,831
E01029321,2312,1123,1189
E01029297,1269,605,664
E01029298,1498,716,782
E01029304,1529,699,830
E01029305,1389,668,721
E01029307,1456,682,774
E01029271,1776,868,908
E01029273,1243,582,661
E01029274,1497,737,760
E01029275,1268,593,675
E01029279,1450,711,739
E01029282,1385,660,725
E01029291,1580,757,823
E01029294,1792,862,930
E01029317,1263,612,651
E01029318,1524,722,802
E01029285,2348,1180,1168
E01029287,1508,734,774
E01029288,1535,721,814
E01029289,1863,885,978
E01029299,1501,736,765
E01029300,1550,759,791
E01029256,1446,672,774
E01029257,2174,1004,1170
E01029277,1038,485,553
E01032651,1886,1218,668
E01032652,1160,564,596
E01029280,1613,776,837
E01029281,1683,781,902
E01029283,1776,845,931
E01029292,1435,684,751
E01029293,1657,747,910
E01029266,1375,665,710
E01029284,1714,870,844
E01029286,1662,864,798
E01029301,1919,894,1025
E01029303,1891,868,1023
E01029263,1404,672,732
E01029264,1294,609,685
E01029265,1390,670,720
E01029302,1695,797,898
E01029308,2072,996,1076
E01029309,1996,964,1032
E01029311,1484,704,780
E01029312,1420,690,730
E01029313,1355,678,677
E01029316,1637,762,875
E01029262,2337,1165,1172
E01029269,2184,1054,1130
E01029310,1869,915,954
E01029314,2609,1271,1338
E01029315,1452,663,789
E01029261,2064,1024,1040
E01029270,2164,1044,1120
E01029295,1628,783,845
E01029296,1581,735,846
E01029324,1603,772,831
E01029329,1780,807,973
E01029330,2022,951,1071
E01032636,1922,883,1039
E01029322,2019,1025,994
E01029331,1458,652,806
E01029333,1177,545,632
E01029336,2074,982,1092
E01029326,1158,547,611
E01029334,1111,512,599
E01029339,1498,723,775
E01029341,1291,636,655
E01032635,2160,1046,1114
E01029327,2029,1016,1013
E01029335,1085,526,559
E01029337,2121,1042,1079
E01029342,1088,539,549
E01029343,1533,734,799
E01029325,1844,847,997
E01029328,1927,917,1010
E01029338,1775,873,902
W01000003,2507,1235,1272
W01000004,1282,623,659
W01000018,1357,672,685
W01000028,1941,983,958
W01000031,1545,775,770
W01000010,1869,893,976
W01000020,1315,647,668
W01000021,2264,1159,1105
W01000032,1064,506,558
W01000016,1203,627,576
W01000017,1525,754,771
W01000029,1493,717,776
W01000030,2286,1097,1189
W01000033,1504,756,748
W01000036,1088,541,547
W01000037,1178,627,551
W01000022,1648,835,813
W01000034,1154,566,588
W01000039,1060,528,532
W01000040,1168,543,625
W01000043,1217,577,640
W01000044,1144,579,565
W01000005,1938,933,1005
W01000013,2254,1082,1172
W01000019,1513,742,771
W01000026,1229,579,650
W01000035,1869,914,955
W01000006,1534,776,758
W01000012,1484,684,800
W01000014,2049,987,1062
W01000041,1583,767,816
W01000001,1115,546,569
W01000002,1263,625,638
W01000009,1903,924,979
W01000023,1406,697,709
W01000024,1519,814,705
W01000008,1519,718,801
W01000011,1230,595,635
W01000015,1588,769,819
W01000042,2146,1056,1090
W01000007,1704,823,881
W01000025,2016,1011,1005
W01000027,1851,920,931
W01000038,2226,1072,1154
W01000062,1839,946,893
W01000076,1316,677,639
W01000077,1387,677,710
W01000091,1140,572,568
W01000092,4128,2021,2107
W01000064,1849,916,933
W01000072,1777,837,940
W01000075,1496,741,755
W01000090,1426,651,775
W01000102,1217,610,607
W01000050,1398,696,702
W01000071,2380,1192,1188
W01000096,1245,603,642
W01000097,1110,535,575
W01000115,2218,1088,1130
W01000052,1171,574,597
W01000053,1219,622,597
W01000087,1916,925,991
W01000119,2284,1145,1139
W01000063,1909,931,978
W01000081,2026,998,1028
W01000099,1768,885,883
W01000103,1233,597,636
W01000059,2060,1025,1035
W01000093,2196,1047,1149
W01000098,2321,1129,1192
W01000110,1506,711,795
W01000054,1162,571,591
W01000088,1994,976,1018
W01000111,1532,759,773
W01000118,1676,823,853
W01000073,1695,840,855
W01000086,2253,1105,1148
W01000104,1793,839,954
W01000112,1930,951,979
W01000056,1878,956,922
W01000065,1126,542,584
W01000113,1871,899,972
W01000114,1604,795,809
W01000066,1219,611,608
W01000100,1054,521,533
W01000105,1775,888,887
W01000106,1732,844,888
W01000107,1257,598,659
W01000047,1354,647,707
W01000061,1753,823,930
W01000078,1683,840,843
W01000089,2080,1013,1067
W01000070,1275,652,623
W01000094,1229,602,627
W01000095,1373,670,703
W01000108,2190,1060,1130
W01000109,1886,964,922
W01000069,1540,742,798
W01000074,1997,991,1006
W01000079,1098,541,557
W01000101,1533,756,777
W01000080,1785,875,910
W01000084,1206,604,602
W01001932,2931,1478,1453
W01000051,1974,952,1022
W01000060,1345,675,670
W01000082,1095,554,541
W01000083,1293,668,625
W01000048,1380,650,730
W01000049,1142,587,555
W01000057,1444,751,693
W01000067,1204,606,598
W01000068,1484,684,800
W01000085,2007,1030,977
W01000116,1685,777,908
W01000117,1579,732,847
W01001933,2243,1113,1130
W01000132,1537,729,808
W01000146,2254,1145,1109
W01000147,1493,693,800
W01000169,1855,925,930
W01000186,1711,805,906
W01000133,1887,870,1017
W01000168,1784,825,959
W01000187,1561,715,846
W01000188,1736,823,913
W01000154,1475,662,813
W01000173,1549,807,742
W01000174,1702,806,896
W01000175,1632,765,867
W01000155,1549,678,871
W01000156,1517,686,831
W01000157,1465,692,773
W01000158,1587,725,862
W01000149,1490,720,770
W01000150,1509,756,753
W01000151,1589,765,824
W01000152,1492,697,795
W01000184,2380,1120,1260
W01000135,2081,952,1129
W01000136,1855,923,932
W01000165,1930,959,971
W01000166,1949,896,1053
W01000139,1721,864,857
W01000143,1543,785,758
W01000144,1516,805,711
W01000182,1918,925,993
W01000138,1826,868,958
W01000145,1281,603,678
W01000180,1682,842,840
W01000181,1556,766,790
W01000183,1485,751,734
W01000126,1716,879,837
W01000127,1367,667,700
W01000128,1483,709,774
W01000153,1542,766,776
W01000163,1337,640,697
W01000164,1406,676,730
W01000140,1466,706,760
W01000141,1542,703,839
W01000142,1603,772,831
W01000178,1901,882,1019
W01000179,1604,741,863
W01001927,1331,626,705
W01001928,1130,594,536
W01000167,1923,943,980
W01000176,1606,786,820
W01000177,1237,596,641
W01001926,2196,1059,1137
W01000124,2007,970,1037
W01000129,1064,509,555
W01000130,1537,764,773
W01000131,1464,696,768
W01000123,1815,913,902
W01000125,1485,719,766
W01000170,1822,890,932
W01000171,1582,768,814
W01000172,1286,610,676
W01000122,2122,1047,1075
W01000159,1435,721,714
W01000162,1925,1015,910
W01000190,1399,684,715
W01000121,1244,637,607
W01000134,2118,1000,1118
W01000137,1537,767,770
W01000148,1205,563,642
W01000185,1229,619,610
W01000189,1465,764,701
W01000218,1546,737,809
W01000219,2566,1237,1329
W01000220,1604,772,832
W01000213,1343,628,715
W01000214,1171,563,608
W01000215,1435,688,747
W01000216,1409,677,732
W01000212,2189,1052,1137
W01000221,1348,647,701
W01000222,1660,771,889
W01000226,1515,753,762
W01000227,1556,741,815
W01000228,1146,576,570
W01000239,1781,952,829
W01000240,1316,755,561
W01000241,1289,630,659
W01000236,1875,897,978
W01000237,1806,868,938
W01000238,1702,826,876
W01000200,1283,628,655
W01000201,1498,723,775
W01000217,2066,1010,1056
W01000248,1649,819,830
W01000191,2147,1051,1096
W01000223,1325,633,692
W01000224,1402,672,730
W01000225,1528,738,790
W01000245,1674,826,848
W01000246,1681,795,886
W01000247,1970,953,1017
W01000194,2122,1050,1072
W01000198,1475,760,715
W01000199,1690,854,836
W01000195,1379,655,724
W01000196,1506,744,762
W01000197,1676,832,844
W01000211,1856,930,926
W01000203,2456,1242,1214
W01000204,1421,720,701
W01000206,2156,1074,1082
W01000242,1906,924,982
W01000243,1823,892,931
W01000244,1732,845,887
W01000193,1314,677,637
W01000202,1686,826,860
W01000207,2227,1124,1103
W01000192,1011,513,498
W01000205,1122,582,540
W01000208,1229,650,579
W01000209,1496,731,765
W01000210,1354,639,715
W01000229,1606,767,839
W01000230,1963,946,1017
W01000231,1432,676,756
W01000232,1605,777,828
W01000233,1276,616,660
W01000234,1405,665,740
W01000235,1330,658,672
W01000287,1808,885,923
W01000298,1527,762,765
W01000338,1838,888,950
W01000306,2399,1211,1188
W01000320,1844,902,942
W01000340,2322,1186,1136
W01000253,1941,964,977
W01000254,2224,1094,1130
W01000296,1506,748,758
W01000297,1235,592,643
W01000304,1988,966,1022
W01000305,1758,874,884
W01000288,2264,1073,1191
W01000290,1269,622,647
W01000292,1483,706,777
W01000293,1568,825,743
W01000289,1358,683,675
W01000291,1401,665,736
W01000294,1937,992,945
W01000295,1673,801,872
W01000258,2153,1081,1072
W01000270,1286,654,632
W01000271,1283,630,653
W01000272,1874,921,953
W01000301,1785,889,896
W01000273,1585,764,821
W01000274,1771,892,879
W01000275,1253,646,607
W01000278,1495,723,772
W01000276,1393,709,684
W01000277,1363,636,727
W01000279,1264,604,660
W01000281,1222,611,611
W01000283,2259,1120,1139
W01000332,1568,792,776
W01000333,1428,700,728
W01000334,1958,994,964
W01000335,1111,526,585
W01000336,1465,712,753
W01000337,2129,1080,1049
W01000252,1631,807,824
W01000280,1426,713,713
W01000282,1743,885,858
W01000325,1530,745,785
W01000311,1782,901,881
W01000312,1714,851,863
W01000328,2109,1106,1003
W01000264,1701,844,857
W01000265,1312,639,673
W01000323,1545,760,785
W01000324,1504,716,788
W01000251,1486,716,770
W01000268,1767,885,882
W01000284,1708,845,863
W01000285,1473,715,758
W01000286,2239,1115,1124
W01000302,1887,889,998
W01000249,1258,597,661
W01000250,1578,796,782
W01000261,1549,761,788
W01000321,1659,808,851
W01000322,1342,642,700
W01000255,2292,1137,1155
W01000256,1561,763,798
W01000257,2121,1091,1030
W01000329,1373,674,699
W01000330,2150,1068,1082
W01000331,1609,799,810
W01000313,1566,729,837
W01000314,1129,548,581
W01000315,2006,963,1043
W01000316,1323,620,703
W01000317,1393,708,685
W01000318,1172,579,593
W01000319,1469,733,736
W01000259,1636,788,848
W01000260,1809,880,929
W01000262,1490,722,768
W01000263,1488,745,743
W01000266,1320,654,666
W01000267,1593,787,806
W01000303,1697,816,881
W01000326,1677,814,863
W01000327,2197,1111,1086
W01000299,1942,955,987
W01000300,1726,846,880
W01000309,2135,1064,1071
W01000339,1627,800,827
W01000269,1619,791,828
W01000307,1363,670,693
W01000308,1242,616,626
W01000310,1850,917,933
W01000374,1386,675,711
W01000375,1997,977,1020
W01000376,1390,706,684
W01000391,1425,714,711
W01000392,1720,831,889
W01000377,1540,771,769
W01000378,1324,621,703
W01000379,1598,801,797
W01000380,1442,718,724
W01000351,2175,1066,1109
W01000373,1831,904,927
W01000400,1657,814,843
W01000401,1791,879,912
W01000347,2524,1272,1252
W01000348,1457,713,744
W01000362,1529,746,783
W01000363,1524,740,784
W01000364,1649,853,796
W01000343,1054,510,544
W01000344,1305,630,675
W01000415,1484,730,754
W01000416,1266,638,628
W01000368,2036,1004,1032
W01000371,1204,617,587
W01000372,1486,762,724
W01000387,1257,606,651
W01000388,1065,515,550
W01000422,2114,1044,1070
W01000341,1582,749,833
W01000342,1583,745,838
W01000393,1950,955,995
W01000352,1007,502,505
W01000353,1386,682,704
W01000413,1422,683,739
W01000414,1263,627,636
W01000425,2323,1150,1173
W01000349,1853,934,919
W01000350,1595,870,725
W01000365,2200,1125,1075
W01000402,2648,1422,1226
W01000381,1130,572,558
W01000382,1075,548,527
W01000423,2232,1102,1130
W01000424,1264,636,628
W01001929,1303,707,596
W01001931,1368,723,645
W01000398,1314,671,643
W01000399,1158,584,574
W01000406,2205,1093,1112
W01000408,1184,587,597
W01000366,1454,725,729
W01000367,1312,677,635
W01000385,1750,873,877
W01000410,1647,822,825
W01000386,1516,739,777
W01000405,2335,1114,1221
W01000411,1599,779,820
W01000412,1596,821,775
W01000394,1279,657,622
W01000395,1092,542,550
W01000407,1349,659,690
W01000419,1539,774,765
W01000420,1386,677,709
W01000354,1731,871,860
W01000355,1614,821,793
W01000356,1729,861,868
W01000389,2059,1028,1031
W01000409,1977,958,1019
W01000345,1583,783,800
W01000346,1596,786,810
W01000403,1327,668,659
W01000404,1988,984,1004
W01000359,1177,562,615
W01000360,1255,615,640
W01000361,2036,978,1058
W01001930,2179,1115,1064
W01000369,1270,602,668
W01000370,1460,692,768
W01000383,2441,1228,1213
W01000384,1113,528,585
W01000390,1669,832,837
W01000396,1235,607,628
W01000397,1045,520,525
W01000417,1568,783,785
W01000418,1663,847,816
W01000461,1532,806,726
W01000470,1880,914,966
W01000475,2371,1178,1193
W01001906,1916,974,942
W01001907,1415,721,694
W01000444,2319,1129,1190
W01000457,2191,1090,1101
W01000458,1789,888,901
W01000498,1538,746,792
W01000499,1290,626,664
W01000500,1536,767,769
W01000501,2300,1134,1166
W01000442,2040,1009,1031
W01000452,1931,1001,930
W01000473,2235,1074,1161
W01000428,1334,683,651
W01000441,1426,702,724
W01000476,1295,616,679
W01000497,1430,715,715
W01000433,2316,1163,1153
W01000460,1810,891,919
W01000488,2180,1128,1052
W01000434,1691,845,846
W01000439,1972,977,995
W01000447,2057,1036,1021
W01000480,2069,1023,1046
W01000481,2267,1102,1165
W01000482,1844,937,907
W01000478,1755,862,893
W01000479,1523,722,801
W01000483,1899,914,985
W01000429,2294,1182,1112
W01000453,1405,712,693
W01000466,1425,664,761
W01000467,1504,779,725
W01000427,1411,715,696
W01000448,1406,676,730
W01000449,1601,816,785
W01000464,1255,629,626
W01000484,1562,803,759
W01000485,1547,732,815
W01000486,1163,587,576
W01000438,1239,613,626
W01000451,1129,550,579
W01000472,1141,568,573
W01000477,1465,740,725
W01000487,2088,997,1091
W01000454,1227,622,605
W01000455,2059,1001,1058
W01000456,2023,964,1059
W01000431,1335,671,664
W01000432,1233,579,654
W01000450,1386,687,699
W01000459,1206,598,608
W01000471,1875,949,926
W01000430,1282,632,650
W01000443,2299,1131,1168
W01000445,1527,775,752
W01000446,1598,769,829
W01000494,1724,849,875
W01000489,1797,877,920
W01000492,1591,782,809
W01000493,1520,778,742
W01001901,1930,880,1050
W01001902,1412,649,763
W01000465,1036,506,530
W01001903,2063,990,1073
W01001904,1737,857,880
W01001905,2106,1047,1059
W01000440,1350,664,686
W01000474,1703,851,852
W01000503,1038,509,529
W01001897,1923,957,966
W01000426,1424,701,723
W01000496,2118,1057,1061
W01000502,2071,992,1079
W01000504,1161,587,574
W01000505,1383,660,723
W01001899,2053,976,1077
W01000523,1910,972,938
W01000548,1901,911,990
W01000549,1771,902,869
W01001937,2078,1009,1069
W01000512,2075,1105,970
W01000513,2471,1328,1143
W01000517,1472,807,665
W01001934,3980,2026,1954
W01000515,1446,727,719
W01000516,1676,836,840
W01000518,1259,629,630
W01001935,1095,551,544
W01001936,2285,1139,1146
W01000506,1422,673,749
W01000524,1974,986,988
W01000538,1562,773,789
W01000539,1222,628,594
W01000540,1164,559,605
W01000529,1616,826,790
W01000532,1979,979,1000
W01000544,1082,526,556
W01000545,2045,1016,1029
W01000527,1510,807,703
W01000528,1460,700,760
W01000535,2037,1025,1012
W01000537,1484,736,748
W01000541,1854,893,961
W01000507,1196,582,614
W01000508,1178,591,587
W01000509,1784,833,951
W01000510,1226,595,631
W01000511,1174,595,579
W01000546,1128,562,566
W01000547,1180,558,622
W01000519,1627,800,827
W01000522,1293,655,638
W01000531,1835,879,956
W01000533,1439,691,748
W01000551,1310,639,671
W01000525,1206,556,650
W01000534,1541,756,785
W01000536,1459,715,744
W01000542,2209,1085,1124
W01000543,2020,999,1021
W01000550,1213,595,618
W01000552,2074,1038,1036
W01000558,2058,1002,1056
W01000559,1451,746,705
W01000560,1207,630,577
W01000561,1256,629,627
W01000613,2218,1091,1127
W01000562,1696,837,859
W01000565,1873,881,992
W01000566,1546,742,804
W01000567,1988,997,991
W01000597,1161,520,641
W01000617,1487,745,742
W01000579,2352,1154,1198
W01000581,1464,732,732
W01000612,1841,914,927
W01000618,1877,1046,831
W01000582,1659,808,851
W01000583,1445,701,744
W01000611,1664,812,852
W01000623,1973,970,1003
W01000568,2301,1168,1133
W01000569,1327,642,685
W01000570,1474,691,783
W01000572,1850,873,977
W01000571,2260,1068,1192
W01000573,2496,1164,1332
W01000586,2202,1059,1143
W01000577,1598,774,824
W01000585,1408,702,706
W01000595,1923,894,1029
W01000596,1509,723,786
W01000555,1416,726,690
W01000556,1149,552,597
W01000575,2517,1177,1340
W01000614,1405,688,717
W01000622,1536,751,785
W01000554,1826,880,946
W01000580,2336,1137,1199
W01000598,2219,1055,1164
W01000599,2150,1042,1108
W01000587,2003,1003,1000
W01000588,2157,1044,1113
W01000593,2763,1355,1408
W01000553,1232,609,623
W01000563,1207,597,610
W01000564,1211,598,613
W01000576,2262,1116,1146
W01000615,1535,763,772
W01000616,1093,536,557
W01000589,1152,557,595
W01000590,1087,510,577
W01000591,1187,555,632
W01000592,1304,636,668
W01000594,2254,1142,1112
W01000600,1658,851,807
W01000601,1544,720,824
W01000602,1306,641,665
W01000603,1897,949,948
W01000604,1514,757,757
W01000605,1834,923,911
W01000557,1532,748,784
W01000578,1671,830,841
W01000584,2083,1024,1059
W01000609,2408,1144,1264
W01000574,1877,938,939
W01000606,1650,770,880
W01000607,2060,1006,1054
W01000608,1434,724,710
W01000610,1710,814,896
W01000619,2112,979,1133
W01000620,1030,529,501
W01000621,1554,732,822
W01000685,1589,801,788
W01000686,1262,630,632
W01000701,1589,777,812
W01000702,1218,604,614
W01000647,1518,743,775
W01000650,1613,824,789
W01000678,1421,702,719
W01000679,1268,629,639
W01000646,2214,1072,1142
W01000688,1808,900,908
W01000689,1619,778,841
W01000728,2072,1072,1000
W01000676,1532,757,775
W01000677,1439,667,772
W01000687,1929,971,958
W01000709,2248,1118,1130
W01000624,2315,1153,1162
W01000682,1381,655,726
W01000683,1059,542,517
W01000684,1851,921,930
W01000643,1689,773,916
W01000644,1857,820,1037
W01000645,1697,770,927
W01000648,1480,754,726
W01000649,1538,762,776
W01000637,1427,681,746
W01000638,1193,586,607
W01000639,1361,661,700
W01000640,1161,565,596
W01000641,2075,1038,1037
W01000642,1725,805,920
W01000693,1079,490,589
W01000694,1302,649,653
W01000656,2139,1032,1107
W01000657,1078,511,567
W01000658,1269,639,630
W01000718,1424,700,724
W01000719,1497,741,756
W01000680,2011,975,1036
W01000681,1983,986,997
W01000724,1912,920,992
W01000725,2199,1053,1146
W01000675,1963,960,1003
W01000695,1534,769,765
W01000696,1568,790,778
W01000722,1304,646,658
W01000723,1370,681,689
W01000625,1200,575,625
W01000626,1462,717,745
W01000627,2175,1063,1112
W01000714,1452,712,740
W01000715,1297,640,657
W01000697,1834,909,925
W01000698,1906,906,1000
W01000699,1530,773,757
W01000712,1496,752,744
W01000713,1393,704,689
W01000662,2155,1060,1095
W01000663,2261,1062,1199
W01000664,1805,887,918
W01000716,1337,659,678
W01000717,1431,705,726
W01000665,1780,883,897
W01000666,1446,707,739
W01000731,2438,1231,1207
W01000670,1619,779,840
W01000671,1904,911,993
W01000729,1265,590,675
W01000730,1276,636,640
W01000690,1755,875,880
W01000691,1591,772,819
W01000692,1618,809,809
W01000726,1526,758,768
W01000727,1010,480,530
W01000651,1588,767,821
W01000652,2009,951,1058
W01000655,2054,970,1084
W01000632,1457,718,739
W01000633,1412,692,720
W01000634,1377,667,710
W01000710,2271,1119,1152
W01000711,2030,968,1062
W01000703,1863,896,967
W01000704,1640,785,855
W01000705,1954,937,1017
W01000653,1465,691,774
W01000654,1738,878,860
W01000667,1412,675,737
W01001925,2333,1146,1187
W01000628,1593,782,811
W01000629,1731,834,897
W01000630,1661,819,842
W01000631,1776,874,902
W01000635,2265,1103,1162
W01000636,1942,925,1017
W01000706,1649,811,838
W01000707,1473,702,771
W01000708,1384,693,691
W01000659,1542,729,813
W01000660,1539,739,800
W01000732,1390,690,700
W01000733,1256,626,630
W01000734,1433,745,688
W01001923,1254,630,624
W01001924,1333,645,688
W01000672,1629,799,830
W01000673,1222,598,624
W01000674,2087,1080,1007
W01000700,2006,969,1037
W01000720,1632,802,830
W01000721,1363,639,724
W01000735,2272,1115,1157
W01000845,2048,972,1076
W01000846,1730,847,883
W01000847,1306,665,641
W01000848,1197,568,629
W01000750,1552,727,825
W01000751,1422,691,731
W01000752,1518,727,791
W01000753,1420,666,754
W01000754,1591,778,813
W01000803,1850,954,896
W01000806,1515,730,785
W01000807,1421,714,707
W01000808,1465,701,764
W01000810,1376,644,732
W01000815,1599,790,809
W01000816,1735,852,883
W01000791,1504,736,768
W01000792,1645,795,850
W01000793,1890,930,960
W01000837,1624,797,827
W01000838,1244,589,655
W01000773,2663,1312,1351
W01000774,1638,810,828
W01000841,1479,732,747
W01000842,1424,686,738
W01000843,1379,673,706
W01000844,1241,619,622
W01000795,1621,806,815
W01000796,2723,1358,1365
W01000800,1500,709,791
W01000801,1548,747,801
W01000784,1317,617,700
W01000785,1316,664,652
W01000786,1375,662,713
W01000802,2355,1148,1207
W01000877,1548,771,777
W01000878,1223,587,636
W01000809,1604,770,834
W01000811,1590,808,782
W01000812,1434,711,723
W01000813,1624,803,821
W01000814,1565,777,788
W01000817,1769,836,933
W01000818,1536,725,811
W01000819,1437,711,726
W01000820,1395,691,704
W01000821,1494,721,773
W01000822,1241,616,625
W01000794,2176,1078,1098
W01000797,1514,736,778
W01000798,1416,681,735
W01000799,1935,933,1002
W01000830,1693,794,899
W01000832,1604,820,784
W01000833,1750,847,903
W01000834,1545,709,836
W01000836,2274,1080,1194
W01000759,1566,753,813
W01000777,1782,844,938
W01000778,1890,915,975
W01000779,1540,759,781
W01000760,1670,820,850
W01000761,1569,784,785
W01000762,1594,797,797
W01000831,1806,850,956
W01000835,1447,649,798
W01000738,1768,851,917
W01000739,1840,921,919
W01000740,1658,773,885
W01000741,1591,748,843
W01000763,1524,723,801
W01000764,1649,836,813
W01000765,1660,839,821
W01000766,1585,740,845
W01000767,1554,763,791
W01000742,1581,827,754
W01000744,1492,763,729
W01000787,1551,790,761
W01000788,1456,722,734
W01000789,1423,685,738
W01000790,1738,883,855
W01000755,1957,950,1007
W01000756,1597,777,820
W01000757,1492,685,807
W01000758,1917,962,955
W01000772,1583,742,841
W01000828,1722,851,871
W01000829,1913,920,993
W01000862,1599,748,851
W01000863,1586,773,813
W01000864,1651,794,857
W01000865,1352,623,729
W01000866,1209,558,651
W01000867,1299,589,710
W01000768,1395,691,704
W01000769,1412,666,746
W01000770,1576,786,790
W01000771,1331,659,672
W01000849,1872,911,961
W01000850,2260,1217,1043
W01000851,1544,752,792
W01000852,1511,737,774
W01000853,1470,737,733
W01000854,1418,705,713
W01000855,1517,733,784
W01000856,1765,864,901
W01000857,1785,836,949
W01000781,1701,814,887
W01000782,1080,514,566
W01001956,2921,1492,1429
W01000747,1944,1135,809
W01000868,1348,652,696
W01000869,1590,840,750
W01000870,1611,834,777
W01000872,1384,668,716
W01000874,2085,1094,991
W01000745,2259,1329,930
W01000746,1705,923,782
W01001938,1169,716,453
W01001955,1555,942,613
W01001957,1036,669,367
W01001958,1282,750,532
W01000749,1860,944,916
W01000871,1765,991,774
W01000873,1809,985,824
W01000875,2023,1131,892
W01000876,2050,1106,944
W01000858,1629,808,821
W01000859,1415,667,748
W01000860,1489,718,771
W01000861,1813,867,946
W01000736,1715,822,893
W01000737,1536,719,817
W01000804,1483,700,783
W01000805,1193,573,620
W01000879,1758,839,919
W01000880,1579,764,815
W01000881,1382,661,721
W01000882,1729,795,934
W01000775,1843,905,938
W01000776,1853,925,928
W01000839,1011,497,514
W01000840,1677,829,848
W01000823,1728,802,926
W01000824,1588,748,840
W01000825,1437,683,754
W01000826,1365,649,716
W01000827,1358,665,693
W01000918,1910,925,985
W01000944,1194,601,593
W01000965,2123,1052,1071
W01000893,1989,978,1011
W01000925,1571,773,798
W01000926,1859,921,938
W01000888,2327,1151,1176
W01000946,1604,778,826
W01000947,2033,984,1049
W01000948,1784,911,873
W01000955,1262,619,643
W01000956,1180,574,606
W01000971,1411,683,728
W01000887,2400,1182,1218
W01000953,1720,855,865
W01000954,1415,697,718
W01000970,1239,592,647
W01000902,1060,503,557
W01000903,1116,528,588
W01000904,1529,753,776
W01000905,1563,754,809
W01000908,1684,835,849
W01000906,1047,503,544
W01000907,1752,840,912
W01000922,1690,826,864
W01000923,1472,734,738
W01000934,1263,627,636
W01000935,1580,810,770
W01000938,1396,660,736
W01000939,1262,642,620
W01000940,1284,608,676
W01000909,1216,556,660
W01000910,1470,712,758
W01000911,1254,623,631
W01000969,1260,620,640
W01000912,1229,566,663
W01000913,1162,562,600
W01000914,1599,759,840
W01000915,1205,589,616
W01000916,1206,620,586
W01000917,2652,1308,1344
W01000920,1256,644,612
W01000921,1569,763,806
W01000924,1096,548,548
W01000930,1362,671,691
W01000936,1518,743,775
W01000941,1541,756,785
W01000942,1887,925,962
W01000943,1547,772,775
W01000894,1370,653,717
W01000895,1539,772,767
W01000896,1686,781,905
W01000897,1316,643,673
W01000937,2040,1033,1007
W01000898,1470,738,732
W01000899,1679,811,868
W01000900,1709,835,874
W01000901,1680,802,878
W01000945,1152,577,575
W01000889,1789,874,915
W01000890,1656,806,850
W01000891,1515,724,791
W01000892,1859,901,958
W01000883,1404,706,698
W01000958,1679,777,902
W01000961,1611,781,830
W01000962,1577,757,820
W01000963,1792,821,971
W01000964,1745,832,913
W01000884,1244,639,605
W01000885,1325,629,696
W01000886,1479,754,725
W01000957,1676,777,899
W01000959,1818,913,905
W01000960,1722,839,883
W01000949,1337,670,667
W01000950,1550,772,778
W01000951,1583,804,779
W01000952,1171,555,616
W01000966,1432,738,694
W01000932,1043,526,517
W01000933,1974,953,1021
W01000967,1470,713,757
W01000968,1897,925,972
W01000919,1172,579,593
W01000927,1644,785,859
W01000928,1603,784,819
W01000929,1307,671,636
W01000931,1330,663,667
W01000973,1480,731,749
W01001900,1539,770,769
W01000991,1131,556,575
W01000992,1505,736,769
W01000993,1525,764,761
W01000994,1398,698,700
W01000995,1436,685,751
W01001014,1640,801,839
W01001015,1475,699,776
W01001017,1477,707,770
W01001018,1387,696,691
W01001020,1436,715,721
W01000976,1105,526,579
W01000977,1388,694,694
W01001024,1144,568,576
W01001025,1200,568,632
W01001033,1738,837,901
W01001034,1379,679,700
W01000975,2253,1096,1157
W01000978,1789,888,901
W01001009,1243,642,601
W01001042,1338,676,662
W01001043,1161,567,594
W01001012,1563,791,772
W01001013,1469,709,760
W01001016,1658,817,841
W01001019,1512,751,761
W01000974,2039,1022,1017
W01001057,1435,703,732
W01001058,1932,929,1003
W01000986,1319,639,680
W01000987,2252,1102,1150
W01001055,1225,609,616
W01001056,1218,609,609
W01000996,1481,713,768
W01001048,1401,700,701
W01001049,1315,640,675
W01001050,1539,759,780
W01001051,1796,920,876
W01001052,1354,646,708
W01001004,1086,552,534
W01001005,1688,834,854
W01001006,2377,1179,1198
W01001007,1748,885,863
W01001039,1664,841,823
W01001040,1491,759,732
W01000999,1385,653,732
W01001000,1776,854,922
W01001001,1449,696,753
W01001002,2449,1209,1240
W01000998,2593,1963,630
W01001008,2147,1056,1091
W01001038,2221,1047,1174
W01000997,1537,743,794
W01001010,1219,577,642
W01001011,1384,694,690
W01001026,1995,977,1018
W01000989,1413,681,732
W01001037,1593,764,829
W01001041,2447,1210,1237
W01001021,1603,810,793
W01001022,1393,683,710
W01001023,1696,851,845
W01001028,1855,904,951
W01001035,1622,835,787
W01000979,1702,829,873
W01000983,1539,776,763
W01000985,1399,684,715
W01001003,1365,635,730
W01000980,1383,699,684
W01000981,1186,537,649
W01000982,1500,731,769
W01000984,2157,1076,1081
W01000990,1519,735,784
W01001027,1571,733,838
W01001036,1584,759,825
W01001918,1593,793,800
W01001919,1405,687,718
W01001920,1206,607,599
W01001921,1577,764,813
W01001031,1524,695,829
W01001032,1769,831,938
W01001046,1775,848,927
W01001047,1674,816,858
W01001053,1010,499,511
W01001054,1257,572,685
W01001029,1799,872,927
W01001030,1809,860,949
W01001044,1663,811,852
W01001045,1725,826,899
W01001105,2643,1313,1330
W01001127,1199,586,613
W01001128,1439,714,725
W01001082,1500,715,785
W01001083,1611,796,815
W01001084,1563,728,835
W01001085,1506,765,741
W01001113,2289,1147,1142
W01001119,1731,848,883
W01001135,1494,721,773
W01001136,1165,556,609
W01001075,1197,557,640
W01001076,1461,696,765
W01001077,1432,664,768
W01001078,1263,605,658
W01001104,1977,968,1009
W01001129,1384,671,713
W01001116,2101,969,1132
W01001123,1633,798,835
W01001124,1463,745,718
W01001125,1471,720,751
W01001126,1911,1009,902
W01001130,1279,627,652
W01001086,1491,726,765
W01001087,1543,746,797
W01001088,1827,848,979
W01001089,1468,694,774
W01001090,1470,708,762
W01001081,1552,715,837
W01001092,1706,813,893
W01001094,1333,592,741
W01001095,1509,696,813
W01001096,1374,667,707
W01001097,1679,801,878
W01001114,1565,762,803
W01001115,2170,1023,1147
W01001131,1753,814,939
W01001132,1370,650,720
W01001133,2029,1014,1015
W01001134,1144,536,608
W01001067,1380,633,747
W01001068,1767,833,934
W01001070,1143,600,543
W01001071,1577,787,790
W01001072,2676,1358,1318
W01001091,1662,820,842
W01001098,1071,501,570
W01001100,1500,722,778
W01001103,1244,580,664
W01001106,1423,693,730
W01001107,1547,728,819
W01001109,1473,701,772
W01001110,1570,743,827
W01001111,1482,695,787
W01001112,1441,705,736
W01001063,1742,863,879
W01001065,1595,767,828
W01001069,1459,733,726
W01001079,1615,745,870
W01001080,1581,763,818
W01001910,1656,842,814
W01001911,1195,591,604
W01001062,1381,669,712
W01001064,1445,658,787
W01001093,1798,850,948
W01001099,1341,644,697
W01001101,1500,763,737
W01001102,1545,725,820
W01001108,1685,866,819
W01001117,1416,699,717
W01001118,2380,1167,1213
W01001120,1380,677,703
W01001121,1545,781,764
W01001122,2950,1793,1157
W01001059,1320,659,661
W01001060,1436,668,768
W01001061,2144,1025,1119
W01001066,1575,751,824
W01001073,2001,1001,1000
W01001777,1496,738,758
W01001778,1873,930,943
W01001794,1420,653,767
W01001799,1279,604,675
W01001793,1427,694,733
W01001795,1547,746,801
W01001796,1491,708,783
W01001798,1481,697,784
W01001841,2025,969,1056
W01001842,1748,853,895
W01001843,2167,1070,1097
W01001844,2028,946,1082
W01001849,1558,737,821
W01001852,1817,848,969
W01001853,1562,734,828
W01001854,1572,711,861
W01001791,1625,774,851
W01001792,1701,837,864
W01001797,1439,705,734
W01001800,1565,735,830
W01001949,1281,609,672
W01001953,1499,731,768
W01001820,1196,598,598
W01001846,1727,851,876
W01001847,1535,759,776
W01001948,1618,782,836
W01001954,1537,750,787
W01001802,1588,746,842
W01001807,1567,708,859
W01001808,1634,739,895
W01001840,1752,870,882
W01001730,1489,707,782
W01001731,1446,699,747
W01001736,1395,656,739
W01001815,1353,643,710
W01001811,1503,706,797
W01001816,2625,1227,1398
W01001817,1406,665,741
W01001818,1528,740,788
W01001888,1686,824,862
W01001893,1871,880,991
W01001894,1589,767,822
W01001895,1634,838,796
W01001877,1710,839,871
W01001878,1574,710,864
W01001882,1824,893,931
W01001885,2017,938,1079
W01001773,2524,1234,1290
W01001848,1447,704,743
W01001850,1931,930,1001
W01001851,1482,727,755
W01001879,1904,876,1028
W01001880,1554,691,863
W01001881,1438,668,770
W01001884,1374,592,782
W01001727,1140,539,601
W01001728,1478,739,739
W01001729,2203,1058,1145
W01001819,2287,1095,1192
W01001803,1573,734,839
W01001804,1566,786,780
W01001805,1490,726,764
W01001806,1642,808,834
W01001866,1510,701,809
W01001867,1429,662,767
W01001883,1600,754,846
W01001886,1199,572,627
W01001809,1309,641,668
W01001810,1678,807,871
W01001812,1292,608,684
W01001813,1519,741,778
W01001814,1421,683,738
W01001769,1602,798,804
W01001770,1107,554,553
W01001771,1645,819,826
W01001774,1399,693,706
W01001732,1591,774,817
W01001733,2077,1073,1004
W01001734,1526,736,790
W01001735,1624,749,875
W01001887,1573,779,794
W01001889,1546,760,786
W01001891,1659,763,896
W01001892,1437,681,756
W01001896,1533,722,811
W01001772,1413,667,746
W01001775,1592,779,813
W01001776,1347,648,699
W01001890,1610,758,852
W01001863,1564,760,804
W01001864,1505,723,782
W01001865,1321,636,685
W01001868,1498,680,818
W01001785,1183,524,659
W01001786,1555,755,800
W01001787,1461,728,733
W01001788,1431,726,705
W01001789,1527,729,798
W01001790,1187,539,648
W01001821,1837,818,1019
W01001826,1353,635,718
W01001827,1610,745,865
W01001828,1535,747,788
W01001755,1432,734,698
W01001756,3809,1678,2131
W01001757,1493,730,763
W01001758,2056,916,1140
W01001779,1445,703,742
W01001780,1750,790,960
W01001781,1736,849,887
W01001782,1437,706,731
W01001783,1268,603,665
W01001784,1361,658,703
W01001747,1624,771,853
W01001748,1569,750,819
W01001749,1488,727,761
W01001751,1661,811,850
W01001718,1680,887,793
W01001719,2064,1001,1063
W01001720,1892,922,970
W01001722,1571,766,805
W01001726,1715,840,875
W01001822,1647,757,890
W01001823,1334,648,686
W01001824,1566,796,770
W01001825,1775,883,892
W01001831,1565,782,783
W01001836,1599,843,756
W01001837,1524,827,697
W01001838,1782,908,874
W01001839,1609,787,822
W01001750,1650,776,874
W01001752,1625,804,821
W01001753,1653,756,897
W01001754,1711,811,900
W01001721,2906,1336,1570
W01001724,1984,909,1075
W01001725,2214,1141,1073
W01001922,1976,1108,868
W01001939,1020,641,379
W01001941,1099,679,420
W01001829,1807,1006,801
W01001830,1638,918,720
W01001832,1787,1072,715
W01001833,1626,857,769
W01001834,1607,817,790
W01001835,1622,901,721
W01001858,1694,825,869
W01001859,1421,716,705
W01001860,1707,850,857
W01001861,1709,874,835
W01001714,1522,726,796
W01001715,1571,799,772
W01001716,1274,623,651
W01001717,1580,745,835
W01001694,1961,1055,906
W01001695,3243,1868,1375
W01001696,1553,778,775
W01001697,1646,818,828
W01001698,1968,1073,895
W01001870,1377,685,692
W01001871,1594,741,853
W01001875,2695,1307,1388
W01001876,1547,756,791
W01001869,1395,666,729
W01001872,1525,769,756
W01001873,1699,840,859
W01001874,1429,697,732
W01001737,1585,741,844
W01001738,1421,665,756
W01001739,1361,649,712
W01001740,1521,715,806
W01001741,1619,714,905
W01001709,1898,939,959
W01001710,1597,818,779
W01001711,1632,780,852
W01001712,1506,684,822
W01001713,1724,893,831
W01001704,1552,685,867
W01001706,1244,594,650
W01001707,2068,990,1078
W01001746,1542,708,834
W01001855,1799,923,876
W01001856,1852,1073,779
W01001857,1856,978,878
W01001862,1733,976,757
W01001742,1515,675,840
W01001743,1424,694,730
W01001744,1592,753,839
W01001745,1355,656,699
W01001764,1993,1039,954
W01001765,1418,747,671
W01001766,1663,846,817
W01001767,1658,859,799
W01001768,1691,876,815
W01001702,1850,879,971
W01001703,1266,622,644
W01001705,1776,841,935
W01001708,1562,764,798
W01001759,1588,794,794
W01001760,1693,807,886
W01001761,1790,943,847
W01001762,1745,865,880
W01001940,1111,643,468
W01001943,1098,608,490
W01001944,1027,580,447
W01001945,1303,760,543
W01001947,1504,751,753
W01001699,2198,1168,1030
W01001942,1355,711,644
W01001946,1339,702,637
W01001950,1082,605,477
W01001951,1016,582,434
W01001952,1238,644,594
W01001186,1753,859,894
W01001187,1393,719,674
W01001188,1038,498,540
W01001221,1467,672,795
W01001222,1596,751,845
W01001233,1700,845,855
W01001148,1662,810,852
W01001152,1584,779,805
W01001153,1499,732,767
W01001155,1534,718,816
W01001149,1428,692,736
W01001150,1670,780,890
W01001151,1679,820,859
W01001154,1405,676,729
W01001156,1546,772,774
W01001147,1801,852,949
W01001168,1457,668,789
W01001169,1726,896,830
W01001170,1218,581,637
W01001137,2389,1152,1237
W01001138,1362,656,706
W01001139,1473,738,735
W01001140,1432,714,718
W01001141,1617,791,826
W01001142,1592,794,798
W01001204,1321,624,697
W01001205,1588,773,815
W01001206,1482,691,791
W01001207,1387,672,715
W01001208,1596,750,846
W01001265,1535,732,803
W01001266,1343,651,692
W01001267,1423,708,715
W01001268,1426,710,716
W01001209,1403,696,707
W01001210,1449,700,749
W01001211,1595,768,827
W01001212,1342,645,697
W01001175,1439,684,755
W01001177,1279,634,645
W01001202,1780,899,881
W01001203,1380,660,720
W01001269,1416,681,735
W01001270,1445,702,743
W01001271,1620,815,805
W01001272,1545,752,793
W01001273,1668,802,866
W01001213,1361,634,727
W01001214,1299,634,665
W01001215,1037,514,523
W01001216,1535,747,788
W01001143,1600,789,811
W01001144,1606,781,825
W01001145,1765,883,882
W01001146,1419,693,726
W01001176,1460,715,745
W01001274,1344,652,692
W01001275,1807,891,916
W01001276,1395,684,711
W01001200,1009,479,530
W01001201,1238,613,625
W01001260,1091,514,577
W01001285,1451,689,762
W01001286,1535,755,780
W01001287,1456,731,725
W01001288,1412,697,715
W01001180,1463,699,764
W01001181,1396,690,706
W01001282,2000,975,1025
W01001283,1503,715,788
W01001284,1161,592,569
W01001166,1321,662,659
W01001167,1478,704,774
W01001247,1696,830,866
W01001248,2054,1060,994
W01001171,1260,605,655
W01001229,1433,749,684
W01001230,1603,788,815
W01001231,1540,746,794
W01001280,1631,796,835
W01001281,1689,823,866
W01001217,1202,601,601
W01001218,1541,761,780
W01001219,1332,662,670
W01001220,1479,725,754
W01001259,1691,818,873
W01001261,1258,632,626
W01001164,1551,763,788
W01001165,1304,615,689
W01001256,1222,596,626
W01001257,1267,618,649
W01001258,1265,613,652
W01001172,1492,722,770
W01001173,1368,686,682
W01001174,1385,649,736
W01001232,1394,690,704
W01001182,1479,734,745
W01001183,1011,525,486
W01001227,1334,656,678
W01001228,1502,751,751
W01001234,1456,706,750
W01001235,1685,792,893
W01001236,1516,715,801
W01001185,1625,798,827
W01001237,1467,682,785
W01001238,1673,774,899
W01001262,1356,724,632
W01001263,1711,932,779
W01001264,2083,1204,879
W01001178,1709,829,880
W01001179,1727,830,897
W01001253,1428,682,746
W01001255,1598,771,827
W01001914,1841,929,912
W01001917,1507,751,756
W01001249,1389,682,707
W01001250,1458,699,759
W01001251,1557,742,815
W01001252,1523,747,776
W01001162,1718,844,874
W01001244,1364,642,722
W01001245,1303,640,663
W01001246,1381,664,717
W01001184,1963,961,1002
W01001239,1365,673,692
W01001240,1945,949,996
W01001241,1727,841,886
W01001196,1575,787,788
W01001197,1258,629,629
W01001198,1556,761,795
W01001199,1710,820,890
W01001915,1774,872,902
W01001916,1529,745,784
W01001157,1386,662,724
W01001158,1491,746,745
W01001159,1279,621,658
W01001277,1211,591,620
W01001278,1154,588,566
W01001279,1182,548,634
W01001160,1594,797,797
W01001161,2224,1083,1141
W01001189,1663,804,859
W01001190,2531,1250,1281
W01001193,1213,593,620
W01001194,2165,1067,1098
W01001195,1498,741,757
W01001242,1357,675,682
W01001243,1377,652,725
W01001191,2494,1234,1260
W01001192,1491,726,765
W01001223,1593,780,813
W01001224,2129,1033,1096
W01001225,1574,767,807
W01001226,1719,800,919
W01001295,1574,754,820
W01001296,1677,822,855
W01001297,1890,958,932
W01001298,1785,865,920
W01001310,1630,798,832
W01001311,1192,608,584
W01001291,1845,906,939
W01001294,1644,818,826
W01001305,1292,617,675
W01001306,1549,758,791
W01001324,2033,984,1049
W01001292,1730,820,910
W01001293,1650,792,858
W01001307,1485,734,751
W01001315,1709,895,814
W01001314,2179,1078,1101
W01001316,2862,1420,1442
W01001317,1599,772,827
W01001318,1501,769,732
W01001289,1392,683,709
W01001302,1124,580,544
W01001303,1200,583,617
W01001304,1507,758,749
W01001312,1557,738,819
W01001313,1560,752,808
W01001290,1885,944,941
W01001319,1646,820,826
W01001320,1546,769,777
W01001321,1572,750,822
W01001322,1592,780,812
W01001299,1616,750,866
W01001300,1753,825,928
W01001301,1911,913,998
W01001308,1320,626,694
W01001309,1277,604,673
W01001898,1518,748,770
W01001374,1462,722,740
W01001375,1475,710,765
W01001376,1530,736,794
W01001406,1924,957,967
W01001428,1297,628,669
W01001429,1157,561,596
W01001360,1357,666,691
W01001361,1250,611,639
W01001384,1647,826,821
W01001385,1576,766,810
W01001386,1743,877,866
W01001325,1540,770,770
W01001326,2102,1045,1057
W01001362,2062,1002,1060
W01001336,1437,735,702
W01001337,1558,774,784
W01001338,1744,887,857
W01001339,1457,668,789
W01001334,1495,732,763
W01001335,1274,638,636
W01001347,1442,699,743
W01001351,1504,754,750
W01001356,1259,627,632
W01001357,1600,805,795
W01001358,1540,756,784
W01001359,1548,772,776
W01001390,1843,917,926
W01001391,1639,796,843
W01001352,1845,890,955
W01001353,1595,787,808
W01001387,1285,636,649
W01001388,1855,872,983
W01001389,1162,581,581
W01001414,1600,779,821
W01001415,1807,889,918
W01001416,1462,711,751
W01001417,1490,746,744
W01001418,1458,705,753
W01001348,1812,834,978
W01001349,1971,985,986
W01001350,1767,877,890
W01001392,1769,861,908
W01001380,1815,902,913
W01001381,1535,759,776
W01001382,1653,808,845
W01001383,1506,732,774
W01001401,1943,957,986
W01001402,1699,835,864
W01001403,1621,803,818
W01001404,1412,715,697
W01001405,1877,920,957
W01001363,1493,731,762
W01001364,1930,945,985
W01001365,2125,1031,1094
W01001369,2242,1111,1131
W01001377,1543,741,802
W01001378,1592,744,848
W01001379,1512,778,734
W01001432,2210,1082,1128
W01001433,1413,665,748
W01001434,1420,702,718
W01001327,2169,1087,1082
W01001328,1606,812,794
W01001329,1577,761,816
W01001354,1646,816,830
W01001355,1619,814,805
W01001430,2367,1142,1225
W01001431,1581,775,806
W01001407,1416,702,714
W01001408,1515,724,791
W01001409,1677,800,877
W01001410,1856,941,915
W01001411,1709,815,894
W01001412,1693,838,855
W01001413,1827,868,959
W01001330,1473,741,732
W01001331,1785,884,901
W01001332,1926,982,944
W01001333,1615,770,845
W01001366,1692,836,856
W01001367,1516,767,749
W01001368,1553,757,796
W01001393,1345,672,673
W01001397,1732,860,872
W01001400,1454,685,769
W01001340,1809,915,894
W01001341,1807,850,957
W01001344,1708,836,872
W01001346,1535,742,793
W01001342,1168,567,601
W01001343,1194,591,603
W01001345,1537,738,799
W01001419,1556,800,756
W01001371,1450,685,765
W01001372,1943,910,1033
W01001373,1692,839,853
W01001420,1305,629,676
W01001421,1543,729,814
W01001422,1572,766,806
W01001370,1686,818,868
W01001394,1377,705,672
W01001395,1455,692,763
W01001396,1666,796,870
W01001399,1316,652,664
W01001398,2507,1265,1242
W01001423,1417,690,727
W01001424,1497,693,804
W01001425,1620,792,828
W01001426,1381,698,683
W01001427,1835,903,932
W01001440,1380,668,712
W01001441,1248,611,637
W01001442,1238,614,624
W01001470,1482,734,748
W01001471,1752,856,896
W01001446,1273,603,670
W01001447,1570,767,803
W01001448,1238,648,590
W01001449,1449,723,726
W01001472,1473,742,731
W01001473,1399,646,753
W01001474,1549,784,765
W01001475,1209,584,625
W01001480,1495,713,782
W01001438,1425,675,750
W01001439,1685,843,842
W01001456,1321,627,694
W01001457,1709,784,925
W01001458,1531,760,771
W01001443,1369,714,655
W01001444,1933,939,994
W01001445,1506,742,764
W01001467,1946,937,1009
W01001468,1378,677,701
W01001469,1311,668,643
W01001462,1518,720,798
W01001463,1892,906,986
W01001478,1471,714,757
W01001479,1511,710,801
W01001481,1586,798,788
W01001450,1310,644,666
W01001451,1429,712,717
W01001452,1556,798,758
W01001459,1111,529,582
W01001460,1743,875,868
W01001461,1420,705,715
W01001435,1442,725,717
W01001436,1413,708,705
W01001437,1561,765,796
W01001453,1563,773,790
W01001454,1404,671,733
W01001455,1736,843,893
W01001464,1544,788,756
W01001465,1566,769,797
W01001466,1687,892,795
W01001476,1039,504,535
W01001477,1443,717,726
W01001487,1550,791,759
W01001488,1592,774,818
W01001489,1616,783,833
W01001490,1297,630,667
W01001482,1213,607,606
W01001483,1378,643,735
W01001484,1740,845,895
W01001485,1211,568,643
W01001486,1522,762,760
W01001525,1541,763,778
W01001529,2063,1034,1029
W01001530,1844,865,979
W01001531,1762,883,879
W01001491,1808,873,935
W01001496,1438,691,747
W01001523,1492,726,766
W01001524,1836,934,902
W01001540,1272,632,640
W01001541,1162,550,612
W01001510,1522,714,808
W01001511,1604,771,833
W01001512,1357,680,677
W01001513,1503,753,750
W01001514,1180,576,604
W01001515,1512,732,780
W01001516,1434,706,728
W01001517,1984,997,987
W01001518,1107,559,548
W01001519,1351,683,668
W01001520,1801,866,935
W01001521,1452,729,723
W01001522,1701,822,879
W01001537,1200,604,596
W01001493,1941,942,999
W01001494,1509,732,777
W01001495,1796,829,967
W01001507,2013,945,1068
W01001501,1344,665,679
W01001503,1395,665,730
W01001536,1229,578,651
W01001538,1327,624,703
W01001539,1472,690,782
W01001506,1401,715,686
W01001526,1341,634,707
W01001527,1206,581,625
W01001528,1118,540,578
W01001532,1756,833,923
W01001497,1527,720,807
W01001498,1176,561,615
W01001499,1203,604,599
W01001500,1323,638,685
W01001502,1329,645,684
W01001492,2335,1142,1193
W01001533,1637,827,810
W01001534,1484,746,738
W01001535,1335,667,668
W01001504,2045,983,1062
W01001505,2080,1018,1062
W01001508,1226,587,639
W01001509,1482,725,757
W01001545,1458,673,785
W01001548,2121,1048,1073
W01001557,1853,868,985
W01001571,1255,634,621
W01001579,1461,670,791
W01001546,1537,753,784
W01001558,1527,733,794
W01001580,1791,866,925
W01001909,2651,1281,1370
W01001561,1480,722,758
W01001562,1406,703,703
W01001563,1013,481,532
W01001564,2319,1125,1194
W01001569,1447,704,743
W01001552,1564,774,790
W01001553,2746,1342,1404
W01001554,1691,844,847
W01001576,1088,529,559
W01001577,1300,587,713
W01001599,2119,1024,1095
W01001566,1268,659,609
W01001567,1016,481,535
W01001568,1755,849,906
W01001575,1253,656,597
W01001581,1928,929,999
W01001555,1189,559,630
W01001556,1204,580,624
W01001560,1299,663,636
W01001565,1861,944,917
W01001596,1332,817,515
W01001597,1502,746,756
W01001549,1480,755,725
W01001583,1618,804,814
W01001585,1299,610,689
W01001586,2517,1213,1304
W01001594,1435,715,720
W01001595,1324,664,660
W01001559,1356,656,700
W01001584,1891,931,960
W01001587,1847,905,942
W01001592,1713,811,902
W01001593,1727,824,903
W01001542,1791,905,886
W01001543,1440,710,730
W01001578,2133,1089,1044
W01001590,2201,1120,1081
W01001551,1179,578,601
W01001588,1712,833,879
W01001589,1467,734,733
W01001598,1665,838,827
W01001908,2141,1041,1100
W01001572,1583,772,811
W01001573,1503,763,740
W01001574,1487,749,738
W01001582,1813,882,931
W01001591,1567,776,791
W01001623,1491,703,788
W01001624,1275,597,678
W01001625,1279,635,644
W01001626,1394,712,682
W01001627,1553,769,784
W01001628,1069,498,571
W01001651,1525,746,779
W01001652,1773,825,948
W01001653,1449,703,746
W01001654,1629,790,839
W01001655,1621,786,835
W01001617,1289,626,663
W01001618,1123,549,574
W01001619,1386,671,715
W01001620,1166,540,626
W01001621,1368,645,723
W01001622,1274,613,661
W01001639,1911,920,991
W01001640,1146,557,589
W01001641,1368,682,686
W01001649,1472,747,725
W01001650,1489,724,765
W01001614,1496,707,789
W01001615,1531,738,793
W01001616,1436,706,730
W01001678,1609,829,780
W01001601,1463,731,732
W01001681,1315,642,673
W01001682,1307,601,706
W01001683,1104,533,571
W01001684,1409,696,713
W01001675,1550,779,771
W01001676,1653,843,810
W01001677,1461,710,751
W01001679,1155,566,589
W01001680,1247,616,631
W01001606,1277,602,675
W01001608,1544,768,776
W01001663,1500,675,825
W01001665,1661,782,879
W01001669,1350,678,672
W01001670,2385,1202,1183
W01001672,1761,837,924
W01001673,1449,725,724
W01001674,1489,717,772
W01001664,1425,699,726
W01001666,1477,683,794
W01001667,1347,635,712
W01001668,1140,576,564
W01001611,1319,628,691
W01001612,1559,799,760
W01001613,1554,755,799
W01001691,1479,737,742
W01001692,1988,1058,930
W01001600,1584,776,808
W01001602,1513,718,795
W01001603,1388,700,688
W01001604,1466,717,749
W01001642,1691,810,881
W01001643,1486,716,770
W01001644,2681,1348,1333
W01001690,2216,1100,1116
W01001693,1781,1012,769
W01001605,1368,726,642
W01001685,1652,862,790
W01001686,1392,671,721
W01001687,1729,945,784
W01001607,1423,662,761
W01001609,1467,659,808
W01001610,1301,662,639
W01001645,1363,659,704
W01001646,2120,1032,1088
W01001647,1483,717,766
W01001648,1529,730,799
W01001635,1348,650,698
W01001637,1724,837,887
W01001638,1190,584,606
W01001671,1724,823,901
W01001629,1395,664,731
W01001630,1462,714,748
W01001631,1423,678,745
W01001632,1377,659,718
W01001659,1803,934,869
W01001660,1569,769,800
W01001661,2599,1329,1270
W01001662,1347,659,688
W01001633,1535,735,800
W01001634,1529,706,823
W01001688,2648,1277,1371
W01001689,1773,801,972
W01001636,1897,944,953
W01001657,1465,721,744
W01001658,1885,891,994
W01001912,1480,739,741
W01001913,1440,753,687
